	C:\Users\jkuzm\OneDrive - University of Massachusetts\HRSL x UMILL-PUMA Fatigue - Fatigue\Data\F01\FR3_static3.c3d _ImpedanceExport
	FP1
	COFP
	ORIGINAL
ITEM	Y
1	0.35814428
2	0.35552549
3	0.35654902
4	0.35572988
5	0.35396069
6	0.35728383
7	0.35840297
8	0.35663718
9	0.35809219
10	0.35663298
11	0.35587302
12	0.35766494
13	0.35545477
14	0.35871732
15	0.35864106
16	0.35756555
17	0.35832855
18	0.35781813
19	0.35409191
20	0.35759693
21	0.35792521
22	0.35521787
23	0.35762271
24	0.35811156
25	0.35884193
26	0.35769764
27	0.35534215
28	0.35583258
29	0.35833532
30	0.35318577
31	0.35848671
32	0.35704604
33	0.35726926
34	0.35757220
35	0.35590789
36	0.35586250
37	0.35756105
38	0.35490882
39	0.35732222
40	0.35750163
41	0.35694867
42	0.35714412
43	0.35696048
44	0.35757709
45	0.35699213
46	0.35647136
47	0.35455242
48	0.35680330
49	0.35679302
50	0.35675099
51	0.35680991
52	0.35646161
53	0.35594049
54	0.35770735
55	0.35328260
56	0.35716802
57	0.35765311
58	0.35691705
59	0.35777777
60	0.35526615
61	0.35437888
62	0.35795432
63	0.35721192
64	0.35693160
65	0.35720593
66	0.35630190
67	0.35814404
68	0.35687044
69	0.35462713
70	0.35630539
71	0.35611784
72	0.35418043
73	0.35710898
74	0.35683808
75	0.35692209
76	0.35693693
77	0.35487971
78	0.35650116
79	0.35719302
80	0.35429648
81	0.35729504
82	0.35791594
83	0.35563791
84	0.35756063
85	0.35689354
86	0.35473937
87	0.35704479
88	0.35463792
89	0.35639885
90	0.35803586
91	0.35687625
92	0.35778230
93	0.35582453
94	0.35354865
95	0.35604662
96	0.35662061
97	0.35377997
98	0.35718566
99	0.35611883
100	0.35689539
101	0.35729769
102	0.35528913
103	0.35563827
104	0.35631385
105	0.35291308
106	0.35760021
107	0.35642967
108	0.35652909
109	0.35697684
110	0.35513911
111	0.35047194
112	0.35634315
113	0.35409728
114	0.35625246
115	0.35567397
116	0.35540029
117	0.35620537
118	0.35589224
119	0.35363767
120	0.35652962
121	0.35630670
122	0.35372666
123	0.35734764
124	0.35690066
125	0.35696703
126	0.35633546
127	0.35481617
128	0.35566673
129	0.35671875
130	0.35294035
131	0.35769501
132	0.35693166
133	0.35673010
134	0.35699317
135	0.35513496
136	0.35424206
137	0.35670638
138	0.35432601
139	0.35662365
140	0.35561877
141	0.35467243
142	0.35596797
143	0.35518113
144	0.35340345
145	0.35518479
146	0.35481411
147	0.35236123
148	0.35787055
149	0.35641393
150	0.35583168
151	0.35646433
152	0.35486209
153	0.35471177
154	0.35628816
155	0.35280001
156	0.35558760
157	0.35669664
158	0.35441354
159	0.35339716
160	0.35490221
161	0.35486886
162	0.35606381
163	0.35409102
164	0.35532859
165	0.35587811
166	0.35571647
167	0.35584417
168	0.35584068
169	0.35317439
170	0.35486463
171	0.35513806
172	0.35350573
173	0.35542205
174	0.35559875
175	0.35653856
176	0.35559589
177	0.35464597
178	0.35575297
179	0.35783839
180	0.35249758
181	0.35731760
182	0.35619113
183	0.35513413
184	0.35563222
185	0.35403168
186	0.35344443
187	0.35469627
188	0.35326231
189	0.35461581
190	0.35536054
191	0.35433960
192	0.35520342
193	0.35431573
194	0.35316506
195	0.35422075
196	0.35545394
197	0.35181373
198	0.35656717
199	0.35509393
200	0.35575831
201	0.35472679
202	0.35289294
203	0.35319245
204	0.35438582
205	0.35179967
206	0.35550964
207	0.35683128
208	0.35520738
209	0.35592443
210	0.35421470
211	0.35344335
212	0.35550198
213	0.35362244
214	0.35554725
215	0.35624221
216	0.35475343
217	0.35531735
218	0.35566935
219	0.35342422
220	0.35389557
221	0.35448936
222	0.35170329
223	0.35486388
224	0.35480815
225	0.35407361
226	0.35462990
227	0.35337582
228	0.35403803
229	0.35560048
230	0.35093775
231	0.35551995
232	0.35546362
233	0.35482204
234	0.35580149
235	0.35345572
236	0.34866896
237	0.35485148
238	0.35234648
239	0.35418099
240	0.35518351
241	0.35447124
242	0.35484183
243	0.35397381
244	0.35055909
245	0.35492688
246	0.35423708
247	0.35130078
248	0.35536551
249	0.35514161
250	0.35451937
251	0.35435697
252	0.35135105
253	0.35404086
254	0.35446844
255	0.35154662
256	0.35621476
257	0.35512665
258	0.35410786
259	0.35485038
260	0.35352871
261	0.35328132
262	0.35437849
263	0.35328084
264	0.35348105
265	0.35241523
266	0.35444078
267	0.35510892
268	0.35498235
269	0.35240507
270	0.35286403
271	0.35435271
272	0.35178095
273	0.35567838
274	0.35489148
275	0.35478657
276	0.35518447
277	0.35244396
278	0.35300928
279	0.35555676
280	0.35094857
281	0.35598204
282	0.35438934
283	0.35414425
284	0.36482748
285	0.35361582
286	0.35253164
287	0.35495707
288	0.35268778
289	0.35430363
290	0.35447326
291	0.35390571
292	0.35451043
293	0.35248420
294	0.35174435
295	0.35348946
296	0.35418150
297	0.35195071
298	0.35524011
299	0.35461980
300	0.35600117
301	0.35554969
302	0.35354272
303	0.35757250
304	0.35458189
305	0.35154980
306	0.35554647
307	0.35583723
308	0.35378250
309	0.35452589
310	0.35380557
311	0.35260248
312	0.35475129
313	0.35376263
314	0.35495582
315	0.35479322
316	0.35494661
317	0.35589731
318	0.35539511
319	0.35287571
320	0.35394555
321	0.35384288
322	0.35273677
323	0.35567534
324	0.35586351
325	0.35491148
326	0.35504225
327	0.35326359
328	0.35427406
329	0.35470399
330	0.35174680
331	0.35512218
332	0.35989836
333	0.35488001
334	0.35654542
335	0.35380021
336	0.35247552
337	0.35479632
338	0.35456306
339	0.35491002
340	0.35583946
341	0.35531548
342	0.35599551
343	0.35493317
344	0.35332668
345	0.35528502
346	0.35538420
347	0.35270050
348	0.35589245
349	0.35566270
350	0.35577068
351	0.35577157
352	0.35383806
353	0.35489267
354	0.35535499
355	0.35279047
356	0.35559964
357	0.35589135
358	0.35460833
359	0.35572943
360	0.35410845
361	0.35523412
362	0.35576883
363	0.35377896
364	0.35532287
365	0.35570017
366	0.35539052
367	0.35630041
368	0.35551685
369	0.35247406
370	0.35432601
371	0.35503528
372	0.35227489
373	0.35572821
374	0.35546821
375	0.35630846
376	0.35619941
377	0.35267371
378	0.35506976
379	0.35684350
380	0.35314846
381	0.35650855
382	0.35636160
383	0.35556000
384	0.35694879
385	0.35462630
386	0.35375622
387	0.35587746
388	0.35421976
389	0.35674906
390	0.35584313
391	0.35604334
392	0.35655949
393	0.35585812
394	0.35385868
395	0.35568735
396	0.35601094
397	0.35278562
398	0.35686409
399	0.35473540
400	0.35545459
401	0.35655931
402	0.35444653
403	0.35469267
404	0.35552388
405	0.35239643
406	0.35701326
407	0.35661721
408	0.35593447
409	0.35870951
410	0.35642844
411	0.35462064
412	0.35642424
413	0.35460833
414	0.35519314
415	0.35673973
416	0.35640559
417	0.35680425
418	0.35710719
419	0.35463250
420	0.35647014
421	0.35599712
422	0.35336721
423	0.35698822
424	0.35745549
425	0.35643926
426	0.35676572
427	0.35436434
428	0.35644355
429	0.35633314
430	0.35297683
431	0.35688046
432	0.35706064
433	0.35558042
434	0.35719737
435	0.35532889
436	0.35524437
437	0.35617575
438	0.35382006
439	0.35584077
440	0.35622591
441	0.35666132
442	0.35650489
443	0.35561892
444	0.35413975
445	0.35591856
446	0.35657892
447	0.35257864
448	0.35635561
449	0.35601190
450	0.35596579
451	0.35709348
452	0.35504881
453	0.35516030
454	0.35638380
455	0.35286307
456	0.35730216
457	0.35699257
458	0.35550743
459	0.35624421
460	0.35499689
461	0.35349733
462	0.35693192
463	0.35501671
464	0.35580081
465	0.35653955
466	0.35732147
467	0.35662535
468	0.35717946
469	0.35473451
470	0.35572520
471	0.35679299
472	0.35334483
473	0.35704523
474	0.35708120
475	0.35722765
476	0.35476756
477	0.35462746
478	0.35506499
479	0.35652447
480	0.35278237
481	0.35728198
482	0.35673553
483	0.35634938
484	0.35761327
485	0.35545722
486	0.35531080
487	0.35668126
488	0.35525110
489	0.35594893
490	0.35666096
491	0.35734969
492	0.35724887
493	0.35674885
494	0.35496491
495	0.35695580
496	0.35696894
497	0.35348463
498	0.35682240
499	0.35750064
500	0.35615328
501	0.35766512
502	0.35456538
503	0.35524878
504	0.35641760
505	0.35103840
506	0.35790142
507	0.35720870
508	0.35623187
509	0.35710967
510	0.35613540
511	0.35445911
512	0.35693645
513	0.35557732
514	0.35603842
515	0.35826463
516	0.35646239
517	0.35737783
518	0.35741997
519	0.35489887
520	0.35735652
521	0.35636964
522	0.35434139
523	0.36019376
524	0.35776392
525	0.35653162
526	0.35791185
527	0.35582402
528	0.35723373
529	0.35766149
530	0.35500643
531	0.35809228
532	0.35803914
533	0.35680756
534	0.35683841
535	0.35622677
536	0.35468030
537	0.35716879
538	0.35654825
539	0.35581782
540	0.35759071
541	0.35681418
542	0.35818177
543	0.35737959
544	0.35599485
545	0.35682642
546	0.35764226
547	0.35475171
548	0.35758510
549	0.35777220
550	0.35780954
551	0.35822061
552	0.35431060
553	0.35627139
554	0.35794854
555	0.35389057
556	0.35780865
557	0.35699239
558	0.35705712
559	0.35793415
560	0.35688519
561	0.35496330
562	0.35676607
563	0.35809499
564	0.35571533
565	0.35908937
566	0.35650420
567	0.35899657
568	0.35825086
569	0.35570589
570	0.35699561
571	0.35896346
572	0.35771921
573	0.35921106
574	0.35876012
575	0.35915691
576	0.35930428
577	0.35667154
578	0.35721609
579	0.35875952
580	0.35468283
581	0.35873693
582	0.35940918
583	0.35722473
584	0.35769388
585	0.35708758
586	0.35645202
587	0.35760239
588	0.35613003
589	0.35694933
590	0.35789493
591	0.35850960
592	0.35828659
593	0.35717386
594	0.35586950
595	0.35809475
596	0.35839599
597	0.35540846
598	0.35863197
599	0.35915920
600	0.35934016
601	0.35669476
602	0.35596380
603	0.35594603
604	0.35777915
605	0.35381815
606	0.35858536
607	0.35895634
608	0.35705647
609	0.35901287
610	0.35602328
611	0.35531476
612	0.35863397
613	0.35649660
614	0.35752785
615	0.35900795
616	0.35814437
617	0.35820457
618	0.35825661
619	0.35589370
620	0.35462129
621	0.35842457
622	0.35461792
623	0.35841152
624	0.35935134
625	0.35906065
626	0.35933873
627	0.35732767
628	0.35729167
629	0.35906947
630	0.35518706
631	0.35942355
632	0.35845724
633	0.35758221
634	0.35952145
635	0.35766211
636	0.35552466
637	0.35784343
638	0.35660961
639	0.35705832
640	0.35965809
641	0.35827529
642	0.35801217
643	0.35697138
644	0.35532770
645	0.35793927
646	0.35786813
647	0.35576215
648	0.35926974
649	0.36051899
650	0.35874525
651	0.35864168
652	0.35651267
653	0.35701594
654	0.35838684
655	0.35537869
656	0.35786316
657	0.35898221
658	0.35751450
659	0.35816661
660	0.35801065
661	0.35559210
662	0.35828122
663	0.35695490
664	0.35645607
665	0.35867587
666	0.35879177
667	0.35424986
668	0.35746431
669	0.35499278
670	0.35686526
671	0.35720527
672	0.35493514
673	0.35839549
674	0.35820821
675	0.35906121
676	0.35863224
677	0.35671756
678	0.35652161
679	0.35856727
680	0.35541627
681	0.35832545
682	0.35860059
683	0.35746855
684	0.35918456
685	0.35689065
686	0.35546437
687	0.35731548
688	0.35604134
689	0.35672307
690	0.35732165
691	0.35810003
692	0.35746130
693	0.35670766
694	0.35573334
695	0.35708964
696	0.35772565
697	0.35421631
698	0.35852122
699	0.35837209
700	0.35864753
701	0.35919961
702	0.35687461
703	0.35666743
704	0.35832828
705	0.35632971
706	0.35832298
707	0.35837337
708	0.35740104
709	0.35863680
710	0.35711703
711	0.35531279
712	0.35852554
713	0.35684517
714	0.35655171
715	0.35741222
716	0.35908297
717	0.35864446
718	0.35803175
719	0.35500470
720	0.35722294
721	0.35707137
722	0.35345301
723	0.35671124
724	0.35732850
725	0.35547364
726	0.35742149
727	0.35613307
728	0.35696620
729	0.35774726
730	0.35552365
731	0.35786459
732	0.35761884
733	0.35723218
734	0.35838580
735	0.35697731
736	0.35537636
737	0.35745236
738	0.35628894
739	0.35671782
740	0.35819542
741	0.35865808
742	0.35835361
743	0.35829112
744	0.35499561
745	0.35873383
746	0.35776418
747	0.35477272
748	0.35932714
749	0.35837233
750	0.35867256
751	0.35906312
752	0.35592455
753	0.35470766
754	0.35590616
755	0.35333472
756	0.35808200
757	0.35766920
758	0.35614341
759	0.35703817
760	0.35586342
761	0.35468772
762	0.35789081
763	0.35630077
764	0.35573080
765	0.35815525
766	0.35655645
767	0.35790527
768	0.35783213
769	0.35569665
770	0.35688800
771	0.35661998
772	0.35375643
773	0.35735258
774	0.35839042
775	0.35756162
776	0.35732636
777	0.35612381
778	0.35710210
779	0.35810417
780	0.35479802
781	0.35784769
782	0.35862735
783	0.35805637
784	0.35755515
785	0.35725245
786	0.35643595
787	0.35813648
788	0.35706657
789	0.35730183
790	0.35905129
791	0.35803804
792	0.35674217
793	0.36096421
794	0.35563675
795	0.35640016
796	0.35814282
797	0.35359424
798	0.35854632
799	0.35807091
800	0.35949579
801	0.35925621
802	0.35475355
803	0.35755694
804	0.35615620
805	0.35379857
806	0.35741571
807	0.35798886
808	0.35641554
809	0.35751039
810	0.35614848
811	0.35589784
812	0.36062112
813	0.35586751
814	0.35567650
815	0.35667852
816	0.35813683
817	0.35753039
818	0.35859624
819	0.35592306
820	0.35639754
821	0.35770464
822	0.35430202
823	0.35906467
824	0.35885200
825	0.35816607
826	0.35826296
827	0.35704103
828	0.35732237
829	0.35858253
830	0.35446694
831	0.35852912
832	0.35757691
833	0.35795707
834	0.35925597
835	0.35713089
836	0.35481617
837	0.35754132
838	0.35692266
839	0.35678601
840	0.35879272
841	0.35734686
842	0.35776499
843	0.35688925
844	0.35599706
845	0.35784984
846	0.35757089
847	0.35495546
848	0.35774496
849	0.35783479
850	0.35805422
851	0.35876253
852	0.35641080
853	0.35609949
854	0.35750431
855	0.35520896
856	0.35805601
857	0.35746935
858	0.35653272
859	0.35745567
860	0.35335261
861	0.35542268
862	0.35785943
863	0.35649738
864	0.35619321
865	0.35761541
866	0.35716617
867	0.35821596
868	0.35700059
869	0.35447928
870	0.35842326
871	0.35746461
872	0.35557106
873	0.35882145
874	0.35951248
875	0.35911995
876	0.35839704
877	0.35698390
878	0.35726717
879	0.35745078
880	0.35526526
881	0.35848871
882	0.35796925
883	0.35717565
884	0.35842553
885	0.35686773
886	0.35484308
887	0.35789347
888	0.35715279
889	0.35674191
890	0.35678944
891	0.35687932
892	0.35820255
893	0.35751596
894	0.35516813
895	0.35662737
896	0.35744977
897	0.35607380
898	0.35865551
899	0.35673606
900	0.35720569
901	0.35788861
902	0.35570344
903	0.35737792
904	0.35795021
905	0.35520315
906	0.35784975
907	0.35808071
908	0.35536560
909	0.35812238
910	0.35725820
911	0.35561043
912	0.35792160
913	0.35639036
914	0.35600796
915	0.35707378
916	0.35728312
917	0.35776225
918	0.35767639
919	0.35565937
920	0.35697335
921	0.35797274
922	0.35312077
923	0.35812581
924	0.35843658
925	0.35746986
926	0.35713345
927	0.35655379
928	0.35672787
929	0.35853374
930	0.35533315
931	0.35672447
932	0.35785609
933	0.35704514
934	0.35739741
935	0.35621673
936	0.35480943
937	0.34840593
938	0.35552859
939	0.35464463
940	0.35680810
941	0.35673690
942	0.35738859
943	0.35621649
944	0.35472378
945	0.35706517
946	0.35695869
947	0.35432312
948	0.35783541
949	0.35807469
950	0.35761568
951	0.35788074
952	0.35622391
953	0.35632655
954	0.35801747
955	0.35392702
956	0.35633779
957	0.35744366
958	0.35701525
959	0.35789612
960	0.35576445
961	0.35604391
962	0.35675976
963	0.35571504
964	0.35540232
965	0.35826758
966	0.35559940
967	0.35707653
968	0.35662779
969	0.35506567
970	0.35581157
971	0.35618478
972	0.35250837
973	0.35603243
974	0.35695362
975	0.35633010
976	0.35671395
977	0.35550886
978	0.35442924
979	0.35706002
980	0.35395834
981	0.35688099
982	0.35710627
983	0.35681409
984	0.35748225
985	0.35178488
986	0.35327476
987	0.35599059
988	0.35543290
989	0.35499039
990	0.35688165
991	0.35685146
992	0.35657543
993	0.35463840
994	0.35440448
995	0.35443842
996	0.35689053
997	0.35281006
998	0.35719100
999	0.35635653
1000	0.35579801
1001	0.35702851
1002	0.35459241
1003	0.35435680
1004	0.35514423
1005	0.35432461
1006	0.35599890
1007	0.35802272
1008	0.35580778
1009	0.35698941
1010	0.35549062
1011	0.35413617
1012	0.35642079
1013	0.35481611
1014	0.35137770
1015	0.35689455
1016	0.35651395
1017	0.35719123
1018	0.35679558
1019	0.35403350
1020	0.35537270
1021	0.35609508
1022	0.35406110
1023	0.35682449
1024	0.35717067
1025	0.35692292
1026	0.35601088
1027	0.35482985
1028	0.35543582
1029	0.35706213
1030	0.35365450
1031	0.35682166
1032	0.35808676
1033	0.36146411
1034	0.35697860
1035	0.35619518
1036	0.35346636
1037	0.35529843
1038	0.35612825
1039	0.35461688
1040	0.35619801
1041	0.35572422
1042	0.35403952
1043	0.35536006
1044	0.35458872
1045	0.35573396
1046	0.35683262
1047	0.35227501
1048	0.35691842
1049	0.35644892
1050	0.35730305
1051	0.35705802
1052	0.35724756
1053	0.35468683
1054	0.35602182
1055	0.35355002
1056	0.35655075
1057	0.35724545
1058	0.35651970
1059	0.35653004
1060	0.35636845
1061	0.35478884
1062	0.35425228
1063	0.35667017
1064	0.35573828
1065	0.35679471
1066	0.35707265
1067	0.35647875
1068	0.35645458
1069	0.35497317
1070	0.35464203
1071	0.35738620
1072	0.35370886
1073	0.35752803
1074	0.35739738
1075	0.35773996
1076	0.35674441
1077	0.35675296
1078	0.35608891
1079	0.35804248
1080	0.35500661
1081	0.36055300
1082	0.35728750
1083	0.35759139
1084	0.35720626
1085	0.35655153
1086	0.35399503
1087	0.35750797
1088	0.35546646
1089	0.35373414
1090	0.35627520
1091	0.35788333
1092	0.35649925
1093	0.35661921
1094	0.35425478
1095	0.35625368
1096	0.35648790
1097	0.35386065
1098	0.35759887
1099	0.35830930
1100	0.35718051
1101	0.35845551
1102	0.35552636
1103	0.35503665
1104	0.35701400
1105	0.35571209
1106	0.35722315
1107	0.35849935
1108	0.35767320
1109	0.35808653
1110	0.35843524
1111	0.35634226
1112	0.35745567
1113	0.35705674
1114	0.35612646
1115	0.35774893
1116	0.35769233
1117	0.35796246
1118	0.35828701
1119	0.35559607
1120	0.35615700
1121	0.35887384
1122	0.35436368
1123	0.35842201
1124	0.35948241
1125	0.35762668
1126	0.35870358
1127	0.35687080
1128	0.35663712
1129	0.35948431
1130	0.35552078
1131	0.35769236
1132	0.35793808
1133	0.35722843
1134	0.35721362
1135	0.35661703
1136	0.35488719
1137	0.35746187
1138	0.35639983
1139	0.35456926
1140	0.35781693
1141	0.35676301
1142	0.35789698
1143	0.35803968
1144	0.35455582
1145	0.35656285
1146	0.35754883
1147	0.35358238
1148	0.35665274
1149	0.35777381
1150	0.35789254
1151	0.35830790
1152	0.35602456
1153	0.35597011
1154	0.35821447
1155	0.35522902
1156	0.35748655
1157	0.35794687
1158	0.35971004
1159	0.35840765
1160	0.35700583
1161	0.35575542
1162	0.35866815
1163	0.35795242
1164	0.35528404
1165	0.35896793
1166	0.35822904
1167	0.35807407
1168	0.35907716
1169	0.35575813
1170	0.35609156
1171	0.35684642
1172	0.35390466
1173	0.35859993
1174	0.35746539
1175	0.35655475
1176	0.35643074
1177	0.35628363
1178	0.35537958
1179	0.35761219
1180	0.35516894
1181	0.35784814
1182	0.35777125
1183	0.35684955
1184	0.35916629
1185	0.35724613
1186	0.35602397
1187	0.35836950
1188	0.35587370
1189	0.35482639
1190	0.35752729
1191	0.35745069
1192	0.35771254
1193	0.35750648
1194	0.35555571
1195	0.35621449
1196	0.35815766
1197	0.35350895
1198	0.35754484
1199	0.35863584
1200	0.35761252
1201	0.35952660
1202	0.35579333
1203	0.35709098
1204	0.35736600
1205	0.35600075
1206	0.36007681
1207	0.35908127
1208	0.35874537
1209	0.35824367
1210	0.35702944
1211	0.35633975
1212	0.35771689
1213	0.35812384
1214	0.35622576
1215	0.35817337
1216	0.35843587
1217	0.35823599
1218	0.35873169
1219	0.35554719
1220	0.35644436
1221	0.35791937
1222	0.35443911
1223	0.35814023
1224	0.35708857
1225	0.35574362
1226	0.35815179
1227	0.35765132
1228	0.35612562
1229	0.35874683
1230	0.35501596
1231	0.35816586
1232	0.35860917
1233	0.35714740
1234	0.35915971
1235	0.35883135
1236	0.35614997
1237	0.35715100
1238	0.35699263
1239	0.35599762
1240	0.35838440
1241	0.35834351
1242	0.35789156
1243	0.35728580
1244	0.35691187
1245	0.35727260
1246	0.35863575
1247	0.35564223
1248	0.35753551
1249	0.35936081
1250	0.35849494
1251	0.35850883
1252	0.35695291
1253	0.35560638
1254	0.35776040
1255	0.35676643
1256	0.35784334
1257	0.35829395
1258	0.35700095
1259	0.35765505
1260	0.35831627
1261	0.35582867
1262	0.35797879
1263	0.35738871
1264	0.35547507
1265	0.35869995
1266	0.35830566
1267	0.35912877
1268	0.35928383
1269	0.35526147
1270	0.35739025
1271	0.35765103
1272	0.35608846
1273	0.35889807
1274	0.35801092
1275	0.35829756
1276	0.35828632
1277	0.35688174
1278	0.35600784
1279	0.35803673
1280	0.35590491
1281	0.35706329
1282	0.35713130
1283	0.35774791
1284	0.35849535
1285	0.35759759
1286	0.35621423
1287	0.35733137
1288	0.35755050
1289	0.35644114
1290	0.35841191
1291	0.35779807
1292	0.35857123
1293	0.35851356
1294	0.35537231
1295	0.35720113
1296	0.35846069
1297	0.35475996
1298	0.35863370
1299	0.35824454
1300	0.35809445
1301	0.35861462
1302	0.35675803
1303	0.35619164
1304	0.35686627
1305	0.35612372
1306	0.35693449
1307	0.35790476
1308	0.35736138
1309	0.35828894
1310	0.35799652
1311	0.35591534
1312	0.35897538
1313	0.35782525
1314	0.35525355
1315	0.35883677
1316	0.35836899
1317	0.35942018
1318	0.35922909
1319	0.35681960
1320	0.35743561
1321	0.36165467
1322	0.35632136
1323	0.35904759
1324	0.35794351
1325	0.35818762
1326	0.35821733
1327	0.35688373
1328	0.35618690
1329	0.35847807
1330	0.35517180
1331	0.35737607
1332	0.35834539
1333	0.35691473
1334	0.35779914
1335	0.35694027
1336	0.35544151
1337	0.35693595
1338	0.35759529
1339	0.35606182
1340	0.35851339
1341	0.35810986
1342	0.35899734
1343	0.35874024
1344	0.35650563
1345	0.35760844
1346	0.35824969
1347	0.35494030
1348	0.35837013
1349	0.35964280
1350	0.35667223
1351	0.35886320
1352	0.35697368
1353	0.35546288
1354	0.35768479
1355	0.35636041
1356	0.35804126
1357	0.35834160
1358	0.35848412
1359	0.35782692
1360	0.35733658
1361	0.35653505
1362	0.35860044
1363	0.35838410
1364	0.35640517
1365	0.35890040
1366	0.35877842
1367	0.35834575
1368	0.36004734
1369	0.35606158
1370	0.35848588
1371	0.35877672
1372	0.35497954
1373	0.35887074
1374	0.35927111
1375	0.35834256
1376	0.35868761
1377	0.35790926
1378	0.35671514
1379	0.35856771
1380	0.35571209
1381	0.35795763
1382	0.35857844
1383	0.35979772
1384	0.35966760
1385	0.35822800
1386	0.35638309
1387	0.35904950
1388	0.35796547
1389	0.35571101
1390	0.35822180
1391	0.35803378
1392	0.35889715
1393	0.35862917
1394	0.35635224
1395	0.35687208
1396	0.35880095
1397	0.35642621
1398	0.36120421
1399	0.35920134
1400	0.35819417
1401	0.35839319
1402	0.35678339
1403	0.35673493
1404	0.35818666
1405	0.35628891
1406	0.35871592
1407	0.35799295
1408	0.35795799
1409	0.35803056
1410	0.35789406
1411	0.35671130
1412	0.35808420
1413	0.35721099
1414	0.35605720
1415	0.35888085
1416	0.35506785
1417	0.35708418
1418	0.35952362
1419	0.35548344
1420	0.35650429
1421	0.35765478
1422	0.35577360
1423	0.35865790
1424	0.35895973
1425	0.35764107
1426	0.36031052
1427	0.35751200
1428	0.35660154
1429	0.35847756
1430	0.35573250
1431	0.35761347
1432	0.35839337
1433	0.35737866
1434	0.35734957
1435	0.35787570
1436	0.35651502
1437	0.35637295
1438	0.35644728
1439	0.35664967
1440	0.35757551
1441	0.35810786
1442	0.35839090
1443	0.35640058
1444	0.35563940
1445	0.35690773
1446	0.35710356
1447	0.35388961
1448	0.35858187
1449	0.35901481
1450	0.35731065
1451	0.35946149
1452	0.35559052
1453	0.35622895
1454	0.35797122
1455	0.35593018
1456	0.35677350
1457	0.35817066
1458	0.35778928
1459	0.35856369
1460	0.35715243
1461	0.35641345
1462	0.35700291
1463	0.35739464
1464	0.35475647
1465	0.35743022
1466	0.35721657
1467	0.35832033
1468	0.35835117
1469	0.35678378
1470	0.35743862
1471	0.35781783
1472	0.35566321
1473	0.35916367
1474	0.35844481
1475	0.35892648
1476	0.35848573
1477	0.35670787
1478	0.35618559
1479	0.35826588
1480	0.35594895
1481	0.35740316
1482	0.35832530
1483	0.35719174
1484	0.35851470
1485	0.35771781
1486	0.35611293
1487	0.35733345
1488	0.35727301
1489	0.35569009
1490	0.35862210
1491	0.35893095
1492	0.35893095
1493	0.35793009
1494	0.35499862
1495	0.35714301
1496	0.35837156
1497	0.35398063
1498	0.35747799
1499	0.35757941
1500	0.35739988
1501	0.35811409
1502	0.35483629
1503	0.35502970
1504	0.35546219
1505	0.35545877
1506	0.35617739
1507	0.35696539
1508	0.35678694
1509	0.35765803
1510	0.35745797
1511	0.35497981
1512	0.35994363
1513	0.35735762
1514	0.35572490
1515	0.35816234
1516	0.35833815
1517	0.35842890
1518	0.35953575
1519	0.35616753
1520	0.35749456
1521	0.35789305
1522	0.35516632
1523	0.35923576
1524	0.36002636
1525	0.35825127
1526	0.35859081
1527	0.35737395
1528	0.35562748
1529	0.35892096
1530	0.35627809
1531	0.35724318
1532	0.35870785
1533	0.35757050
1534	0.35847864
1535	0.35794565
1536	0.35540661
1537	0.35705021
1538	0.35724634
1539	0.35451964
1540	0.35830081
1541	0.35591239
1542	0.36120111
1543	0.35733163
1544	0.35495287
1545	0.35646799
1546	0.35744080
1547	0.35414043
1548	0.35716930
1549	0.35774162
1550	0.35764846
1551	0.35806912
1552	0.35664913
1553	0.35503656
1554	0.35624495
1555	0.35514063
1556	0.35666502
1557	0.35764900
1558	0.35739493
1559	0.35707125
1560	0.35751426
1561	0.35729900
1562	0.35718304
1563	0.35703275
1564	0.35513866
1565	0.35725957
1566	0.35625696
1567	0.35748488
1568	0.35850829
1569	0.35514674
1570	0.35551882
1571	0.35649467
1572	0.35374627
1573	0.35778695
1574	0.35895267
1575	0.35725239
1576	0.35873452
1577	0.35681137
1578	0.35564712
1579	0.35635871
1580	0.35665566
1581	0.35637006
1582	0.35792160
1583	0.35664380
1584	0.35854048
1585	0.35647362
1586	0.35449061
1587	0.35613862
1588	0.35646477
1589	0.35454863
1590	0.36156258
1591	0.35713136
1592	0.35820323
1593	0.35717461
1594	0.35503566
1595	0.35616007
1596	0.35778058
1597	0.35345137
1598	0.35713959
1599	0.35795346
1600	0.35783148
1601	0.35782820
1602	0.35653991
1603	0.35626063
1604	0.35711855
1605	0.35468131
1606	0.35676181
1607	0.35728946
1608	0.35820350
1609	0.35192990
1610	0.35595304
1611	0.35456970
1612	0.35705268
1613	0.35754254
1614	0.35388660
1615	0.35747781
1616	0.35777771
1617	0.35786477
1618	0.35871840
1619	0.35584608
1620	0.35556319
1621	0.35734117
1622	0.35516712
1623	0.35736388
1624	0.35762799
1625	0.35724655
1626	0.35901776
1627	0.35631147
1628	0.35541722
1629	0.35821491
1630	0.35483620
1631	0.35736170
1632	0.35742897
1633	0.35744190
1634	0.35714084
1635	0.35663518
1636	0.35475850
1637	0.35651889
1638	0.35624999
1639	0.35400078
1640	0.35760424
1641	0.35693851
1642	0.35772142
1643	0.35648733
1644	0.35535094
1645	0.35660532
1646	0.35929659
1647	0.35493556
1648	0.35678530
1649	0.35733327
1650	0.35759556
1651	0.35763192
1652	0.35584450
1653	0.35529527
1654	0.35646403
1655	0.35512590
1656	0.35568842
1657	0.35423288
1658	0.35690153
1659	0.35672790
1660	0.35664806
1661	0.35491535
1662	0.35630330
1663	0.35601440
1664	0.35328600
1665	0.35766706
1666	0.35778689
1667	0.35564706
1668	0.35750452
1669	0.35546705
1670	0.35590279
1671	0.35657817
1672	0.35484335
1673	0.35816875
1674	0.35865802
1675	0.35823917
1676	0.35829943
1677	0.35697585
1678	0.35615301
1679	0.35791591
1680	0.35771635
1681	0.35691530
1682	0.35794091
1683	0.35790047
1684	0.35825479
1685	0.35807651
1686	0.35468367
1687	0.35668451
1688	0.35711396
1689	0.35406661
1690	0.35775396
1691	0.35783997
1692	0.35856116
1693	0.35732740
1694	0.35635656
1695	0.35492098
1696	0.35838890
1697	0.35553491
1698	0.35822031
1699	0.35807261
1700	0.35778823
1701	0.35816091
1702	0.35613936
1703	0.35488066
1704	0.35788539
1705	0.35538673
1706	0.35563490
1707	0.35672197
1708	0.35634524
1709	0.35704708
1710	0.35651308
1711	0.35410783
1712	0.35600221
1713	0.35641313
1714	0.35569805
1715	0.35759214
1716	0.35827962
1717	0.35857031
1718	0.35951644
1719	0.35659197
1720	0.35672250
1721	0.35753164
1722	0.35517153
1723	0.35886347
1724	0.35904309
1725	0.35748976
1726	0.35794619
1727	0.35790634
1728	0.35649768
1729	0.35861093
1730	0.35808468
1731	0.35696658
1732	0.35889325
1733	0.35907006
1734	0.35598305
1735	0.35844806
1736	0.35658622
1737	0.35861054
1738	0.35777664
1739	0.35506606
1740	0.35814303
1741	0.35954484
1742	0.35595426
1743	0.35869184
1744	0.35613126
1745	0.35666409
1746	0.35730666
1747	0.35557446
1748	0.35772541
1749	0.35828999
1750	0.35877123
1751	0.35751790
1752	0.35788703
1753	0.35625750
1754	0.35811719
1755	0.35596552
1756	0.35775369
1757	0.35838345
1758	0.35816002
1759	0.35914549
1760	0.35797548
1761	0.35577890
1762	0.35717681
1763	0.35710636
1764	0.35566169
1765	0.35865557
1766	0.35857555
1767	0.35844678
1768	0.35970733
1769	0.35808587
1770	0.35824481
1771	0.35899153
1772	0.35632086
1773	0.35939237
1774	0.35985872
1775	0.35899121
1776	0.36018682
1777	0.35811979
1778	0.35840127
1779	0.35954714
1780	0.35878456
1781	0.35874736
1782	0.36468598
1783	0.36004531
1784	0.35941964
1785	0.36004522
1786	0.35689870
1787	0.35886988
1788	0.35932958
1789	0.35718057
1790	0.35931909
1791	0.36039078
1792	0.35922334
1793	0.35906392
1794	0.35781673
1795	0.35801473
1796	0.36007017
1797	0.35518247
1798	0.35943711
1799	0.35993195
1800	0.35906619
1801	0.36394486
1802	0.35802776
1803	0.35766879
1804	0.35979301
1805	0.35909855
1806	0.35844380
1807	0.36008447
1808	0.36038989
1809	0.36004153
1810	0.36005637
1811	0.35852572
1812	0.36017388
1813	0.35953858
1814	0.35704109
1815	0.35987607
1816	0.36032137
1817	0.36103398
1818	0.36100829
1819	0.35848945
1820	0.35924342
1821	0.36037481
1822	0.35787961
1823	0.36042690
1824	0.36039436
1825	0.36093056
1826	0.36028284
1827	0.35911536
1828	0.35788298
1829	0.35844964
1830	0.36260319
1831	0.35912225
1832	0.36020461
1833	0.36082214
1834	0.36108199
1835	0.36079258
1836	0.35792238
1837	0.35912892
1838	0.36055446
1839	0.35742649
1840	0.36017874
1841	0.36131769
1842	0.36079377
1843	0.36089647
1844	0.35860983
1845	0.35958302
1846	0.36096409
1847	0.35817498
1848	0.36146298
1849	0.36222118
1850	0.36086237
1851	0.36107185
1852	0.36040786
1853	0.35853392
1854	0.36090687
1855	0.36009884
1856	0.35873699
1857	0.36097309
1858	0.36017835
1859	0.36247265
1860	0.36023316
1861	0.35827234
1862	0.35958198
1863	0.35996833
1864	0.35766366
1865	0.36084569
1866	0.35989943
1867	0.36008921
1868	0.36193520
1869	0.35884625
1870	0.35991880
1871	0.36071596
1872	0.35854375
1873	0.36108029
1874	0.36163327
1875	0.35999846
1876	0.36125547
1877	0.36000288
1878	0.35653004
1879	0.35998034
1880	0.35987762
1881	0.36073318
1882	0.36091098
1883	0.36054650
1884	0.36074984
1885	0.36161268
1886	0.35906255
1887	0.36086386
1888	0.35967299
1889	0.35768089
1890	0.36148754
1891	0.36139533
1892	0.36086076
1893	0.36007944
1894	0.35845998
1895	0.35901770
1896	0.36195159
1897	0.35881659
1898	0.35990885
1899	0.36106455
1900	0.36042383
1901	0.36076525
1902	0.36044139
1903	0.35740125
1904	0.36077899
1905	0.36008549
1906	0.35882732
1907	0.36282006
1908	0.36056080
1909	0.36128497
1910	0.35998368
1911	0.35872349
1912	0.35985500
1913	0.36037961
1914	0.35847288
1915	0.36100167
1916	0.36215252
1917	0.36134416
1918	0.36138734
1919	0.35863373
1920	0.35989812
1921	0.36120844
1922	0.35798335
1923	0.36106002
1924	0.36095852
1925	0.36053711
1926	0.36156443
1927	0.36009634
1928	0.35909131
1929	0.36063340
1930	0.36020824
1931	0.35986409
1932	0.36045134
1933	0.36074823
1934	0.36102846
1935	0.36159077
1936	0.35815951
1937	0.35952878
1938	0.36001047
1939	0.35783204
1940	0.36129570
1941	0.36177969
1942	0.36028990
1943	0.36062226
1944	0.35844108
1945	0.35875112
1946	0.36082447
1947	0.35754037
1948	0.36017433
1949	0.36094713
1950	0.35952207
1951	0.36132297
1952	0.35933453
1953	0.35795429
1954	0.35940850
1955	0.35853580
1956	0.35855928
1957	0.36103472
1958	0.36034095
1959	0.36110562
1960	0.36092815
1961	0.35827699
1962	0.35943657
1963	0.36005142
1964	0.35752687
1965	0.36013168
1966	0.36060295
1967	0.36097968
1968	0.36205751
1969	0.35852975
1970	0.35854819
1971	0.36029479
1972	0.35777918
1973	0.35872868
1974	0.35990801
1975	0.36078042
1976	0.36085755
1977	0.36011830
1978	0.35995620
1979	0.36119822
1980	0.35965028
1981	0.35943079
1982	0.36053160
1983	0.36026940
1984	0.36305466
1985	0.36060044
1986	0.35878786
1987	0.35954237
1988	0.36016887
1989	0.35789397
1990	0.36030462
1991	0.36068657
1992	0.36091340
1993	0.36145589
1994	0.35850719
1995	0.35858124
1996	0.35981756
1997	0.35731086
1998	0.35975447
1999	0.35989606
2000	0.35992873
2001	0.36104047
2002	0.35939425
2003	0.35721356
2004	0.35993496
2005	0.35956612
2006	0.35871813
2007	0.36100695
2008	0.36046454
2009	0.36092192
2010	0.35993382
2011	0.35814625
2012	0.35991228
2013	0.35981095
2014	0.35730845
2015	0.36103809
2016	0.36036968
2017	0.35995367
2018	0.36016932
2019	0.35875905
2020	0.35914722
2021	0.36319163
2022	0.35859191
2023	0.36053833
2024	0.36142093
2025	0.36075979
2026	0.36041877
2027	0.35894865
2028	0.35749817
2029	0.36052209
2030	0.35970271
2031	0.35726964
2032	0.36015764
2033	0.36090544
2034	0.36018497
2035	0.35972586
2036	0.35785896
2037	0.35817513
2038	0.35959566
2039	0.35701746
2040	0.36079589
2041	0.36103484
2042	0.36128455
2043	0.35959515
2044	0.35911608
2045	0.35803074
2046	0.35965478
2047	0.35821882
2048	0.35990760
2049	0.36016783
2050	0.35963601
2051	0.36037886
2052	0.35888058
2053	0.35782608
2054	0.35901269
2055	0.35889259
2056	0.35851401
2057	0.36061284
2058	0.36005199
2059	0.36091226
2060	0.36005029
2061	0.35751769
2062	0.35970825
2063	0.35945499
2064	0.35793573
2065	0.35972273
2066	0.36061770
2067	0.36150336
2068	0.36070400
2069	0.35734439
2070	0.35894766
2071	0.35975933
2072	0.35703281
2073	0.35961652
2074	0.36033994
2075	0.36033106
2076	0.36097389
2077	0.35917222
2078	0.35833928
2079	0.36052909
2080	0.35848510
2081	0.35739601
2082	0.36005837
2083	0.35940236
2084	0.36022407
2085	0.35971165
2086	0.35714781
2087	0.35856506
2088	0.36051714
2089	0.35759997
2090	0.36082560
2091	0.36168873
2092	0.36037815
2093	0.36045361
2094	0.35855511
2095	0.35853338
2096	0.36061883
2097	0.35701203
2098	0.36088499
2099	0.36086303
2100	0.35971838
2101	0.36026454
2102	0.35944745
2103	0.35815075
2104	0.35930380
2105	0.35860381
2106	0.35900709
2107	0.36146620
2108	0.35974571
2109	0.35959852
2110	0.35997066
2111	0.35973847
2112	0.35987392
2113	0.35976985
2114	0.35699591
2115	0.36096939
2116	0.36006653
2117	0.35996896
2118	0.35933724
2119	0.35973075
2120	0.35977304
2121	0.36077040
2122	0.35724050
2123	0.36007008
2124	0.36044350
2125	0.35952857
2126	0.36091933
2127	0.35934576
2128	0.35947269
2129	0.36110961
2130	0.35803938
2131	0.35824895
2132	0.36103210
2133	0.36025134
2134	0.36056897
2135	0.36044839
2136	0.35855493
2137	0.35916400
2138	0.36014995
2139	0.35736969
2140	0.35946283
2141	0.35955328
2142	0.36042601
2143	0.35963845
2144	0.35914528
2145	0.35910836
2146	0.35995418
2147	0.35961881
2148	0.36080945
2149	0.36058283
2150	0.36069226
2151	0.36142963
2152	0.36054334
2153	0.35810018
2154	0.36001632
2155	0.35961598
2156	0.35889858
2157	0.36140430
2158	0.35998306
2159	0.36060968
2160	0.35928810
2161	0.35910389
2162	0.36064816
2163	0.36124328
2164	0.35781935
2165	0.35972384
2166	0.35940740
2167	0.36136848
2168	0.36163440
2169	0.35968363
2170	0.35965773
2171	0.36065570
2172	0.35911742
2173	0.36004096
2174	0.36223859
2175	0.36096936
2176	0.36206064
2177	0.35899308
2178	0.35895452
2179	0.36007616
2180	0.36010760
2181	0.35928136
2182	0.36115894
2183	0.36131355
2184	0.36104998
2185	0.36124200
2186	0.35814875
2187	0.35885334
2188	0.35955480
2189	0.35743135
2190	0.36017659
2191	0.36108077
2192	0.35972029
2193	0.36059552
2194	0.35893014
2195	0.35884753
2196	0.36142713
2197	0.35947609
2198	0.36039239
2199	0.36088240
2200	0.36203799
2201	0.36128023
2202	0.36131662
2203	0.35932082
2204	0.36097908
2205	0.35986555
2206	0.35881245
2207	0.36161482
2208	0.36044335
2209	0.36112216
2210	0.36081681
2211	0.35918990
2212	0.35998774
2213	0.36090094
2214	0.35961539
2215	0.36150134
2216	0.36032996
2217	0.36187652
2218	0.36223239
2219	0.35933238
2220	0.35996190
2221	0.36049461
2222	0.35913193
2223	0.35991642
2224	0.36197340
2225	0.36098772
2226	0.36182532
2227	0.36036882
2228	0.36012408
2229	0.36108565
2230	0.36051470
2231	0.35993975
2232	0.36245006
2233	0.36157021
2234	0.36156523
2235	0.36249974
2236	0.35948634
2237	0.36015081
2238	0.36078030
2239	0.35814136
2240	0.36055812
2241	0.36204550
2242	0.36119688
2243	0.36348471
2244	0.35937241
2245	0.35836130
2246	0.36143866
2247	0.35920587
2248	0.35941902
2249	0.36083302
2250	0.35976607
2251	0.36007676
2252	0.36031482
2253	0.35805532
2254	0.36028168
2255	0.35963055
2256	0.35889795
2257	0.36066571
2258	0.36049050
2259	0.36085901
2260	0.36043495
2261	0.36163756
2262	0.36017147
2263	0.36152485
2264	0.35857689
2265	0.36072728
2266	0.36204419
2267	0.36239257
2268	0.36182806
2269	0.36040583
2270	0.36076826
2271	0.36083171
2272	0.35971546
2273	0.36076978
2274	0.36174712
2275	0.36143455
2276	0.36117628
2277	0.35940546
2278	0.35904402
2279	0.36089283
2280	0.36011159
2281	0.35837343
2282	0.36135766
2283	0.36136979
2284	0.36110318
2285	0.36114979
2286	0.35915858
2287	0.36034793
2288	0.35987577
2289	0.35691023
2290	0.36080202
2291	0.36436829
2292	0.36048040
2293	0.36027375
2294	0.35993344
2295	0.35861519
2296	0.36023587
2297	0.35887825
2298	0.35977218
2299	0.36133012
2300	0.36022276
2301	0.36196077
2302	0.36050305
2303	0.35818285
2304	0.36002356
2305	0.35914060
2306	0.35881224
2307	0.36021236
2308	0.36074269
2309	0.36048853
2310	0.35994640
2311	0.35858721
2312	0.35987887
2313	0.36134750
2314	0.35849404
2315	0.36092263
2316	0.36122310
2317	0.36127621
2318	0.36184922
2319	0.36044616
2320	0.35946208
2321	0.36128208
2322	0.35939106
2323	0.36118108
2324	0.36122051
2325	0.36156535
2326	0.36046430
2327	0.36031729
2328	0.35874853
2329	0.36030924
2330	0.36016300
2331	0.35727328
2332	0.36128280
2333	0.36053535
2334	0.36076835
2335	0.36133605
2336	0.35906854
2337	0.36044157
2338	0.36128581
2339	0.36285684
2340	0.36081329
2341	0.36080056
2342	0.36003557
2343	0.36081830
2344	0.35913420
2345	0.35836169
2346	0.36086926
2347	0.35775122
2348	0.35944816
2349	0.36093497
2350	0.35970837
2351	0.36004150
2352	0.36027774
2353	0.35825291
2354	0.35941580
2355	0.35931653
2356	0.35894394
2357	0.36070296
2358	0.35733122
2359	0.36041149
2360	0.36021587
2361	0.35895646
2362	0.36044744
2363	0.36076760
2364	0.35842398
2365	0.36011386
2366	0.36036310
2367	0.36119395
2368	0.36307177
2369	0.35942778
2370	0.35921693
2371	0.36055803
2372	0.35850000
2373	0.36092693
2374	0.36149204
2375	0.36060071
2376	0.36172715
2377	0.36085275
2378	0.35984501
2379	0.36000988
2380	0.36071676
2381	0.35849962
2382	0.36025628
2383	0.36102137
2384	0.36034656
2385	0.36166698
2386	0.35903296
2387	0.35352159
2388	0.35988513
2389	0.35867757
2390	0.36063725
2391	0.36134467
2392	0.35987663
2393	0.36105525
2394	0.36053604
2395	0.35940820
2396	0.36252314
2397	0.35913292
2398	0.36064732
2399	0.36151174
2400	0.36018282
2401	0.36127758
2402	0.36040804
2403	0.35905966
2404	0.36005652
2405	0.35949001
2406	0.35623658
2407	0.36175355
2408	0.36144248
2409	0.36241478
2410	0.36066499
2411	0.36003590
2412	0.36067718
2413	0.36096230
2414	0.35858458
2415	0.36141866
2416	0.36139145
2417	0.36220336
2418	0.36258826
2419	0.36154068
2420	0.35995588
2421	0.36098596
2422	0.36011168
2423	0.36174297
2424	0.36353147
2425	0.36243683
2426	0.36315727
2427	0.36100429
2428	0.35905990
2429	0.36168829
2430	0.36156321
2431	0.35828313
2432	0.36167488
2433	0.36195588
2434	0.36233157
2435	0.36505938
2436	0.36053494
2437	0.36158863
2438	0.36170009
2439	0.35893244
2440	0.36207572
2441	0.36296952
2442	0.36227828
2443	0.36281529
2444	0.35980734
2445	0.36027166
2446	0.36281744
2447	0.36070678
2448	0.36154288
2449	0.36276570
2450	0.36312619
2451	0.36342093
2452	0.36251464
2453	0.36011091
2454	0.36661389
2455	0.36169878
2456	0.36011896
2457	0.36284542
2458	0.36244524
2459	0.36325783
2460	0.36331463
2461	0.36088556
2462	0.36180726
2463	0.36404359
2464	0.35829771
2465	0.36236405
2466	0.36327615
2467	0.36198172
2468	0.36401558
2469	0.36160383
2470	0.36170468
2471	0.36273211
2472	0.36104023
2473	0.36174121
2474	0.36334845
2475	0.36217511
2476	0.36260283
2477	0.36240375
2478	0.36200374
2479	0.36299053
2480	0.36329889
2481	0.36158368
2482	0.36351866
2483	0.36617440
2484	0.36370263
2485	0.36433709
2486	0.36130792
2487	0.36105230
2488	0.36231425
2489	0.36047253
2490	0.36363211
2491	0.36233985
2492	0.36408782
2493	0.36295056
2494	0.36248434
2495	0.36127397
2496	0.36363277
2497	0.36200854
2498	0.36331114
2499	0.36352268
2500	0.36441967
2501	0.36534643
2502	0.36335924
2503	0.36214110
2504	0.36314800
2505	0.36225125
2506	0.36061743
2507	0.36304715
2508	0.36394328
2509	0.36360735
2510	0.36335433
2511	0.36144185
2512	0.36407340
2513	0.36443749
2514	0.36122262
2515	0.36368132
2516	0.36561659
2517	0.36433253
2518	0.36434954
2519	0.36298239
2520	0.36136913
2521	0.36352962
2522	0.36128357
2523	0.36357248
2524	0.36504251
2525	0.36391538
2526	0.36425748
2527	0.36280173
2528	0.36254355
2529	0.36388248
2530	0.36500603
2531	0.36551702
2532	0.36464354
2533	0.36372891
2534	0.36470491
2535	0.36426592
2536	0.36312568
2537	0.36353678
2538	0.36307734
2539	0.36089396
2540	0.36364439
2541	0.36421114
2542	0.36369506
2543	0.36505315
2544	0.36257648
2545	0.36241871
2546	0.36457065
2547	0.36234626
2548	0.36316955
2549	0.36448073
2550	0.36445057
2551	0.36484295
2552	0.36426017
2553	0.36250058
2554	0.36362728
2555	0.36402217
2556	0.36261892
2557	0.36500308
2558	0.36484528
2559	0.36421371
2560	0.36576635
2561	0.36221519
2562	0.36327344
2563	0.36457664
2564	0.36245811
2565	0.36453906
2566	0.36530828
2567	0.36415291
2568	0.36647394
2569	0.36328641
2570	0.36380073
2571	0.36414519
2572	0.36362052
2573	0.36378285
2574	0.36479756
2575	0.36590397
2576	0.36525765
2577	0.36527440
2578	0.36201420
2579	0.36647093
2580	0.36449441
2581	0.36274555
2582	0.36587277
2583	0.36491102
2584	0.36463901
2585	0.36586362
2586	0.36392754
2587	0.36418989
2588	0.36668071
2589	0.36193138
2590	0.36473846
2591	0.36648965
2592	0.36556014
2593	0.36554903
2594	0.36445853
2595	0.36386257
2596	0.36535871
2597	0.36388606
2598	0.36434680
2599	0.36585537
2600	0.36536893
2601	0.36692861
2602	0.36585060
2603	0.36359176
2604	0.36502805
2605	0.36438924
2606	0.36375642
2607	0.36564296
2608	0.36581811
2609	0.36620000
2610	0.36558098
2611	0.36374441
2612	0.36429775
2613	0.36564204
2614	0.36216775
2615	0.36441359
2616	0.36645970
2617	0.36557254
2618	0.36502019
2619	0.36497959
2620	0.36386091
2621	0.36501727
2622	0.36389786
2623	0.36469930
2624	0.36610854
2625	0.36647964
2626	0.36678246
2627	0.36067110
2628	0.36400920
2629	0.36534289
2630	0.36571586
2631	0.36330163
2632	0.36603737
2633	0.36606321
2634	0.36529598
2635	0.36634001
2636	0.36434284
2637	0.36442477
2638	0.36536068
2639	0.36394358
2640	0.36584127
2641	0.36576062
2642	0.36637038
2643	0.36620238
2644	0.36539233
2645	0.36348704
2646	0.36668614
2647	0.36436883
2648	0.36479181
2649	0.36618197
2650	0.36636469
2651	0.36651909
2652	0.36494106
2653	0.36336163
2654	0.36449304
2655	0.36458239
2656	0.36231920
2657	0.36615044
2658	0.36471844
2659	0.36526793
2660	0.36497533
2661	0.36401445
2662	0.36450872
2663	0.36556897
2664	0.36310163
2665	0.36507645
2666	0.36528993
2667	0.36559415
2668	0.36514375
2669	0.36363694
2670	0.36379188
2671	0.36419338
2672	0.36320901
2673	0.36350220
2674	0.36678240
2675	0.36419919
2676	0.36434463
2677	0.36489266
2678	0.36257574
2679	0.36441302
2680	0.36531645
2681	0.36317343
2682	0.36640081
2683	0.36511919
2684	0.36488348
2685	0.36587182
2686	0.36433485
2687	0.36402401
2688	0.36553839
2689	0.36273003
2690	0.36509615
2691	0.36487201
2692	0.36413383
2693	0.36394781
2694	0.36417544
2695	0.36363575
2696	0.36551011
2697	0.36358929
2698	0.36455739
2699	0.36569232
2700	0.36557284
2701	0.36590570
2702	0.36553562
2703	0.36294940
2704	0.36369061
2705	0.36461148
2706	0.36349392
2707	0.36474943
2708	0.36536440
2709	0.36513695
2710	0.36486620
2711	0.36364529
2712	0.36457580
2713	0.36478782
2714	0.36379164
2715	0.36484113
2716	0.36508349
2717	0.36613807
2718	0.36546656
2719	0.36387032
2720	0.36355385
2721	0.36396560
2722	0.36495742
2723	0.36535740
2724	0.36516082
2725	0.36540380
2726	0.36478046
2727	0.36428338
2728	0.36378726
2729	0.36401829
2730	0.36371848
2731	0.36179361
2732	0.36415640
2733	0.36500865
2734	0.36463577
2735	0.36487669
2736	0.36350453
2737	0.36341521
2738	0.36323887
2739	0.36221233
2740	0.36407128
2741	0.36480743
2742	0.36511117
2743	0.36489433
2744	0.36478239
2745	0.36381707
2746	0.36557877
2747	0.36292553
2748	0.36365139
2749	0.36537078
2750	0.36466089
2751	0.36648768
2752	0.36334231
2753	0.36286041
2754	0.36392906
2755	0.36472514
2756	0.36362490
2757	0.36450878
2758	0.36511886
2759	0.36503404
2760	0.36566895
2761	0.36315387
2762	0.36270025
2763	0.36414570
2764	0.36287186
2765	0.36459595
2766	0.36499244
2767	0.36416772
2768	0.36464256
2769	0.36398429
2770	0.36160553
2771	0.36088899
2772	0.36285427
2773	0.36324301
2774	0.36588761
2775	0.36362997
2776	0.36449799
2777	0.36412701
2778	0.36271584
2779	0.36302409
2780	0.36476263
2781	0.36243698
2782	0.36502171
2783	0.36393133
2784	0.36439085
2785	0.36609712
2786	0.36320269
2787	0.36282253
2788	0.36451575
2789	0.36269769
2790	0.36515680
2791	0.36546510
2792	0.36502984
2793	0.36530763
2794	0.36389476
2795	0.36251411
2796	0.36405981
2797	0.36364281
2798	0.36450478
2799	0.36581093
2800	0.36612609
2801	0.36517304
2802	0.36404762
2803	0.36230564
2804	0.36370048
2805	0.36335263
2806	0.36262774
2807	0.36489776
2808	0.36451289
2809	0.36443242
2810	0.36385188
2811	0.36362353
2812	0.36265048
2813	0.36525983
2814	0.36228177
2815	0.36357343
2816	0.36502513
2817	0.36407822
2818	0.35994264
2819	0.36234257
2820	0.36231723
2821	0.36329699
2822	0.36208662
2823	0.36282766
2824	0.36482316
2825	0.36299926
2826	0.36464399
2827	0.36339194
2828	0.36265096
2829	0.36393285
2830	0.36374536
2831	0.36262622
2832	0.36437112
2833	0.36549735
2834	0.36447820
2835	0.36432153
2836	0.36276159
2837	0.36326757
2838	0.36356688
2839	0.36235422
2840	0.36388683
2841	0.36484233
2842	0.36444110
2843	0.36414087
2844	0.36351183
2845	0.36242509
2846	0.36411643
2847	0.36239630
2848	0.36180082
2849	0.36483997
2850	0.36449772
2851	0.36510563
2852	0.36518329
2853	0.36230808
2854	0.36347339
2855	0.36329201
2856	0.36304930
2857	0.36402541
2858	0.36396909
2859	0.36304104
2860	0.36413068
2861	0.36207214
2862	0.36227471
2863	0.36457238
2864	0.36129886
2865	0.36304834
2866	0.36344936
2867	0.36487451
2868	0.36425987
2869	0.36223277
2870	0.36111018
2871	0.36374509
2872	0.36175513
2873	0.36195609
2874	0.36342549
2875	0.36359778
2876	0.36207029
2877	0.36317828
2878	0.36170089
2879	0.36223891
2880	0.36219633
2881	0.36027980
2882	0.36310896
2883	0.36312315
2884	0.36369562
2885	0.36333141
2886	0.36172718
2887	0.36083919
2888	0.36365378
2889	0.36138678
2890	0.36180070
2891	0.36351705
2892	0.36303133
2893	0.36306861
2894	0.36182326
2895	0.36169836
2896	0.36391243
2897	0.36103418
2898	0.36141035
2899	0.36272737
2900	0.36194739
2901	0.36266166
2902	0.36193728
2903	0.35970166
2904	0.35968471
2905	0.36206681
2906	0.36043391
2907	0.36375326
2908	0.36299393
2909	0.36344320
2910	0.36196658
2911	0.36114302
2912	0.36139888
2913	0.36270902
2914	0.36220032
2915	0.36325195
2916	0.36300048
2917	0.36232284
2918	0.36332053
2919	0.36253476
2920	0.36080006
2921	0.36130375
2922	0.36156490
2923	0.36083966
2924	0.36272195
2925	0.36362371
2926	0.36243698
2927	0.36215955
2928	0.36101216
2929	0.36142048
2930	0.36200970
2931	0.35970190
2932	0.36190003
2933	0.36192432
2934	0.36130637
2935	0.36263394
2936	0.36195117
2937	0.36064681
2938	0.36110207
2939	0.35980657
2940	0.36085889
2941	0.36185902
2942	0.36196736
2943	0.36127302
2944	0.36374429
2945	0.35982031
2946	0.36216474
2947	0.36079744
2948	0.36082834
2949	0.36302465
2950	0.36146426
2951	0.36195123
2952	0.36430305
2953	0.35947120
2954	0.36278370
2955	0.36149541
2956	0.35956216
2957	0.36186045
2958	0.36294231
2959	0.36207807
2960	0.36191741
2961	0.36183539
2962	0.36119682
2963	0.36314547
2964	0.35946873
2965	0.36241004
2966	0.36265448
2967	0.36229861
2968	0.36222929
2969	0.36190620
2970	0.36029321
2971	0.36103049
2972	0.35951570
2973	0.36005998
2974	0.36209765
2975	0.36160842
2976	0.36189118
2977	0.36054739
2978	0.36001223
2979	0.36086553
2980	0.36058381
2981	0.35932809
2982	0.36295629
2983	0.36164218
2984	0.36134237
2985	0.36267048
2986	0.35995650
2987	0.36060691
2988	0.36170566
2989	0.35881427
2990	0.36056075
2991	0.36363721
2992	0.36062726
2993	0.36218315
2994	0.36165053
2995	0.35994512
2996	0.36141819
2997	0.36047986
2998	0.36023626
2999	0.36282629
3000	0.36253059