	C:\Users\jkuzm\OneDrive - University of Massachusetts\HRSL x UMILL-PUMA Fatigue - Fatigue\Data\F01\FR3_static3.c3d _ImpedanceExport
	FP1
	COFP
	ORIGINAL
ITEM	Z
1	-0.05042734
2	-0.05043767
3	-0.05043356
4	-0.05043964
5	-0.05044408
6	-0.05043098
7	-0.05042576
8	-0.05043374
9	-0.05042740
10	-0.05043261
11	-0.05043623
12	-0.05042851
13	-0.05043811
14	-0.05042506
15	-0.05042370
16	-0.05042896
17	-0.05042567
18	-0.05042782
19	-0.05044393
20	-0.05042852
21	-0.05042675
22	-0.05043862
23	-0.05042912
24	-0.05042637
25	-0.05042311
26	-0.05042897
27	-0.05043854
28	-0.05043669
29	-0.05042610
30	-0.05044811
31	-0.05042518
32	-0.05043228
33	-0.05043086
34	-0.05042984
35	-0.05043607
36	-0.05043600
37	-0.05042974
38	-0.05044089
39	-0.05043006
40	-0.05042970
41	-0.05043199
42	-0.05043177
43	-0.05043184
44	-0.05042703
45	-0.05043182
46	-0.05043405
47	-0.05044228
48	-0.05043306
49	-0.05043282
50	-0.05043316
51	-0.05043329
52	-0.05043234
53	-0.05043590
54	-0.05042872
55	-0.05044781
56	-0.05043137
57	-0.05042887
58	-0.05043200
59	-0.05042852
60	-0.05043941
61	-0.05044340
62	-0.05042832
63	-0.05042845
64	-0.05043133
65	-0.05043099
66	-0.05043483
67	-0.05042623
68	-0.05043250
69	-0.05044163
70	-0.05043468
71	-0.05043598
72	-0.05044339
73	-0.05043172
74	-0.05043284
75	-0.05043245
76	-0.05043263
77	-0.05044098
78	-0.05043379
79	-0.05043123
80	-0.05044277
81	-0.05043130
82	-0.05042817
83	-0.05043815
84	-0.05042940
85	-0.05043157
86	-0.05044169
87	-0.05043199
88	-0.05044216
89	-0.05043440
90	-0.05042752
91	-0.05043275
92	-0.05042782
93	-0.05043710
94	-0.05044661
95	-0.05043643
96	-0.05043320
97	-0.05044492
98	-0.05043099
99	-0.05043557
100	-0.05043248
101	-0.05043080
102	-0.05043893
103	-0.05043790
104	-0.05043583
105	-0.05044941
106	-0.05042903
107	-0.05043501
108	-0.05043413
109	-0.05043292
110	-0.05043988
111	-0.05046456
112	-0.05043567
113	-0.05044465
114	-0.05043492
115	-0.05043819
116	-0.05043897
117	-0.05043609
118	-0.05043713
119	-0.05044619
120	-0.05043361
121	-0.05043453
122	-0.05044576
123	-0.05042993
124	-0.05043240
125	-0.05043237
126	-0.05043576
127	-0.05044088
128	-0.05043747
129	-0.05043394
130	-0.05044916
131	-0.05042868
132	-0.05043235
133	-0.05043267
134	-0.05043200
135	-0.05043993
136	-0.05044376
137	-0.05043316
138	-0.05044352
139	-0.05043435
140	-0.05043830
141	-0.05044289
142	-0.05043725
143	-0.05044140
144	-0.05044710
145	-0.05044088
146	-0.05044219
147	-0.05045255
148	-0.05042680
149	-0.05043485
150	-0.05043773
151	-0.05043525
152	-0.05044086
153	-0.05044218
154	-0.05043591
155	-0.05044978
156	-0.05043895
157	-0.05043406
158	-0.05044461
159	-0.05045208
160	-0.05044062
161	-0.05044035
162	-0.05043707
163	-0.05044459
164	-0.05044024
165	-0.05043792
166	-0.05043832
167	-0.05043801
168	-0.05043780
169	-0.05045001
170	-0.05044255
171	-0.05044113
172	-0.05044794
173	-0.05044034
174	-0.05043929
175	-0.05043477
176	-0.05043922
177	-0.05044176
178	-0.05043730
179	-0.05042863
180	-0.05045199
181	-0.05043083
182	-0.05043639
183	-0.05044100
184	-0.05043908
185	-0.05044608
186	-0.05044828
187	-0.05044335
188	-0.05044954
189	-0.05044390
190	-0.05044055
191	-0.05044506
192	-0.05044136
193	-0.05044536
194	-0.05044958
195	-0.05044578
196	-0.05043922
197	-0.05045545
198	-0.05043498
199	-0.05044185
200	-0.05043807
201	-0.05044364
202	-0.05045054
203	-0.05045048
204	-0.05044551
205	-0.05045490
206	-0.05044069
207	-0.05043205
208	-0.05044061
209	-0.05043799
210	-0.05044462
211	-0.05044776
212	-0.05043953
213	-0.05044753
214	-0.05043846
215	-0.05043613
216	-0.05044322
217	-0.05044055
218	-0.05043858
219	-0.05044772
220	-0.05044683
221	-0.05044448
222	-0.05045639
223	-0.05044279
224	-0.05044324
225	-0.05044569
226	-0.05044464
227	-0.05044828
228	-0.05044612
229	-0.05043955
230	-0.05045938
231	-0.05044026
232	-0.05044023
233	-0.05044271
234	-0.05043860
235	-0.05044921
236	-0.05047238
237	-0.05044312
238	-0.05045370
239	-0.05044542
240	-0.05044141
241	-0.05044426
242	-0.05044282
243	-0.05044704
244	-0.05046336
245	-0.05044217
246	-0.05044604
247	-0.05045879
248	-0.05044061
249	-0.05044204
250	-0.05044503
251	-0.05044593
252	-0.05045817
253	-0.05044557
254	-0.05044517
255	-0.05045696
256	-0.05043620
257	-0.05044180
258	-0.05044601
259	-0.05044353
260	-0.05044841
261	-0.05044970
262	-0.05044519
263	-0.05044939
264	-0.05044838
265	-0.05045582
266	-0.05044468
267	-0.05044224
268	-0.05044216
269	-0.05045293
270	-0.05045183
271	-0.05044518
272	-0.05045611
273	-0.05043875
274	-0.05044259
275	-0.05044298
276	-0.05044192
277	-0.05045325
278	-0.05045064
279	-0.05043937
280	-0.05045948
281	-0.05043793
282	-0.05044571
283	-0.05044603
284	-0.05039391
285	-0.05044803
286	-0.05045254
287	-0.05044172
288	-0.05045220
289	-0.05044483
290	-0.05044462
291	-0.05044645
292	-0.05044490
293	-0.05045339
294	-0.05045526
295	-0.05044889
296	-0.05044555
297	-0.05045500
298	-0.05044151
299	-0.05044387
300	-0.05043732
301	-0.05043999
302	-0.05044689
303	-0.05042600
304	-0.05044444
305	-0.05045643
306	-0.05043964
307	-0.05043809
308	-0.05044737
309	-0.05044512
310	-0.05044663
311	-0.05045140
312	-0.05044314
313	-0.05044610
314	-0.05044126
315	-0.05044318
316	-0.05044181
317	-0.05043758
318	-0.05043980
319	-0.05045004
320	-0.05044562
321	-0.05044771
322	-0.05045095
323	-0.05043825
324	-0.05043796
325	-0.05044193
326	-0.05044211
327	-0.05044850
328	-0.05044422
329	-0.05044376
330	-0.05045582
331	-0.05044110
332	-0.05041746
333	-0.05044152
334	-0.05043532
335	-0.05044712
336	-0.05045189
337	-0.05044282
338	-0.05044270
339	-0.05044125
340	-0.05043773
341	-0.05043994
342	-0.05043760
343	-0.05044235
344	-0.05044815
345	-0.05043956
346	-0.05043974
347	-0.05045070
348	-0.05043802
349	-0.05043910
350	-0.05043733
351	-0.05043825
352	-0.05044567
353	-0.05044127
354	-0.05044028
355	-0.05045037
356	-0.05043869
357	-0.05043760
358	-0.05044335
359	-0.05043846
360	-0.05044518
361	-0.05043953
362	-0.05043852
363	-0.05044607
364	-0.05043927
365	-0.05043871
366	-0.05043942
367	-0.05043575
368	-0.05043960
369	-0.05045235
370	-0.05044436
371	-0.05044126
372	-0.05045259
373	-0.05043839
374	-0.05043950
375	-0.05043544
376	-0.05043597
377	-0.05045113
378	-0.05043983
379	-0.05043269
380	-0.05044736
381	-0.05043434
382	-0.05043469
383	-0.05043890
384	-0.05043248
385	-0.05044248
386	-0.05044579
387	-0.05043734
388	-0.05044436
389	-0.05043269
390	-0.05043724
391	-0.05043672
392	-0.05043384
393	-0.05043721
394	-0.05044495
395	-0.05043777
396	-0.05043659
397	-0.05044969
398	-0.05043320
399	-0.05044354
400	-0.05043919
401	-0.05043453
402	-0.05044239
403	-0.05044175
404	-0.05043957
405	-0.05045231
406	-0.05043172
407	-0.05043355
408	-0.05043637
409	-0.05042442
410	-0.05043329
411	-0.05044115
412	-0.05043401
413	-0.05044180
414	-0.05043935
415	-0.05043280
416	-0.05043355
417	-0.05043261
418	-0.05043064
419	-0.05044131
420	-0.05043335
421	-0.05043657
422	-0.05044717
423	-0.05043219
424	-0.05042940
425	-0.05043399
426	-0.05043285
427	-0.05044301
428	-0.05043229
429	-0.05043534
430	-0.05044894
431	-0.05043221
432	-0.05043156
433	-0.05043834
434	-0.05043066
435	-0.05043899
436	-0.05043880
437	-0.05043594
438	-0.05044599
439	-0.05043606
440	-0.05043501
441	-0.05043282
442	-0.05043412
443	-0.05043797
444	-0.05044373
445	-0.05043594
446	-0.05043433
447	-0.05045101
448	-0.05043472
449	-0.05043630
450	-0.05043599
451	-0.05043099
452	-0.05043966
453	-0.05043940
454	-0.05043449
455	-0.05044961
456	-0.05042989
457	-0.05043195
458	-0.05043846
459	-0.05043507
460	-0.05043977
461	-0.05044619
462	-0.05043155
463	-0.05043992
464	-0.05043564
465	-0.05043458
466	-0.05043024
467	-0.05043272
468	-0.05043028
469	-0.05044072
470	-0.05043691
471	-0.05043199
472	-0.05044724
473	-0.05043135
474	-0.05043078
475	-0.05043044
476	-0.05044232
477	-0.05044100
478	-0.05043907
479	-0.05043367
480	-0.05044909
481	-0.05042944
482	-0.05043202
483	-0.05043333
484	-0.05042790
485	-0.05043760
486	-0.05043769
487	-0.05043213
488	-0.05043803
489	-0.05043530
490	-0.05043244
491	-0.05042839
492	-0.05042924
493	-0.05043218
494	-0.05043829
495	-0.05043053
496	-0.05043110
497	-0.05044583
498	-0.05043196
499	-0.05042835
500	-0.05043511
501	-0.05042800
502	-0.05044155
503	-0.05043807
504	-0.05043390
505	-0.05045885
506	-0.05042647
507	-0.05042955
508	-0.05043421
509	-0.05043058
510	-0.05043393
511	-0.05044135
512	-0.05043098
513	-0.05043647
514	-0.05043456
515	-0.05042449
516	-0.05043266
517	-0.05042854
518	-0.05042832
519	-0.05043925
520	-0.05042785
521	-0.05043356
522	-0.05044134
523	-0.05041637
524	-0.05042705
525	-0.05043244
526	-0.05042682
527	-0.05043519
528	-0.05042792
529	-0.05042784
530	-0.05043849
531	-0.05042529
532	-0.05042572
533	-0.05043057
534	-0.05043191
535	-0.05043322
536	-0.05044013
537	-0.05042934
538	-0.05043203
539	-0.05043535
540	-0.05042785
541	-0.05043168
542	-0.05042411
543	-0.05042932
544	-0.05043411
545	-0.05043096
546	-0.05042773
547	-0.05043960
548	-0.05042827
549	-0.05042748
550	-0.05042648
551	-0.05042607
552	-0.05044210
553	-0.05043086
554	-0.05042635
555	-0.05044404
556	-0.05042698
557	-0.05043102
558	-0.05043024
559	-0.05042671
560	-0.05043037
561	-0.05043807
562	-0.05043237
563	-0.05042386
564	-0.05043549
565	-0.05042053
566	-0.05043295
567	-0.05042068
568	-0.05042468
569	-0.05043503
570	-0.05043003
571	-0.05042158
572	-0.05042357
573	-0.05042035
574	-0.05042224
575	-0.05042034
576	-0.05042057
577	-0.05043089
578	-0.05042885
579	-0.05042309
580	-0.05044008
581	-0.05042237
582	-0.05041924
583	-0.05042946
584	-0.05042756
585	-0.05042995
586	-0.05043160
587	-0.05042762
588	-0.05043427
589	-0.05043028
590	-0.05042692
591	-0.05042383
592	-0.05042525
593	-0.05042997
594	-0.05043431
595	-0.05042514
596	-0.05042424
597	-0.05043637
598	-0.05042321
599	-0.05042038
600	-0.05041923
601	-0.05043269
602	-0.05043455
603	-0.05043469
604	-0.05042701
605	-0.05044461
606	-0.05042317
607	-0.05042119
608	-0.05043058
609	-0.05042121
610	-0.05043494
611	-0.05043695
612	-0.05042247
613	-0.05043231
614	-0.05042691
615	-0.05042170
616	-0.05042544
617	-0.05042519
618	-0.05042518
619	-0.05043370
620	-0.05044370
621	-0.05042386
622	-0.05044008
623	-0.05042388
624	-0.05041930
625	-0.05042029
626	-0.05041968
627	-0.05042752
628	-0.05042811
629	-0.05042167
630	-0.05043709
631	-0.05041876
632	-0.05042396
633	-0.05042801
634	-0.05041844
635	-0.05042727
636	-0.05043579
637	-0.05042674
638	-0.05043192
639	-0.05042947
640	-0.05041787
641	-0.05042462
642	-0.05042659
643	-0.05043151
644	-0.05043777
645	-0.05042607
646	-0.05042669
647	-0.05043489
648	-0.05042021
649	-0.05041321
650	-0.05042227
651	-0.05042335
652	-0.05043174
653	-0.05042994
654	-0.05042404
655	-0.05043640
656	-0.05042645
657	-0.05042100
658	-0.05042826
659	-0.05042624
660	-0.05042566
661	-0.05043622
662	-0.05042449
663	-0.05043085
664	-0.05043270
665	-0.05042329
666	-0.05042170
667	-0.05044372
668	-0.05042913
669	-0.05043894
670	-0.05043091
671	-0.05042972
672	-0.05043869
673	-0.05042389
674	-0.05042527
675	-0.05042063
676	-0.05042373
677	-0.05043113
678	-0.05043226
679	-0.05042411
680	-0.05043684
681	-0.05042450
682	-0.05042364
683	-0.05042858
684	-0.05042050
685	-0.05043053
686	-0.05043732
687	-0.05042959
688	-0.05043477
689	-0.05043144
690	-0.05043006
691	-0.05042613
692	-0.05042887
693	-0.05043263
694	-0.05043570
695	-0.05042979
696	-0.05042742
697	-0.05044248
698	-0.05042396
699	-0.05042439
700	-0.05042276
701	-0.05042084
702	-0.05042988
703	-0.05043131
704	-0.05042473
705	-0.05043153
706	-0.05042409
707	-0.05042451
708	-0.05042891
709	-0.05042332
710	-0.05042973
711	-0.05043731
712	-0.05042411
713	-0.05043105
714	-0.05043151
715	-0.05042916
716	-0.05042083
717	-0.05042314
718	-0.05042701
719	-0.05043947
720	-0.05042913
721	-0.05043083
722	-0.05044663
723	-0.05043251
724	-0.05042964
725	-0.05043775
726	-0.05042941
727	-0.05043352
728	-0.05043012
729	-0.05042799
730	-0.05043605
731	-0.05042670
732	-0.05042787
733	-0.05042901
734	-0.05042402
735	-0.05043095
736	-0.05043684
737	-0.05042879
738	-0.05043276
739	-0.05043057
740	-0.05042434
741	-0.05042219
742	-0.05042436
743	-0.05042525
744	-0.05043903
745	-0.05042204
746	-0.05042770
747	-0.05043926
748	-0.05041912
749	-0.05042434
750	-0.05042280
751	-0.05042162
752	-0.05043429
753	-0.05044226
754	-0.05043650
755	-0.05044732
756	-0.05042555
757	-0.05042794
758	-0.05043508
759	-0.05043127
760	-0.05043600
761	-0.05044083
762	-0.05042624
763	-0.05043596
764	-0.05043529
765	-0.05042616
766	-0.05043323
767	-0.05042692
768	-0.05042690
769	-0.05043547
770	-0.05043072
771	-0.05043269
772	-0.05044447
773	-0.05042906
774	-0.05042443
775	-0.05042778
776	-0.05042971
777	-0.05043369
778	-0.05042890
779	-0.05042576
780	-0.05043994
781	-0.05042609
782	-0.05042250
783	-0.05042562
784	-0.05042812
785	-0.05042949
786	-0.05043156
787	-0.05042562
788	-0.05043018
789	-0.05042820
790	-0.05042090
791	-0.05042571
792	-0.05043149
793	-0.05041132
794	-0.05043576
795	-0.05043249
796	-0.05042537
797	-0.05044546
798	-0.05042376
799	-0.05042589
800	-0.05041889
801	-0.05042034
802	-0.05044045
803	-0.05042679
804	-0.05043520
805	-0.05044559
806	-0.05042891
807	-0.05042621
808	-0.05043367
809	-0.05042874
810	-0.05043435
811	-0.05043527
812	-0.05041095
813	-0.05043513
814	-0.05043584
815	-0.05043254
816	-0.05042564
817	-0.05042781
818	-0.05042312
819	-0.05043368
820	-0.05043301
821	-0.05042762
822	-0.05044192
823	-0.05042074
824	-0.05042198
825	-0.05042529
826	-0.05042535
827	-0.05042988
828	-0.05042796
829	-0.05042413
830	-0.05044211
831	-0.05042364
832	-0.05042846
833	-0.05042570
834	-0.05042113
835	-0.05043038
836	-0.05043990
837	-0.05042779
838	-0.05043070
839	-0.05043117
840	-0.05042244
841	-0.05042953
842	-0.05042758
843	-0.05043178
844	-0.05043392
845	-0.05042652
846	-0.05042849
847	-0.05043833
848	-0.05042761
849	-0.05042683
850	-0.05042600
851	-0.05042325
852	-0.05043229
853	-0.05043404
854	-0.05042884
855	-0.05043810
856	-0.05042551
857	-0.05042877
858	-0.05043290
859	-0.05042867
860	-0.05044983
861	-0.05043677
862	-0.05042675
863	-0.05043299
864	-0.05043356
865	-0.05042890
866	-0.05043074
867	-0.05042489
868	-0.05043172
869	-0.05044188
870	-0.05042377
871	-0.05042914
872	-0.05043567
873	-0.05042287
874	-0.05041935
875	-0.05042057
876	-0.05042487
877	-0.05042943
878	-0.05042825
879	-0.05042877
880	-0.05043790
881	-0.05042323
882	-0.05042671
883	-0.05043023
884	-0.05042467
885	-0.05043105
886	-0.05044031
887	-0.05042669
888	-0.05043007
889	-0.05043080
890	-0.05043184
891	-0.05043187
892	-0.05042518
893	-0.05042855
894	-0.05043804
895	-0.05043212
896	-0.05042916
897	-0.05043211
898	-0.05042373
899	-0.05043272
900	-0.05043023
901	-0.05042740
902	-0.05043659
903	-0.05042756
904	-0.05042744
905	-0.05043838
906	-0.05042735
907	-0.05042658
908	-0.05044079
909	-0.05042630
910	-0.05042960
911	-0.05043597
912	-0.05042673
913	-0.05043393
914	-0.05043413
915	-0.05043162
916	-0.05043009
917	-0.05042820
918	-0.05042947
919	-0.05043622
920	-0.05043047
921	-0.05042651
922	-0.05044738
923	-0.05042565
924	-0.05042440
925	-0.05042882
926	-0.05043114
927	-0.05043242
928	-0.05043097
929	-0.05042391
930	-0.05043767
931	-0.05043172
932	-0.05042765
933	-0.05043054
934	-0.05042984
935	-0.05043476
936	-0.05044002
937	-0.05047496
938	-0.05043815
939	-0.05044205
940	-0.05043235
941	-0.05043310
942	-0.05042994
943	-0.05043568
944	-0.05044130
945	-0.05042966
946	-0.05043257
947	-0.05044220
948	-0.05042819
949	-0.05042670
950	-0.05042871
951	-0.05042825
952	-0.05043429
953	-0.05043351
954	-0.05042698
955	-0.05044518
956	-0.05043470
957	-0.05042987
958	-0.05043144
959	-0.05042759
960	-0.05043724
961	-0.05043415
962	-0.05043278
963	-0.05043734
964	-0.05043754
965	-0.05042616
966	-0.05043849
967	-0.05043091
968	-0.05043395
969	-0.05043937
970	-0.05043697
971	-0.05043630
972	-0.05045126
973	-0.05043679
974	-0.05043216
975	-0.05043555
976	-0.05043377
977	-0.05043827
978	-0.05044279
979	-0.05043213
980	-0.05044477
981	-0.05043229
982	-0.05043179
983	-0.05043275
984	-0.05043042
985	-0.05045846
986	-0.05044918
987	-0.05043650
988	-0.05043931
989	-0.05044052
990	-0.05043264
991	-0.05043329
992	-0.05043465
993	-0.05044512
994	-0.05044398
995	-0.05044455
996	-0.05043288
997	-0.05045051
998	-0.05043173
999	-0.05043559
1000	-0.05043787
1001	-0.05043249
1002	-0.05044261
1003	-0.05044334
1004	-0.05044156
1005	-0.05044367
1006	-0.05043726
1007	-0.05042734
1008	-0.05043789
1009	-0.05043258
1010	-0.05043885
1011	-0.05044405
1012	-0.05043424
1013	-0.05044184
1014	-0.05045885
1015	-0.05043278
1016	-0.05043458
1017	-0.05043103
1018	-0.05043335
1019	-0.05044531
1020	-0.05043931
1021	-0.05043665
1022	-0.05044457
1023	-0.05043316
1024	-0.05043126
1025	-0.05043261
1026	-0.05043752
1027	-0.05044091
1028	-0.05043825
1029	-0.05043202
1030	-0.05044714
1031	-0.05043249
1032	-0.05042760
1033	-0.05040966
1034	-0.05043227
1035	-0.05043588
1036	-0.05044783
1037	-0.05044012
1038	-0.05043589
1039	-0.05044208
1040	-0.05043615
1041	-0.05043885
1042	-0.05044617
1043	-0.05044066
1044	-0.05044176
1045	-0.05043728
1046	-0.05043333
1047	-0.05045261
1048	-0.05043294
1049	-0.05043531
1050	-0.05043044
1051	-0.05043067
1052	-0.05042814
1053	-0.05044176
1054	-0.05043698
1055	-0.05044788
1056	-0.05043379
1057	-0.05043097
1058	-0.05043439
1059	-0.05043464
1060	-0.05043498
1061	-0.05044146
1062	-0.05044379
1063	-0.05043296
1064	-0.05043683
1065	-0.05043305
1066	-0.05043152
1067	-0.05043467
1068	-0.05043492
1069	-0.05043990
1070	-0.05044296
1071	-0.05043058
1072	-0.05044547
1073	-0.05042955
1074	-0.05043023
1075	-0.05042814
1076	-0.05043400
1077	-0.05043153
1078	-0.05043470
1079	-0.05042717
1080	-0.05043991
1081	-0.05041392
1082	-0.05043063
1083	-0.05042901
1084	-0.05043088
1085	-0.05043362
1086	-0.05044471
1087	-0.05042905
1088	-0.05043922
1089	-0.05044646
1090	-0.05043554
1091	-0.05042813
1092	-0.05043441
1093	-0.05043470
1094	-0.05044389
1095	-0.05043435
1096	-0.05043504
1097	-0.05044522
1098	-0.05042942
1099	-0.05042531
1100	-0.05043061
1101	-0.05042579
1102	-0.05043812
1103	-0.05044004
1104	-0.05043227
1105	-0.05043721
1106	-0.05043036
1107	-0.05042538
1108	-0.05042871
1109	-0.05042675
1110	-0.05042549
1111	-0.05043307
1112	-0.05042935
1113	-0.05043152
1114	-0.05043409
1115	-0.05042829
1116	-0.05042812
1117	-0.05042726
1118	-0.05042569
1119	-0.05043673
1120	-0.05043490
1121	-0.05042373
1122	-0.05044275
1123	-0.05042494
1124	-0.05042037
1125	-0.05042906
1126	-0.05042427
1127	-0.05043172
1128	-0.05043285
1129	-0.05041951
1130	-0.05043743
1131	-0.05042860
1132	-0.05042812
1133	-0.05043077
1134	-0.05043116
1135	-0.05043425
1136	-0.05044097
1137	-0.05042967
1138	-0.05043480
1139	-0.05044207
1140	-0.05042813
1141	-0.05043343
1142	-0.05042798
1143	-0.05042778
1144	-0.05044246
1145	-0.05043332
1146	-0.05042984
1147	-0.05044711
1148	-0.05043489
1149	-0.05042860
1150	-0.05042734
1151	-0.05042601
1152	-0.05043554
1153	-0.05043515
1154	-0.05042649
1155	-0.05043890
1156	-0.05042933
1157	-0.05042745
1158	-0.05041897
1159	-0.05042565
1160	-0.05043231
1161	-0.05043675
1162	-0.05042338
1163	-0.05042748
1164	-0.05043910
1165	-0.05042341
1166	-0.05042661
1167	-0.05042674
1168	-0.05042306
1169	-0.05043643
1170	-0.05043584
1171	-0.05043297
1172	-0.05044554
1173	-0.05042454
1174	-0.05042996
1175	-0.05043422
1176	-0.05043427
1177	-0.05043428
1178	-0.05043785
1179	-0.05042947
1180	-0.05044007
1181	-0.05042705
1182	-0.05042887
1183	-0.05043289
1184	-0.05042170
1185	-0.05043036
1186	-0.05043522
1187	-0.05042433
1188	-0.05043752
1189	-0.05044081
1190	-0.05042939
1191	-0.05042982
1192	-0.05042857
1193	-0.05043074
1194	-0.05043782
1195	-0.05043639
1196	-0.05042677
1197	-0.05044698
1198	-0.05042971
1199	-0.05042407
1200	-0.05042873
1201	-0.05042003
1202	-0.05043659
1203	-0.05042968
1204	-0.05042983
1205	-0.05043538
1206	-0.05041667
1207	-0.05042199
1208	-0.05042314
1209	-0.05042601
1210	-0.05043159
1211	-0.05043323
1212	-0.05042720
1213	-0.05042608
1214	-0.05043392
1215	-0.05042715
1216	-0.05042437
1217	-0.05042561
1218	-0.05042386
1219	-0.05043683
1220	-0.05043288
1221	-0.05042760
1222	-0.05044178
1223	-0.05042564
1224	-0.05043112
1225	-0.05043700
1226	-0.05042582
1227	-0.05042773
1228	-0.05043428
1229	-0.05042306
1230	-0.05044004
1231	-0.05042499
1232	-0.05042387
1233	-0.05043061
1234	-0.05042069
1235	-0.05042321
1236	-0.05043452
1237	-0.05043044
1238	-0.05043114
1239	-0.05043469
1240	-0.05042493
1241	-0.05042517
1242	-0.05042738
1243	-0.05043052
1244	-0.05043058
1245	-0.05042940
1246	-0.05042399
1247	-0.05043615
1248	-0.05042911
1249	-0.05042012
1250	-0.05042394
1251	-0.05042499
1252	-0.05043094
1253	-0.05043644
1254	-0.05042839
1255	-0.05043118
1256	-0.05042662
1257	-0.05042467
1258	-0.05043156
1259	-0.05042878
1260	-0.05042468
1261	-0.05043437
1262	-0.05042585
1263	-0.05042916
1264	-0.05043737
1265	-0.05042344
1266	-0.05042526
1267	-0.05042077
1268	-0.05042047
1269	-0.05043865
1270	-0.05042838
1271	-0.05042803
1272	-0.05043503
1273	-0.05042208
1274	-0.05042678
1275	-0.05042489
1276	-0.05042579
1277	-0.05043086
1278	-0.05043445
1279	-0.05042667
1280	-0.05043527
1281	-0.05043020
1282	-0.05043091
1283	-0.05042763
1284	-0.05042419
1285	-0.05042912
1286	-0.05043371
1287	-0.05042941
1288	-0.05042844
1289	-0.05043301
1290	-0.05042445
1291	-0.05042752
1292	-0.05042415
1293	-0.05042465
1294	-0.05043809
1295	-0.05042891
1296	-0.05042456
1297	-0.05044019
1298	-0.05042332
1299	-0.05042562
1300	-0.05042594
1301	-0.05042409
1302	-0.05043034
1303	-0.05043382
1304	-0.05043216
1305	-0.05043427
1306	-0.05043104
1307	-0.05042714
1308	-0.05042936
1309	-0.05042516
1310	-0.05042640
1311	-0.05043522
1312	-0.05042131
1313	-0.05042730
1314	-0.05043773
1315	-0.05042273
1316	-0.05042503
1317	-0.05041926
1318	-0.05042093
1319	-0.05043155
1320	-0.05042788
1321	-0.05040848
1322	-0.05043325
1323	-0.05042191
1324	-0.05042714
1325	-0.05042587
1326	-0.05042590
1327	-0.05043133
1328	-0.05043373
1329	-0.05042423
1330	-0.05043878
1331	-0.05042877
1332	-0.05042534
1333	-0.05043165
1334	-0.05042760
1335	-0.05043164
1336	-0.05043712
1337	-0.05043117
1338	-0.05042821
1339	-0.05043320
1340	-0.05042421
1341	-0.05042614
1342	-0.05042114
1343	-0.05042334
1344	-0.05043188
1345	-0.05042716
1346	-0.05042562
1347	-0.05043935
1348	-0.05042467
1349	-0.05041987
1350	-0.05043305
1351	-0.05042288
1352	-0.05043110
1353	-0.05043704
1354	-0.05042810
1355	-0.05043330
1356	-0.05042605
1357	-0.05042502
1358	-0.05042427
1359	-0.05042709
1360	-0.05043000
1361	-0.05043192
1362	-0.05042270
1363	-0.05042432
1364	-0.05043215
1365	-0.05042224
1366	-0.05042276
1367	-0.05042433
1368	-0.05041696
1369	-0.05043473
1370	-0.05042267
1371	-0.05042243
1372	-0.05043852
1373	-0.05042133
1374	-0.05041958
1375	-0.05042430
1376	-0.05042283
1377	-0.05042529
1378	-0.05043090
1379	-0.05042284
1380	-0.05043539
1381	-0.05042535
1382	-0.05042363
1383	-0.05041736
1384	-0.05041791
1385	-0.05042500
1386	-0.05043215
1387	-0.05042025
1388	-0.05042621
1389	-0.05043563
1390	-0.05042530
1391	-0.05042584
1392	-0.05042185
1393	-0.05042377
1394	-0.05043233
1395	-0.05042989
1396	-0.05042266
1397	-0.05043203
1398	-0.05041037
1399	-0.05042088
1400	-0.05042480
1401	-0.05042494
1402	-0.05043137
1403	-0.05043075
1404	-0.05042510
1405	-0.05043359
1406	-0.05042143
1407	-0.05042596
1408	-0.05042596
1409	-0.05042617
1410	-0.05042631
1411	-0.05043046
1412	-0.05042455
1413	-0.05042932
1414	-0.05043328
1415	-0.05042137
1416	-0.05043879
1417	-0.05043037
1418	-0.05041900
1419	-0.05043664
1420	-0.05043175
1421	-0.05042787
1422	-0.05043469
1423	-0.05042272
1424	-0.05042123
1425	-0.05042757
1426	-0.05041571
1427	-0.05042737
1428	-0.05043066
1429	-0.05042325
1430	-0.05043560
1431	-0.05042662
1432	-0.05042398
1433	-0.05042844
1434	-0.05042964
1435	-0.05042719
1436	-0.05043142
1437	-0.05043332
1438	-0.05043333
1439	-0.05043031
1440	-0.05042872
1441	-0.05042594
1442	-0.05042389
1443	-0.05043430
1444	-0.05043560
1445	-0.05042919
1446	-0.05043041
1447	-0.05044375
1448	-0.05042259
1449	-0.05042071
1450	-0.05042838
1451	-0.05041890
1452	-0.05043674
1453	-0.05043318
1454	-0.05042629
1455	-0.05043496
1456	-0.05043116
1457	-0.05042511
1458	-0.05042691
1459	-0.05042336
1460	-0.05042986
1461	-0.05043188
1462	-0.05043027
1463	-0.05042907
1464	-0.05043943
1465	-0.05042890
1466	-0.05042937
1467	-0.05042381
1468	-0.05042449
1469	-0.05043034
1470	-0.05042737
1471	-0.05042679
1472	-0.05043471
1473	-0.05042006
1474	-0.05042299
1475	-0.05042062
1476	-0.05042410
1477	-0.05043126
1478	-0.05043298
1479	-0.05042422
1480	-0.05043473
1481	-0.05042766
1482	-0.05042402
1483	-0.05042905
1484	-0.05042324
1485	-0.05042735
1486	-0.05043320
1487	-0.05042802
1488	-0.05042910
1489	-0.05043518
1490	-0.05042289
1491	-0.05042186
1492	-0.05042157
1493	-0.05042681
1494	-0.05044009
1495	-0.05042892
1496	-0.05042445
1497	-0.05044394
1498	-0.05042854
1499	-0.05042844
1500	-0.05042808
1501	-0.05042602
1502	-0.05044209
1503	-0.05043937
1504	-0.05043862
1505	-0.05043810
1506	-0.05043425
1507	-0.05043098
1508	-0.05043259
1509	-0.05042836
1510	-0.05042861
1511	-0.05043854
1512	-0.05041838
1513	-0.05042927
1514	-0.05043501
1515	-0.05042547
1516	-0.05042440
1517	-0.05042323
1518	-0.05041860
1519	-0.05043285
1520	-0.05042692
1521	-0.05042636
1522	-0.05043776
1523	-0.05042005
1524	-0.05041592
1525	-0.05042467
1526	-0.05042356
1527	-0.05042828
1528	-0.05043574
1529	-0.05042140
1530	-0.05043314
1531	-0.05042817
1532	-0.05042261
1533	-0.05042746
1534	-0.05042326
1535	-0.05042653
1536	-0.05043695
1537	-0.05042955
1538	-0.05042961
1539	-0.05044122
1540	-0.05042480
1541	-0.05043618
1542	-0.05040976
1543	-0.05042994
1544	-0.05044001
1545	-0.05043235
1546	-0.05042941
1547	-0.05044299
1548	-0.05043037
1549	-0.05042795
1550	-0.05042711
1551	-0.05042604
1552	-0.05043197
1553	-0.05043922
1554	-0.05043427
1555	-0.05043911
1556	-0.05043166
1557	-0.05042829
1558	-0.05042914
1559	-0.05043080
1560	-0.05042941
1561	-0.05042686
1562	-0.05042928
1563	-0.05043114
1564	-0.05043792
1565	-0.05042968
1566	-0.05043514
1567	-0.05042846
1568	-0.05042461
1569	-0.05043903
1570	-0.05043697
1571	-0.05043354
1572	-0.05044556
1573	-0.05042769
1574	-0.05042147
1575	-0.05043007
1576	-0.05042324
1577	-0.05043190
1578	-0.05043644
1579	-0.05043520
1580	-0.05043223
1581	-0.05043370
1582	-0.05042731
1583	-0.05043298
1584	-0.05042398
1585	-0.05043430
1586	-0.05044197
1587	-0.05043471
1588	-0.05043374
1589	-0.05044204
1590	-0.05040931
1591	-0.05043114
1592	-0.05042638
1593	-0.05043148
1594	-0.05044017
1595	-0.05043457
1596	-0.05042860
1597	-0.05044710
1598	-0.05043116
1599	-0.05042762
1600	-0.05042772
1601	-0.05042790
1602	-0.05043331
1603	-0.05043367
1604	-0.05043077
1605	-0.05044276
1606	-0.05043209
1607	-0.05043122
1608	-0.05042536
1609	-0.05046016
1610	-0.05043715
1611	-0.05044197
1612	-0.05043130
1613	-0.05042991
1614	-0.05044523
1615	-0.05042993
1616	-0.05042803
1617	-0.05042744
1618	-0.05042388
1619	-0.05043584
1620	-0.05043772
1621	-0.05043015
1622	-0.05043857
1623	-0.05042998
1624	-0.05042903
1625	-0.05043050
1626	-0.05042227
1627	-0.05043430
1628	-0.05043754
1629	-0.05042561
1630	-0.05044138
1631	-0.05042844
1632	-0.05043004
1633	-0.05042994
1634	-0.05043098
1635	-0.05043405
1636	-0.05044086
1637	-0.05043408
1638	-0.05043496
1639	-0.05044404
1640	-0.05042972
1641	-0.05043202
1642	-0.05042785
1643	-0.05043451
1644	-0.05043865
1645	-0.05043255
1646	-0.05042057
1647	-0.05043975
1648	-0.05043206
1649	-0.05043057
1650	-0.05042890
1651	-0.05042920
1652	-0.05043714
1653	-0.05043860
1654	-0.05043498
1655	-0.05044055
1656	-0.05043796
1657	-0.05044702
1658	-0.05043268
1659	-0.05043374
1660	-0.05043403
1661	-0.05044051
1662	-0.05043476
1663	-0.05043697
1664	-0.05044765
1665	-0.05042903
1666	-0.05042848
1667	-0.05043880
1668	-0.05042975
1669	-0.05043782
1670	-0.05043548
1671	-0.05043374
1672	-0.05044039
1673	-0.05042563
1674	-0.05042348
1675	-0.05042487
1676	-0.05042569
1677	-0.05043040
1678	-0.05043356
1679	-0.05042693
1680	-0.05042678
1681	-0.05043012
1682	-0.05042709
1683	-0.05042731
1684	-0.05042534
1685	-0.05042605
1686	-0.05044104
1687	-0.05043141
1688	-0.05043042
1689	-0.05044323
1690	-0.05042755
1691	-0.05042653
1692	-0.05042328
1693	-0.05042972
1694	-0.05043295
1695	-0.05043983
1696	-0.05042473
1697	-0.05043680
1698	-0.05042491
1699	-0.05042632
1700	-0.05042706
1701	-0.05042572
1702	-0.05043522
1703	-0.05043985
1704	-0.05042663
1705	-0.05043878
1706	-0.05043678
1707	-0.05043288
1708	-0.05043465
1709	-0.05043049
1710	-0.05043399
1711	-0.05044365
1712	-0.05043522
1713	-0.05043367
1714	-0.05043544
1715	-0.05042791
1716	-0.05042548
1717	-0.05042302
1718	-0.05041929
1719	-0.05043208
1720	-0.05043098
1721	-0.05042886
1722	-0.05043845
1723	-0.05042098
1724	-0.05042058
1725	-0.05042753
1726	-0.05042626
1727	-0.05042569
1728	-0.05043078
1729	-0.05042268
1730	-0.05042431
1731	-0.05042948
1732	-0.05042174
1733	-0.05042026
1734	-0.05043669
1735	-0.05042386
1736	-0.05043125
1737	-0.05042193
1738	-0.05042684
1739	-0.05043808
1740	-0.05042515
1741	-0.05041869
1742	-0.05043753
1743	-0.05042326
1744	-0.05043400
1745	-0.05043070
1746	-0.05042963
1747	-0.05043591
1748	-0.05042700
1749	-0.05042416
1750	-0.05042167
1751	-0.05042844
1752	-0.05042612
1753	-0.05043180
1754	-0.05042484
1755	-0.05043522
1756	-0.05042529
1757	-0.05042395
1758	-0.05042528
1759	-0.05041984
1760	-0.05042575
1761	-0.05043467
1762	-0.05042797
1763	-0.05043092
1764	-0.05043474
1765	-0.05042296
1766	-0.05042311
1767	-0.05042354
1768	-0.05041838
1769	-0.05042394
1770	-0.05042319
1771	-0.05042066
1772	-0.05043237
1773	-0.05041834
1774	-0.05041663
1775	-0.05042117
1776	-0.05041528
1777	-0.05042503
1778	-0.05042165
1779	-0.05041799
1780	-0.05042065
1781	-0.05042126
1782	-0.05039361
1783	-0.05041543
1784	-0.05041913
1785	-0.05041584
1786	-0.05042943
1787	-0.05042040
1788	-0.05041943
1789	-0.05042775
1790	-0.05042028
1791	-0.05041397
1792	-0.05041907
1793	-0.05042102
1794	-0.05042465
1795	-0.05042425
1796	-0.05041523
1797	-0.05043762
1798	-0.05041808
1799	-0.05041656
1800	-0.05042002
1801	-0.05039512
1802	-0.05042546
1803	-0.05042585
1804	-0.05041687
1805	-0.05041973
1806	-0.05042195
1807	-0.05041584
1808	-0.05041436
1809	-0.05041602
1810	-0.05041573
1811	-0.05042064
1812	-0.05041411
1813	-0.05041860
1814	-0.05042808
1815	-0.05041689
1816	-0.05041435
1817	-0.05041081
1818	-0.05041144
1819	-0.05042271
1820	-0.05041821
1821	-0.05041433
1822	-0.05042499
1823	-0.05041378
1824	-0.05041377
1825	-0.05041130
1826	-0.05041507
1827	-0.05041967
1828	-0.05042394
1829	-0.05042163
1830	-0.05040210
1831	-0.05041846
1832	-0.05041507
1833	-0.05041208
1834	-0.05041027
1835	-0.05041201
1836	-0.05042450
1837	-0.05041806
1838	-0.05041274
1839	-0.05042599
1840	-0.05041482
1841	-0.05040943
1842	-0.05041157
1843	-0.05041191
1844	-0.05042115
1845	-0.05041678
1846	-0.05041155
1847	-0.05042330
1848	-0.05040753
1849	-0.05040529
1850	-0.05041151
1851	-0.05041106
1852	-0.05041350
1853	-0.05042124
1854	-0.05041157
1855	-0.05041494
1856	-0.05042084
1857	-0.05041184
1858	-0.05041557
1859	-0.05040488
1860	-0.05041515
1861	-0.05042284
1862	-0.05041724
1863	-0.05041576
1864	-0.05042497
1865	-0.05041157
1866	-0.05041638
1867	-0.05041520
1868	-0.05040646
1869	-0.05042011
1870	-0.05041480
1871	-0.05041219
1872	-0.05042081
1873	-0.05040956
1874	-0.05040745
1875	-0.05041566
1876	-0.05040982
1877	-0.05041505
1878	-0.05042991
1879	-0.05041520
1880	-0.05041547
1881	-0.05041016
1882	-0.05041130
1883	-0.05041343
1884	-0.05041174
1885	-0.05040836
1886	-0.05041842
1887	-0.05041125
1888	-0.05041758
1889	-0.05042501
1890	-0.05040880
1891	-0.05040976
1892	-0.05041114
1893	-0.05041594
1894	-0.05042240
1895	-0.05041892
1896	-0.05040776
1897	-0.05042019
1898	-0.05041555
1899	-0.05041058
1900	-0.05041323
1901	-0.05041259
1902	-0.05041340
1903	-0.05042709
1904	-0.05041165
1905	-0.05041527
1906	-0.05041981
1907	-0.05040216
1908	-0.05041325
1909	-0.05040948
1910	-0.05041587
1911	-0.05042005
1912	-0.05041509
1913	-0.05041407
1914	-0.05042053
1915	-0.05041080
1916	-0.05040517
1917	-0.05040885
1918	-0.05040947
1919	-0.05042109
1920	-0.05041439
1921	-0.05041033
1922	-0.05042354
1923	-0.05041047
1924	-0.05041138
1925	-0.05041312
1926	-0.05040786
1927	-0.05041480
1928	-0.05041829
1929	-0.05041222
1930	-0.05041418
1931	-0.05041450
1932	-0.05041397
1933	-0.05041238
1934	-0.05041039
1935	-0.05040805
1936	-0.05042272
1937	-0.05041713
1938	-0.05041627
1939	-0.05042403
1940	-0.05040955
1941	-0.05040714
1942	-0.05041428
1943	-0.05041310
1944	-0.05042296
1945	-0.05042055
1946	-0.05041181
1947	-0.05042589
1948	-0.05041356
1949	-0.05041143
1950	-0.05041742
1951	-0.05040950
1952	-0.05041822
1953	-0.05042378
1954	-0.05041880
1955	-0.05042237
1956	-0.05042112
1957	-0.05041090
1958	-0.05041409
1959	-0.05041008
1960	-0.05041219
1961	-0.05042218
1962	-0.05041745
1963	-0.05041635
1964	-0.05042573
1965	-0.05041542
1966	-0.05041280
1967	-0.05041048
1968	-0.05040621
1969	-0.05042170
1970	-0.05042144
1971	-0.05041455
1972	-0.05042514
1973	-0.05042106
1974	-0.05041670
1975	-0.05041179
1976	-0.05041184
1977	-0.05041549
1978	-0.05041388
1979	-0.05040967
1980	-0.05041658
1981	-0.05041686
1982	-0.05041379
1983	-0.05041355
1984	-0.05040151
1985	-0.05041336
1986	-0.05042006
1987	-0.05041672
1988	-0.05041508
1989	-0.05042391
1990	-0.05041423
1991	-0.05041228
1992	-0.05041011
1993	-0.05040918
1994	-0.05042250
1995	-0.05042110
1996	-0.05041672
1997	-0.05042718
1998	-0.05041577
1999	-0.05041640
2000	-0.05041590
2001	-0.05041050
2002	-0.05041880
2003	-0.05042746
2004	-0.05041544
2005	-0.05041723
2006	-0.05042072
2007	-0.05041081
2008	-0.05041373
2009	-0.05041137
2010	-0.05041642
2011	-0.05042313
2012	-0.05041597
2013	-0.05041755
2014	-0.05042692
2015	-0.05041083
2016	-0.05041431
2017	-0.05041520
2018	-0.05041581
2019	-0.05042082
2020	-0.05041851
2021	-0.05040184
2022	-0.05042094
2023	-0.05041236
2024	-0.05040875
2025	-0.05041200
2026	-0.05041371
2027	-0.05042075
2028	-0.05042668
2029	-0.05041260
2030	-0.05041701
2031	-0.05042638
2032	-0.05041516
2033	-0.05041110
2034	-0.05041451
2035	-0.05041716
2036	-0.05042477
2037	-0.05042371
2038	-0.05041762
2039	-0.05042834
2040	-0.05041137
2041	-0.05041070
2042	-0.05040922
2043	-0.05041829
2044	-0.05041921
2045	-0.05042389
2046	-0.05041783
2047	-0.05042327
2048	-0.05041564
2049	-0.05041572
2050	-0.05041722
2051	-0.05041185
2052	-0.05042141
2053	-0.05042454
2054	-0.05042059
2055	-0.05042095
2056	-0.05042159
2057	-0.05041302
2058	-0.05041619
2059	-0.05041130
2060	-0.05041621
2061	-0.05042662
2062	-0.05041637
2063	-0.05041854
2064	-0.05042396
2065	-0.05041672
2066	-0.05041296
2067	-0.05040832
2068	-0.05041241
2069	-0.05042605
2070	-0.05041953
2071	-0.05041726
2072	-0.05042874
2073	-0.05041698
2074	-0.05041417
2075	-0.05041410
2076	-0.05041153
2077	-0.05041958
2078	-0.05042227
2079	-0.05041333
2080	-0.05042333
2081	-0.05042718
2082	-0.05041619
2083	-0.05041841
2084	-0.05041451
2085	-0.05041779
2086	-0.05042770
2087	-0.05042147
2088	-0.05041473
2089	-0.05042561
2090	-0.05041239
2091	-0.05040823
2092	-0.05041423
2093	-0.05041474
2094	-0.05042263
2095	-0.05042165
2096	-0.05041336
2097	-0.05042952
2098	-0.05041196
2099	-0.05041220
2100	-0.05041726
2101	-0.05041502
2102	-0.05041866
2103	-0.05042284
2104	-0.05041922
2105	-0.05042233
2106	-0.05041886
2107	-0.05040853
2108	-0.05041702
2109	-0.05041768
2110	-0.05041636
2111	-0.05041542
2112	-0.05041530
2113	-0.05041768
2114	-0.05042878
2115	-0.05041136
2116	-0.05041613
2117	-0.05041491
2118	-0.05042134
2119	-0.05041626
2120	-0.05041589
2121	-0.05041213
2122	-0.05042845
2123	-0.05041467
2124	-0.05041466
2125	-0.05041825
2126	-0.05041183
2127	-0.05041904
2128	-0.05041626
2129	-0.05040991
2130	-0.05042552
2131	-0.05042308
2132	-0.05041151
2133	-0.05041523
2134	-0.05041332
2135	-0.05041467
2136	-0.05042152
2137	-0.05041937
2138	-0.05041598
2139	-0.05042674
2140	-0.05041884
2141	-0.05041895
2142	-0.05041390
2143	-0.05041794
2144	-0.05041895
2145	-0.05041860
2146	-0.05041632
2147	-0.05041675
2148	-0.05041217
2149	-0.05041399
2150	-0.05041237
2151	-0.05040956
2152	-0.05041417
2153	-0.05042380
2154	-0.05041609
2155	-0.05041790
2156	-0.05042012
2157	-0.05040952
2158	-0.05041676
2159	-0.05041365
2160	-0.05042101
2161	-0.05041957
2162	-0.05041240
2163	-0.05041080
2164	-0.05042525
2165	-0.05041806
2166	-0.05042127
2167	-0.05040963
2168	-0.05040914
2169	-0.05041759
2170	-0.05041677
2171	-0.05041337
2172	-0.05041954
2173	-0.05041540
2174	-0.05040529
2175	-0.05041185
2176	-0.05040661
2177	-0.05042206
2178	-0.05042028
2179	-0.05041598
2180	-0.05041570
2181	-0.05041856
2182	-0.05041147
2183	-0.05041094
2184	-0.05041197
2185	-0.05041192
2186	-0.05042421
2187	-0.05042133
2188	-0.05041977
2189	-0.05042790
2190	-0.05041640
2191	-0.05041161
2192	-0.05041822
2193	-0.05041520
2194	-0.05042040
2195	-0.05042135
2196	-0.05041022
2197	-0.05041799
2198	-0.05041434
2199	-0.05041309
2200	-0.05040708
2201	-0.05041050
2202	-0.05041041
2203	-0.05041865
2204	-0.05041142
2205	-0.05041714
2206	-0.05042069
2207	-0.05040937
2208	-0.05041547
2209	-0.05041149
2210	-0.05041298
2211	-0.05041935
2212	-0.05041553
2213	-0.05041266
2214	-0.05041540
2215	-0.05040976
2216	-0.05041567
2217	-0.05040761
2218	-0.05040657
2219	-0.05041954
2220	-0.05041587
2221	-0.05041449
2222	-0.05042015
2223	-0.05041609
2224	-0.05040738
2225	-0.05041203
2226	-0.05040821
2227	-0.05041575
2228	-0.05041440
2229	-0.05041065
2230	-0.05041394
2231	-0.05041522
2232	-0.05040537
2233	-0.05040955
2234	-0.05040959
2235	-0.05040488
2236	-0.05041807
2237	-0.05041525
2238	-0.05041398
2239	-0.05042432
2240	-0.05041455
2241	-0.05040800
2242	-0.05041180
2243	-0.05040075
2244	-0.05041966
2245	-0.05042354
2246	-0.05041045
2247	-0.05042043
2248	-0.05041906
2249	-0.05041423
2250	-0.05041861
2251	-0.05041814
2252	-0.05041642
2253	-0.05042479
2254	-0.05041532
2255	-0.05041910
2256	-0.05042050
2257	-0.05041393
2258	-0.05041534
2259	-0.05041331
2260	-0.05041588
2261	-0.05040868
2262	-0.05041557
2263	-0.05040978
2264	-0.05042263
2265	-0.05041274
2266	-0.05040769
2267	-0.05040535
2268	-0.05040911
2269	-0.05041452
2270	-0.05041178
2271	-0.05041257
2272	-0.05041756
2273	-0.05041278
2274	-0.05040871
2275	-0.05040991
2276	-0.05041122
2277	-0.05042048
2278	-0.05042006
2279	-0.05041216
2280	-0.05041699
2281	-0.05042316
2282	-0.05041099
2283	-0.05041102
2284	-0.05041210
2285	-0.05041256
2286	-0.05041984
2287	-0.05041448
2288	-0.05041815
2289	-0.05043077
2290	-0.05041432
2291	-0.05039586
2292	-0.05041560
2293	-0.05041656
2294	-0.05041748
2295	-0.05042323
2296	-0.05041710
2297	-0.05042204
2298	-0.05041804
2299	-0.05041139
2300	-0.05041584
2301	-0.05040773
2302	-0.05041502
2303	-0.05042496
2304	-0.05041737
2305	-0.05042146
2306	-0.05042166
2307	-0.05041652
2308	-0.05041389
2309	-0.05041514
2310	-0.05041845
2311	-0.05042256
2312	-0.05041675
2313	-0.05041110
2314	-0.05042226
2315	-0.05041227
2316	-0.05041150
2317	-0.05041079
2318	-0.05040826
2319	-0.05041443
2320	-0.05041810
2321	-0.05041130
2322	-0.05041923
2323	-0.05041022
2324	-0.05041148
2325	-0.05040924
2326	-0.05041473
2327	-0.05041531
2328	-0.05042167
2329	-0.05041530
2330	-0.05041610
2331	-0.05042795
2332	-0.05041088
2333	-0.05041418
2334	-0.05041314
2335	-0.05041118
2336	-0.05042025
2337	-0.05041331
2338	-0.05041153
2339	-0.05040045
2340	-0.05041273
2341	-0.05041330
2342	-0.05041628
2343	-0.05041298
2344	-0.05042026
2345	-0.05042303
2346	-0.05041266
2347	-0.05042661
2348	-0.05041850
2349	-0.05041239
2350	-0.05041776
2351	-0.05041632
2352	-0.05041537
2353	-0.05042342
2354	-0.05041873
2355	-0.05041977
2356	-0.05041974
2357	-0.05041310
2358	-0.05043151
2359	-0.05041498
2360	-0.05041626
2361	-0.05041995
2362	-0.05041318
2363	-0.05041340
2364	-0.05042199
2365	-0.05041579
2366	-0.05041445
2367	-0.05041007
2368	-0.05040235
2369	-0.05041863
2370	-0.05041793
2371	-0.05041339
2372	-0.05042233
2373	-0.05041116
2374	-0.05040957
2375	-0.05041314
2376	-0.05040766
2377	-0.05041264
2378	-0.05041507
2379	-0.05041572
2380	-0.05041283
2381	-0.05042131
2382	-0.05041517
2383	-0.05041087
2384	-0.05041441
2385	-0.05040843
2386	-0.05041994
2387	-0.05044681
2388	-0.05041694
2389	-0.05042015
2390	-0.05041312
2391	-0.05040975
2392	-0.05041659
2393	-0.05041165
2394	-0.05041276
2395	-0.05041803
2396	-0.05040436
2397	-0.05041956
2398	-0.05041265
2399	-0.05040957
2400	-0.05041534
2401	-0.05041043
2402	-0.05041423
2403	-0.05041945
2404	-0.05041572
2405	-0.05041913
2406	-0.05043414
2407	-0.05040840
2408	-0.05040991
2409	-0.05040455
2410	-0.05041404
2411	-0.05041511
2412	-0.05041192
2413	-0.05041230
2414	-0.05042068
2415	-0.05040923
2416	-0.05041067
2417	-0.05040509
2418	-0.05040387
2419	-0.05040767
2420	-0.05041426
2421	-0.05041170
2422	-0.05041467
2423	-0.05040661
2424	-0.05039890
2425	-0.05040409
2426	-0.05040067
2427	-0.05041128
2428	-0.05041872
2429	-0.05040710
2430	-0.05040871
2431	-0.05042291
2432	-0.05040848
2433	-0.05040661
2434	-0.05040415
2435	-0.05039183
2436	-0.05041199
2437	-0.05040702
2438	-0.05040832
2439	-0.05041940
2440	-0.05040577
2441	-0.05040215
2442	-0.05040519
2443	-0.05040254
2444	-0.05041612
2445	-0.05041358
2446	-0.05040237
2447	-0.05041118
2448	-0.05040780
2449	-0.05040325
2450	-0.05040127
2451	-0.05039953
2452	-0.05040380
2453	-0.05041430
2454	-0.05037966
2455	-0.05040751
2456	-0.05041345
2457	-0.05040243
2458	-0.05040429
2459	-0.05039999
2460	-0.05040013
2461	-0.05041034
2462	-0.05040587
2463	-0.05039680
2464	-0.05042183
2465	-0.05040361
2466	-0.05040000
2467	-0.05040592
2468	-0.05039668
2469	-0.05040741
2470	-0.05040587
2471	-0.05040250
2472	-0.05040995
2473	-0.05040699
2474	-0.05039928
2475	-0.05040519
2476	-0.05040343
2477	-0.05040368
2478	-0.05040450
2479	-0.05040018
2480	-0.05039941
2481	-0.05040612
2482	-0.05039893
2483	-0.05038564
2484	-0.05039803
2485	-0.05039508
2486	-0.05040818
2487	-0.05040894
2488	-0.05040404
2489	-0.05041136
2490	-0.05039745
2491	-0.05040498
2492	-0.05039562
2493	-0.05040200
2494	-0.05040247
2495	-0.05040775
2496	-0.05039737
2497	-0.05040468
2498	-0.05039745
2499	-0.05039819
2500	-0.05039317
2501	-0.05038768
2502	-0.05039846
2503	-0.05040217
2504	-0.05039930
2505	-0.05040401
2506	-0.05041020
2507	-0.05040013
2508	-0.05039582
2509	-0.05039660
2510	-0.05039966
2511	-0.05040650
2512	-0.05039367
2513	-0.05039394
2514	-0.05040753
2515	-0.05039682
2516	-0.05038778
2517	-0.05039351
2518	-0.05039427
2519	-0.05039967
2520	-0.05040667
2521	-0.05039698
2522	-0.05040763
2523	-0.05039624
2524	-0.05039035
2525	-0.05039548
2526	-0.05039375
2527	-0.05040170
2528	-0.05040099
2529	-0.05039475
2530	-0.05039102
2531	-0.05038418
2532	-0.05039162
2533	-0.05039680
2534	-0.05039127
2535	-0.05039389
2536	-0.05039787
2537	-0.05039572
2538	-0.05039988
2539	-0.05040850
2540	-0.05039666
2541	-0.05039401
2542	-0.05039614
2543	-0.05039030
2544	-0.05040136
2545	-0.05040117
2546	-0.05039178
2547	-0.05040188
2548	-0.05039715
2549	-0.05039270
2550	-0.05039293
2551	-0.05039089
2552	-0.05039361
2553	-0.05040015
2554	-0.05039605
2555	-0.05039499
2556	-0.05039976
2557	-0.05039010
2558	-0.05039120
2559	-0.05039285
2560	-0.05038651
2561	-0.05040193
2562	-0.05039704
2563	-0.05039281
2564	-0.05040080
2565	-0.05039193
2566	-0.05038851
2567	-0.05039388
2568	-0.05038302
2569	-0.05039770
2570	-0.05039404
2571	-0.05039396
2572	-0.05039580
2573	-0.05039426
2574	-0.05039091
2575	-0.05038552
2576	-0.05038847
2577	-0.05038901
2578	-0.05040196
2579	-0.05038112
2580	-0.05039233
2581	-0.05039879
2582	-0.05038528
2583	-0.05039005
2584	-0.05039137
2585	-0.05038643
2586	-0.05039325
2587	-0.05039207
2588	-0.05038206
2589	-0.05040190
2590	-0.05039095
2591	-0.05038239
2592	-0.05038655
2593	-0.05038708
2594	-0.05039226
2595	-0.05039316
2596	-0.05038757
2597	-0.05039529
2598	-0.05039169
2599	-0.05038553
2600	-0.05038719
2601	-0.05038063
2602	-0.05038588
2603	-0.05039434
2604	-0.05038894
2605	-0.05039299
2606	-0.05039369
2607	-0.05038661
2608	-0.05038637
2609	-0.05038305
2610	-0.05038689
2611	-0.05039397
2612	-0.05039157
2613	-0.05038637
2614	-0.05040145
2615	-0.05039152
2616	-0.05038262
2617	-0.05038643
2618	-0.05038890
2619	-0.05038887
2620	-0.05039354
2621	-0.05038917
2622	-0.05039366
2623	-0.05038972
2624	-0.05038410
2625	-0.05038210
2626	-0.05038127
2627	-0.05041061
2628	-0.05039249
2629	-0.05038677
2630	-0.05038545
2631	-0.05039543
2632	-0.05038409
2633	-0.05038399
2634	-0.05038735
2635	-0.05038313
2636	-0.05039062
2637	-0.05039072
2638	-0.05038692
2639	-0.05039204
2640	-0.05038434
2641	-0.05038454
2642	-0.05038107
2643	-0.05038251
2644	-0.05038624
2645	-0.05039410
2646	-0.05037997
2647	-0.05039058
2648	-0.05038827
2649	-0.05038340
2650	-0.05038166
2651	-0.05038165
2652	-0.05038956
2653	-0.05039458
2654	-0.05038906
2655	-0.05039051
2656	-0.05040018
2657	-0.05038282
2658	-0.05038992
2659	-0.05038647
2660	-0.05038850
2661	-0.05039157
2662	-0.05038950
2663	-0.05038586
2664	-0.05039527
2665	-0.05038810
2666	-0.05038739
2667	-0.05038536
2668	-0.05038802
2669	-0.05039446
2670	-0.05039224
2671	-0.05039176
2672	-0.05039608
2673	-0.05039507
2674	-0.05038112
2675	-0.05039262
2676	-0.05039169
2677	-0.05038944
2678	-0.05039789
2679	-0.05038968
2680	-0.05038644
2681	-0.05039469
2682	-0.05038142
2683	-0.05038784
2684	-0.05038761
2685	-0.05038428
2686	-0.05039009
2687	-0.05039129
2688	-0.05038539
2689	-0.05039720
2690	-0.05038755
2691	-0.05038892
2692	-0.05039183
2693	-0.05039287
2694	-0.05039139
2695	-0.05039284
2696	-0.05038473
2697	-0.05039404
2698	-0.05038833
2699	-0.05038458
2700	-0.05038499
2701	-0.05038327
2702	-0.05038591
2703	-0.05039550
2704	-0.05039105
2705	-0.05039016
2706	-0.05039303
2707	-0.05038936
2708	-0.05038646
2709	-0.05038762
2710	-0.05038911
2711	-0.05039293
2712	-0.05038821
2713	-0.05038920
2714	-0.05039136
2715	-0.05038828
2716	-0.05038816
2717	-0.05038175
2718	-0.05038585
2719	-0.05039336
2720	-0.05039385
2721	-0.05039325
2722	-0.05038908
2723	-0.05038438
2724	-0.05038797
2725	-0.05038642
2726	-0.05038938
2727	-0.05039238
2728	-0.05039262
2729	-0.05039217
2730	-0.05039487
2731	-0.05040205
2732	-0.05039266
2733	-0.05038876
2734	-0.05038992
2735	-0.05038966
2736	-0.05039426
2737	-0.05039500
2738	-0.05039780
2739	-0.05040020
2740	-0.05039226
2741	-0.05038970
2742	-0.05038783
2743	-0.05038939
2744	-0.05038911
2745	-0.05039250
2746	-0.05038480
2747	-0.05039782
2748	-0.05039341
2749	-0.05038667
2750	-0.05038995
2751	-0.05038238
2752	-0.05039688
2753	-0.05039689
2754	-0.05039258
2755	-0.05039008
2756	-0.05039322
2757	-0.05039068
2758	-0.05038840
2759	-0.05038792
2760	-0.05038530
2761	-0.05039633
2762	-0.05039860
2763	-0.05039329
2764	-0.05039758
2765	-0.05039005
2766	-0.05038888
2767	-0.05039233
2768	-0.05039062
2769	-0.05039348
2770	-0.05040311
2771	-0.05041028
2772	-0.05039877
2773	-0.05039593
2774	-0.05038492
2775	-0.05039553
2776	-0.05039081
2777	-0.05039323
2778	-0.05039862
2779	-0.05039733
2780	-0.05039019
2781	-0.05039839
2782	-0.05038906
2783	-0.05039454
2784	-0.05039168
2785	-0.05038384
2786	-0.05039618
2787	-0.05039817
2788	-0.05039203
2789	-0.05039828
2790	-0.05038766
2791	-0.05038688
2792	-0.05038850
2793	-0.05038776
2794	-0.05039431
2795	-0.05039917
2796	-0.05039356
2797	-0.05039493
2798	-0.05039005
2799	-0.05038555
2800	-0.05038403
2801	-0.05038793
2802	-0.05039429
2803	-0.05040038
2804	-0.05039497
2805	-0.05039785
2806	-0.05039911
2807	-0.05039007
2808	-0.05039113
2809	-0.05039146
2810	-0.05039539
2811	-0.05039526
2812	-0.05039972
2813	-0.05038893
2814	-0.05040120
2815	-0.05039609
2816	-0.05039005
2817	-0.05039396
2818	-0.05041371
2819	-0.05040281
2820	-0.05040159
2821	-0.05039775
2822	-0.05040312
2823	-0.05039869
2824	-0.05039053
2825	-0.05039963
2826	-0.05039173
2827	-0.05039805
2828	-0.05039979
2829	-0.05039339
2830	-0.05039616
2831	-0.05039946
2832	-0.05039293
2833	-0.05038746
2834	-0.05039228
2835	-0.05039338
2836	-0.05039990
2837	-0.05039660
2838	-0.05039726
2839	-0.05040128
2840	-0.05039449
2841	-0.05039049
2842	-0.05039241
2843	-0.05039496
2844	-0.05039698
2845	-0.05040105
2846	-0.05039439
2847	-0.05040176
2848	-0.05040451
2849	-0.05039128
2850	-0.05039256
2851	-0.05038963
2852	-0.05038946
2853	-0.05040132
2854	-0.05039670
2855	-0.05039851
2856	-0.05039665
2857	-0.05039519
2858	-0.05039505
2859	-0.05039923
2860	-0.05039474
2861	-0.05040282
2862	-0.05040132
2863	-0.05039191
2864	-0.05040604
2865	-0.05039797
2866	-0.05039738
2867	-0.05038909
2868	-0.05039322
2869	-0.05040291
2870	-0.05040695
2871	-0.05039578
2872	-0.05040538
2873	-0.05040275
2874	-0.05039847
2875	-0.05039648
2876	-0.05040437
2877	-0.05039848
2878	-0.05040393
2879	-0.05040217
2880	-0.05040411
2881	-0.05041052
2882	-0.05039892
2883	-0.05039838
2884	-0.05039574
2885	-0.05039825
2886	-0.05040459
2887	-0.05040864
2888	-0.05039667
2889	-0.05040615
2890	-0.05040473
2891	-0.05039743
2892	-0.05039954
2893	-0.05039950
2894	-0.05040520
2895	-0.05040461
2896	-0.05039543
2897	-0.05040890
2898	-0.05040623
2899	-0.05040124
2900	-0.05040501
2901	-0.05040134
2902	-0.05040498
2903	-0.05041416
2904	-0.05041594
2905	-0.05040418
2906	-0.05041017
2907	-0.05039586
2908	-0.05039936
2909	-0.05039722
2910	-0.05040504
2911	-0.05040800
2912	-0.05040554
2913	-0.05040128
2914	-0.05040385
2915	-0.05039738
2916	-0.05040011
2917	-0.05040269
2918	-0.05039869
2919	-0.05040196
2920	-0.05040902
2921	-0.05040722
2922	-0.05040624
2923	-0.05040927
2924	-0.05040101
2925	-0.05039678
2926	-0.05040258
2927	-0.05040458
2928	-0.05040849
2929	-0.05040672
2930	-0.05040579
2931	-0.05041488
2932	-0.05040648
2933	-0.05040603
2934	-0.05040814
2935	-0.05040268
2936	-0.05040448
2937	-0.05041040
2938	-0.05040950
2939	-0.05041412
2940	-0.05040968
2941	-0.05040610
2942	-0.05040556
2943	-0.05040870
2944	-0.05039539
2945	-0.05041433
2946	-0.05040425
2947	-0.05041021
2948	-0.05040933
2949	-0.05040083
2950	-0.05040785
2951	-0.05040525
2952	-0.05039316
2953	-0.05041554
2954	-0.05040033
2955	-0.05040781
2956	-0.05041480
2957	-0.05040606
2958	-0.05040071
2959	-0.05040462
2960	-0.05040608
2961	-0.05040457
2962	-0.05040778
2963	-0.05039967
2964	-0.05041628
2965	-0.05040268
2966	-0.05040257
2967	-0.05040388
2968	-0.05040433
2969	-0.05040599
2970	-0.05041195
2971	-0.05040939
2972	-0.05041632
2973	-0.05041284
2974	-0.05040502
2975	-0.05040740
2976	-0.05040612
2977	-0.05041289
2978	-0.05041366
2979	-0.05041000
2980	-0.05041295
2981	-0.05041714
2982	-0.05040140
2983	-0.05040701
2984	-0.05040817
2985	-0.05040180
2986	-0.05041464
2987	-0.05041078
2988	-0.05040704
2989	-0.05041962
2990	-0.05041106
2991	-0.05039816
2992	-0.05041185
2993	-0.05040517
2994	-0.05040651
2995	-0.05041381
2996	-0.05040820
2997	-0.05041273
2998	-0.05041289
2999	-0.05040224
3000	-0.05040239