	C:\Users\jkuzm\OneDrive - University of Massachusetts\HRSL x UMILL-PUMA Fatigue - Fatigue\Data\F01\FR3_static3.c3d _ImpedanceExport
	FP1
	COFP
	ORIGINAL
ITEM	X
1	0.30366203
2	0.30047649
3	0.30164233
4	0.30409360
5	0.29886240
6	0.30290821
7	0.30329499
8	0.30238783
9	0.30341858
10	0.30098549
11	0.30082136
12	0.30219737
13	0.30058932
14	0.30433139
15	0.30222872
16	0.30215254
17	0.30273721
18	0.30228290
19	0.29947433
20	0.30181211
21	0.30162740
22	0.29979172
23	0.30268955
24	0.30228636
25	0.30271682
26	0.30295977
27	0.30043459
28	0.30112869
29	0.30329606
30	0.29910797
31	0.30309108
32	0.30306488
33	0.30268613
34	0.30325523
35	0.30083361
36	0.30047292
37	0.30306813
38	0.30069080
39	0.30201998
40	0.30266431
41	0.30213234
42	0.30303243
43	0.30201691
44	0.29988071
45	0.30217904
46	0.30176479
47	0.30023199
48	0.30255231
49	0.30220062
50	0.30236387
51	0.30287102
52	0.29963231
53	0.30082068
54	0.30271378
55	0.29933119
56	0.30269605
57	0.30256540
58	0.30195367
59	0.30289081
60	0.30103305
61	0.30055273
62	0.30371577
63	0.29941618
64	0.30122849
65	0.30246091
66	0.30168837
67	0.30231559
68	0.30227578
69	0.29989719
70	0.30153176
71	0.30197579
72	0.29934698
73	0.30275849
74	0.30249822
75	0.30252865
76	0.30283269
77	0.30062279
78	0.30162880
79	0.30267274
80	0.29929823
81	0.30336821
82	0.30329493
83	0.30173406
84	0.30265215
85	0.30128494
86	0.30064380
87	0.30269703
88	0.30060053
89	0.30175522
90	0.30322561
91	0.30261093
92	0.30206451
93	0.30157951
94	0.29946932
95	0.30209664
96	0.30162877
97	0.29879510
98	0.30233759
99	0.30148712
100	0.30239746
101	0.30278164
102	0.30058876
103	0.30143365
104	0.30298489
105	0.29904535
106	0.30245259
107	0.30268291
108	0.30221200
109	0.30342749
110	0.30083853
111	0.30278766
112	0.30295369
113	0.30037996
114	0.30150637
115	0.30200198
116	0.30131170
117	0.30264992
118	0.30202159
119	0.29948854
120	0.30158162
121	0.30136096
122	0.29949710
123	0.30202454
124	0.30233023
125	0.30270126
126	0.30302632
127	0.30011481
128	0.30108166
129	0.30311799
130	0.29890907
131	0.30259135
132	0.30245999
133	0.30164576
134	0.30240083
135	0.30087620
136	0.30017418
137	0.30209017
138	0.30037549
139	0.30304655
140	0.30179897
141	0.30169192
142	0.30262345
143	0.30293560
144	0.29918817
145	0.30233273
146	0.30169412
147	0.29954737
148	0.30135509
149	0.30238354
150	0.30238423
151	0.30318204
152	0.30037308
153	0.30107081
154	0.30292037
155	0.29882559
156	0.30240437
157	0.30313313
158	0.30223405
159	0.30519253
160	0.30032125
161	0.29979238
162	0.30298263
163	0.30026770
164	0.30241531
165	0.30290210
166	0.30241323
167	0.30280116
168	0.30252713
169	0.30134848
170	0.30243272
171	0.30235440
172	0.30082709
173	0.30309832
174	0.30288237
175	0.30304179
176	0.30278102
177	0.30016801
178	0.30139387
179	0.30338779
180	0.29969132
181	0.30293897
182	0.30292434
183	0.30216745
184	0.30283529
185	0.30172330
186	0.30087292
187	0.30239773
188	0.30130878
189	0.30258438
190	0.30299219
191	0.30232686
192	0.30302328
193	0.30254740
194	0.30077153
195	0.30249062
196	0.30193347
197	0.29978958
198	0.30347425
199	0.30295742
200	0.30236769
201	0.30292833
202	0.30030614
203	0.30202788
204	0.30315718
205	0.29902950
206	0.30404633
207	0.30149636
208	0.30213258
209	0.30326569
210	0.30105111
211	0.30022863
212	0.30258873
213	0.30102000
214	0.30156270
215	0.30291253
216	0.30257937
217	0.30271998
218	0.30244628
219	0.30006728
220	0.30181116
221	0.30253071
222	0.30025887
223	0.30272323
224	0.30293238
225	0.30150151
226	0.30356184
227	0.30045760
228	0.30180791
229	0.30321509
230	0.29930061
231	0.30358884
232	0.30321187
233	0.30236918
234	0.30326590
235	0.30206400
236	0.30144820
237	0.30305007
238	0.30085286
239	0.30182022
240	0.30296168
241	0.30214930
242	0.30262408
243	0.30253857
244	0.30185106
245	0.30235061
246	0.30290294
247	0.30076212
248	0.30309066
249	0.30348417
250	0.30337229
251	0.30349827
252	0.30030069
253	0.30115923
254	0.30324218
255	0.30001539
256	0.30283466
257	0.30310130
258	0.30209231
259	0.30353925
260	0.30153427
261	0.30160636
262	0.30272201
263	0.30123371
264	0.30121115
265	0.30384797
266	0.30248356
267	0.30353186
268	0.30266833
269	0.30026925
270	0.30168584
271	0.30256203
272	0.30039182
273	0.30271354
274	0.30264476
275	0.30248556
276	0.30358994
277	0.30089414
278	0.30111524
279	0.30272442
280	0.29948416
281	0.30353233
282	0.30342501
283	0.30233654
284	0.30319661
285	0.30158889
286	0.30056262
287	0.30198964
288	0.30108494
289	0.30184180
290	0.30259839
291	0.30141354
292	0.30316103
293	0.30131298
294	0.29912949
295	0.30188495
296	0.30198038
297	0.30005404
298	0.30342329
299	0.30256212
300	0.30291539
301	0.30344331
302	0.29976419
303	0.29860294
304	0.30303919
305	0.29938984
306	0.30300209
307	0.30285943
308	0.30179867
309	0.30352068
310	0.30103490
311	0.29960221
312	0.30247116
313	0.30012983
314	0.30142111
315	0.30277571
316	0.30203393
317	0.30260390
318	0.30228078
319	0.29959175
320	0.30064416
321	0.30256626
322	0.29986173
323	0.30208334
324	0.30286774
325	0.30196339
326	0.30297399
327	0.30004930
328	0.30091205
329	0.30294421
330	0.29982361
331	0.30222833
332	0.30220217
333	0.30127752
334	0.30374622
335	0.30159754
336	0.29943857
337	0.30235341
338	0.30081218
339	0.30112639
340	0.30243328
341	0.30197701
342	0.30322161
343	0.30260155
344	0.30000502
345	0.30132684
346	0.30214694
347	0.29934171
348	0.30310345
349	0.30304024
350	0.30154353
351	0.30266413
352	0.30006266
353	0.30105466
354	0.30262825
355	0.29947716
356	0.30216512
357	0.30259341
358	0.30186418
359	0.30266419
360	0.30108854
361	0.30099323
362	0.30296689
363	0.30019882
364	0.30120927
365	0.30279338
366	0.30179960
367	0.30280358
368	0.30277729
369	0.29997903
370	0.30140683
371	0.30189309
372	0.29908308
373	0.30256611
374	0.30235603
375	0.30247751
376	0.30245849
377	0.29970288
378	0.30037108
379	0.30233932
380	0.29797667
381	0.30233824
382	0.30187732
383	0.30218470
384	0.30271786
385	0.30092412
386	0.29971817
387	0.30219147
388	0.30076733
389	0.30177298
390	0.30185980
391	0.30243042
392	0.30204093
393	0.30192047
394	0.29931295
395	0.30157089
396	0.30208781
397	0.29862311
398	0.30308756
399	0.30286947
400	0.30189782
401	0.30287680
402	0.29973614
403	0.30043417
404	0.30277354
405	0.29947063
406	0.30219024
407	0.30202627
408	0.30135310
409	0.30351114
410	0.30058762
411	0.29927489
412	0.30142793
413	0.29998794
414	0.30052313
415	0.30185807
416	0.30076671
417	0.30201498
418	0.30143496
419	0.29953039
420	0.30090466
421	0.30198318
422	0.29905036
423	0.30261075
424	0.30202526
425	0.30149111
426	0.30206969
427	0.29998735
428	0.29945436
429	0.30249569
430	0.29885700
431	0.30199003
432	0.30228055
433	0.30162194
434	0.30200970
435	0.30089608
436	0.30015770
437	0.30228236
438	0.30033678
439	0.30041811
440	0.30145288
441	0.30140483
442	0.30205497
443	0.30140677
444	0.29952323
445	0.30073822
446	0.30274996
447	0.29899025
448	0.30187547
449	0.30173162
450	0.30108404
451	0.30178592
452	0.30002886
453	0.30038756
454	0.30177107
455	0.29899427
456	0.30170280
457	0.30234331
458	0.30133134
459	0.30163535
460	0.29984984
461	0.29864353
462	0.30149603
463	0.30015296
464	0.29966101
465	0.30281270
466	0.30224055
467	0.30107254
468	0.30143651
469	0.29943085
470	0.30075112
471	0.30118844
472	0.29900649
473	0.30192840
474	0.30145350
475	0.30191499
476	0.30156967
477	0.29913577
478	0.29941419
479	0.30162472
480	0.29787418
481	0.30103594
482	0.30088320
483	0.30015951
484	0.30114794
485	0.29997757
486	0.29920617
487	0.30069327
488	0.29927051
489	0.30014378
490	0.30094758
491	0.30016986
492	0.30059260
493	0.30115616
494	0.29786301
495	0.30039388
496	0.30116975
497	0.29813024
498	0.30133489
499	0.30102599
500	0.30114287
501	0.30158451
502	0.29942492
503	0.29930571
504	0.30125999
505	0.29925251
506	0.30114904
507	0.30072531
508	0.30051807
509	0.30138987
510	0.29960051
511	0.29854023
512	0.30082983
513	0.29933855
514	0.29978672
515	0.30092716
516	0.30002356
517	0.30051383
518	0.30049708
519	0.29863986
520	0.29955497
521	0.30055526
522	0.29783070
523	0.30264494
524	0.30102906
525	0.30017304
526	0.30163372
527	0.29926166
528	0.29889172
529	0.30136192
530	0.29835558
531	0.30085438
532	0.30105686
533	0.29955125
534	0.30136672
535	0.29928860
536	0.29839358
537	0.30023763
538	0.29977012
539	0.29941612
540	0.30095696
541	0.30094779
542	0.29996780
543	0.30146864
544	0.29897624
545	0.30014867
546	0.30112490
547	0.29817513
548	0.30143124
549	0.30159882
550	0.30060145
551	0.30256936
552	0.29856268
553	0.29668820
554	0.30128738
555	0.29839733
556	0.30120796
557	0.30120999
558	0.30064997
559	0.30163255
560	0.29978102
561	0.29758367
562	0.30149588
563	0.29914355
564	0.29896846
565	0.30106148
566	0.30062541
567	0.30069441
568	0.30107072
569	0.29835957
570	0.30002382
571	0.30158517
572	0.29653564
573	0.30157292
574	0.30115908
575	0.30123433
576	0.30240029
577	0.29913130
578	0.29992059
579	0.30218762
580	0.29833946
581	0.30119070
582	0.30142453
583	0.30071262
584	0.30122307
585	0.30048737
586	0.29867142
587	0.30074948
588	0.29998234
589	0.30005780
590	0.30165276
591	0.30159876
592	0.30198136
593	0.30102643
594	0.29846820
595	0.30069199
596	0.30141166
597	0.29819196
598	0.30157438
599	0.30130172
600	0.30098721
601	0.30145270
602	0.29931945
603	0.29938233
604	0.30107018
605	0.29866120
606	0.30124408
607	0.30106711
608	0.30106565
609	0.30143243
610	0.30015409
611	0.29834655
612	0.30069196
613	0.29980218
614	0.29943803
615	0.30200142
616	0.30135408
617	0.30141380
618	0.30171067
619	0.29786390
620	0.30237374
621	0.30111486
622	0.29795164
623	0.30105579
624	0.30114168
625	0.30060568
626	0.30152822
627	0.29897693
628	0.29947931
629	0.30232412
630	0.29774636
631	0.30092388
632	0.30144030
633	0.30109397
634	0.30112678
635	0.30067730
636	0.29818562
637	0.30112073
638	0.30001035
639	0.29972517
640	0.30125383
641	0.30114323
642	0.30196166
643	0.30168089
644	0.29940927
645	0.30088326
646	0.30121681
647	0.29852864
648	0.30176559
649	0.30076018
650	0.30110782
651	0.30179581
652	0.29921117
653	0.30004412
654	0.30111289
655	0.29805157
656	0.30089021
657	0.30099213
658	0.30100229
659	0.30246505
660	0.30082420
661	0.29912156
662	0.30101898
663	0.30078414
664	0.30003008
665	0.30194017
666	0.30070207
667	0.30017152
668	0.30175039
669	0.29882336
670	0.30031893
671	0.30091307
672	0.29817277
673	0.30097470
674	0.30152732
675	0.30101913
676	0.30221084
677	0.29969922
678	0.29989508
679	0.30227584
680	0.29880920
681	0.30129775
682	0.30191472
683	0.30110228
684	0.30159783
685	0.30000836
686	0.29968736
687	0.30141371
688	0.30005735
689	0.30010149
690	0.30202591
691	0.30191824
692	0.30142412
693	0.30145437
694	0.29933470
695	0.30030471
696	0.30124179
697	0.29845908
698	0.30182445
699	0.30144843
700	0.30111879
701	0.30209658
702	0.29912472
703	0.29960859
704	0.30160043
705	0.29785386
706	0.30078259
707	0.30159166
708	0.30110410
709	0.30173266
710	0.30039066
711	0.29876009
712	0.30203351
713	0.30036461
714	0.29916504
715	0.30147865
716	0.30139601
717	0.30156294
718	0.30257967
719	0.29953393
720	0.30030325
721	0.30146056
722	0.29891744
723	0.30133078
724	0.30155465
725	0.30026090
726	0.30183375
727	0.29908326
728	0.29995716
729	0.30206805
730	0.29850617
731	0.30120620
732	0.30114403
733	0.30021021
734	0.30108529
735	0.30103996
736	0.29857427
737	0.30127138
738	0.29910269
739	0.29902342
740	0.30032232
741	0.30049494
742	0.30130005
743	0.30199862
744	0.29894862
745	0.30076939
746	0.30181605
747	0.29788750
748	0.30078566
749	0.30138904
750	0.30131862
751	0.30222702
752	0.29877231
753	0.30113938
754	0.30134290
755	0.29904443
756	0.30111611
757	0.30153102
758	0.30104923
759	0.30179241
760	0.30048186
761	0.29928711
762	0.30080715
763	0.30306256
764	0.29881784
765	0.30228952
766	0.30127802
767	0.30171698
768	0.30124760
769	0.29884031
770	0.30021948
771	0.30100617
772	0.29811677
773	0.30099708
774	0.30161107
775	0.30069962
776	0.30162287
777	0.29923794
778	0.29930180
779	0.30149588
780	0.29886919
781	0.30035841
782	0.30069119
783	0.30104333
784	0.30107325
785	0.30091313
786	0.29853401
787	0.30151665
788	0.30063370
789	0.29964495
790	0.30128947
791	0.30104217
792	0.30027688
793	0.30113503
794	0.29883155
795	0.29943770
796	0.30126518
797	0.29833981
798	0.30173326
799	0.30146179
800	0.30151868
801	0.30183730
802	0.29922503
803	0.29946378
804	0.30126226
805	0.29973236
806	0.30119500
807	0.30135983
808	0.30096379
809	0.30155465
810	0.30018455
811	0.29980418
812	0.29862973
813	0.29944545
814	0.29917091
815	0.30117303
816	0.30155700
817	0.30053771
818	0.30124539
819	0.29802406
820	0.30006054
821	0.30136502
822	0.29829931
823	0.30116624
824	0.30139425
825	0.30129695
826	0.30195943
827	0.30012661
828	0.29947409
829	0.30239728
830	0.29952139
831	0.30147499
832	0.30161217
833	0.30054384
834	0.30279753
835	0.30126476
836	0.29893148
837	0.30059147
838	0.30040264
839	0.30015603
840	0.30160144
841	0.30153188
842	0.30167642
843	0.30151835
844	0.29876038
845	0.30090275
846	0.30161968
847	0.29785442
848	0.30159310
849	0.30117959
850	0.30148712
851	0.30240381
852	0.29925713
853	0.29951727
854	0.30164701
855	0.29910094
856	0.30091467
857	0.30134326
858	0.30073398
859	0.30113816
860	0.30219424
861	0.29876566
862	0.30123380
863	0.30062851
864	0.29949775
865	0.30238184
866	0.30191496
867	0.30112037
868	0.30210695
869	0.29930863
870	0.30100748
871	0.30176952
872	0.29832920
873	0.30229628
874	0.30217093
875	0.30129445
876	0.30217865
877	0.29923329
878	0.29950288
879	0.30123049
880	0.29920283
881	0.30073699
882	0.30184671
883	0.30135599
884	0.30210674
885	0.30050310
886	0.29958320
887	0.30136627
888	0.30102772
889	0.29943639
890	0.30099463
891	0.30157092
892	0.30138099
893	0.30135474
894	0.29877546
895	0.30035746
896	0.30169860
897	0.29701728
898	0.30234969
899	0.30173981
900	0.30153671
901	0.30219552
902	0.30024156
903	0.29932657
904	0.30262023
905	0.29940513
906	0.30190048
907	0.30236220
908	0.30330548
909	0.30226308
910	0.30107877
911	0.29892486
912	0.30157989
913	0.30112883
914	0.29908124
915	0.30242604
916	0.30182850
917	0.30241692
918	0.30343288
919	0.29952523
920	0.30043557
921	0.30162671
922	0.29782736
923	0.30150050
924	0.30184832
925	0.30140427
926	0.30220222
927	0.30027381
928	0.29956749
929	0.30183569
930	0.29931843
931	0.30045903
932	0.30230454
933	0.30094376
934	0.30221227
935	0.30109936
936	0.29903081
937	0.30301690
938	0.30108079
939	0.30051011
940	0.30171981
941	0.30220008
942	0.30227354
943	0.30221543
944	0.30007312
945	0.29999822
946	0.30288678
947	0.29875404
948	0.30284023
949	0.30246225
950	0.30215117
951	0.30318379
952	0.30056378
953	0.30023885
954	0.30246261
955	0.29999962
956	0.30174583
957	0.30252540
958	0.30185866
959	0.30247808
960	0.30139533
961	0.29931784
962	0.30195084
963	0.30122098
964	0.29958308
965	0.30296999
966	0.30192125
967	0.30157807
968	0.30258092
969	0.29977751
970	0.30134213
971	0.30276862
972	0.29886845
973	0.30246198
974	0.30236185
975	0.30273882
976	0.30287755
977	0.30111152
978	0.30011380
979	0.30296439
980	0.29969504
981	0.30208564
982	0.30283493
983	0.30224153
984	0.30342576
985	0.30326363
986	0.30094182
987	0.30185181
988	0.30191740
989	0.30072662
990	0.30250961
991	0.30312487
992	0.30311888
993	0.30420354
994	0.30140519
995	0.30230537
996	0.30286375
997	0.29976603
998	0.30327144
999	0.30294028
1000	0.30236125
1001	0.30321553
1002	0.30087087
1003	0.30034229
1004	0.30291820
1005	0.30055138
1006	0.30282915
1007	0.30293536
1008	0.30243713
1009	0.30308542
1010	0.30170718
1011	0.29987961
1012	0.30169034
1013	0.30127570
1014	0.30129045
1015	0.30276373
1016	0.30266088
1017	0.30241549
1018	0.30285665
1019	0.30080366
1020	0.30154845
1021	0.30266601
1022	0.30006838
1023	0.30279577
1024	0.30256861
1025	0.30272508
1026	0.30321366
1027	0.30024120
1028	0.30064568
1029	0.30284065
1030	0.30073899
1031	0.30197150
1032	0.30362776
1033	0.30211964
1034	0.30264533
1035	0.30232403
1036	0.30044842
1037	0.30209127
1038	0.30193880
1039	0.30038056
1040	0.30267757
1041	0.30311206
1042	0.30187607
1043	0.30311558
1044	0.29981667
1045	0.30125263
1046	0.30305272
1047	0.29910508
1048	0.30309188
1049	0.30315679
1050	0.30236840
1051	0.30118585
1052	0.29924437
1053	0.30041370
1054	0.30262116
1055	0.30101225
1056	0.30192730
1057	0.30267268
1058	0.30246314
1059	0.30282921
1060	0.30228010
1061	0.30065790
1062	0.30027014
1063	0.30163625
1064	0.30074054
1065	0.30249169
1066	0.30230698
1067	0.30256057
1068	0.30271468
1069	0.29986724
1070	0.30159292
1071	0.30304879
1072	0.29904458
1073	0.30263975
1074	0.30268061
1075	0.30221170
1076	0.30333611
1077	0.30039448
1078	0.30025154
1079	0.30284214
1080	0.30008557
1081	0.30183056
1082	0.30251509
1083	0.30237168
1084	0.30231914
1085	0.30171943
1086	0.29984364
1087	0.30191606
1088	0.30200389
1089	0.30039620
1090	0.30239081
1091	0.30305603
1092	0.30236301
1093	0.30344141
1094	0.30040559
1095	0.30082279
1096	0.30305973
1097	0.29965118
1098	0.30291089
1099	0.30219099
1100	0.30184555
1101	0.30364475
1102	0.30103678
1103	0.30042455
1104	0.30286387
1105	0.30104050
1106	0.30179894
1107	0.30341408
1108	0.30249077
1109	0.30259827
1110	0.30316180
1111	0.29979980
1112	0.30196735
1113	0.30220589
1114	0.29974464
1115	0.30243394
1116	0.30189359
1117	0.30247545
1118	0.30250859
1119	0.29975700
1120	0.30090904
1121	0.30365336
1122	0.29967394
1123	0.30241102
1124	0.30322868
1125	0.30263764
1126	0.30329663
1127	0.30133045
1128	0.30129731
1129	0.30219567
1130	0.30015886
1131	0.30247104
1132	0.30337027
1133	0.30232182
1134	0.30270892
1135	0.30288652
1136	0.30065787
1137	0.30239236
1138	0.30224779
1139	0.30008486
1140	0.30264711
1141	0.30276403
1142	0.30294865
1143	0.30356625
1144	0.30047676
1145	0.30142742
1146	0.30311841
1147	0.30027169
1148	0.30387935
1149	0.30295837
1150	0.30214795
1151	0.30303016
1152	0.30088872
1153	0.30008560
1154	0.30305499
1155	0.30018884
1156	0.30212161
1157	0.30261195
1158	0.30289587
1159	0.30319157
1160	0.30285940
1161	0.30073646
1162	0.30199996
1163	0.30267698
1164	0.30076259
1165	0.30382910
1166	0.30328712
1167	0.30250952
1168	0.30406591
1169	0.30037445
1170	0.30165461
1171	0.30270246
1172	0.30030286
1173	0.30299366
1174	0.30276090
1175	0.30247644
1176	0.30178705
1177	0.30091894
1178	0.29981673
1179	0.30305052
1180	0.30125800
1181	0.30153540
1182	0.30327979
1183	0.30262890
1184	0.30294529
1185	0.30193546
1186	0.30050075
1187	0.30135164
1188	0.30239448
1189	0.30008844
1190	0.30244449
1191	0.30251199
1192	0.30256066
1193	0.30396295
1194	0.30083951
1195	0.30305851
1196	0.30305412
1197	0.29967734
1198	0.30294070
1199	0.30263907
1200	0.30216014
1201	0.30308744
1202	0.30077863
1203	0.30018294
1204	0.30201200
1205	0.30054548
1206	0.30230731
1207	0.30279398
1208	0.30216816
1209	0.30263683
1210	0.30213341
1211	0.29997259
1212	0.30092433
1213	0.30201453
1214	0.30012223
1215	0.30360541
1216	0.30179951
1217	0.30211192
1218	0.30296275
1219	0.29958630
1220	0.30017900
1221	0.30262691
1222	0.29894677
1223	0.30157596
1224	0.30190974
1225	0.30097276
1226	0.30186632
1227	0.30117092
1228	0.29997131
1229	0.30207971
1230	0.30029699
1231	0.30093038
1232	0.30223596
1233	0.30164847
1234	0.30168009
1235	0.30277508
1236	0.30040139
1237	0.30145383
1238	0.30136091
1239	0.29969177
1240	0.30217296
1241	0.30222583
1242	0.30218631
1243	0.30236986
1244	0.30018875
1245	0.30092531
1246	0.30254954
1247	0.29933444
1248	0.30214968
1249	0.30219868
1250	0.30163401
1251	0.30299687
1252	0.30088109
1253	0.29946688
1254	0.30262950
1255	0.30004701
1256	0.30098236
1257	0.30130923
1258	0.30192223
1259	0.30246887
1260	0.30146617
1261	0.29829061
1262	0.30085674
1263	0.30133668
1264	0.29981387
1265	0.30226135
1266	0.30211091
1267	0.30159354
1268	0.30215809
1269	0.30008435
1270	0.30039406
1271	0.30153698
1272	0.30064654
1273	0.30179757
1274	0.30217621
1275	0.30160272
1276	0.30263054
1277	0.30034962
1278	0.29946646
1279	0.30220443
1280	0.29984376
1281	0.30064994
1282	0.30191132
1283	0.30162796
1284	0.30194044
1285	0.30254498
1286	0.29980582
1287	0.30129480
1288	0.30142334
1289	0.30032137
1290	0.30175984
1291	0.30180460
1292	0.30234879
1293	0.30260783
1294	0.30006582
1295	0.29990077
1296	0.30217943
1297	0.29894173
1298	0.30171537
1299	0.30217278
1300	0.30166626
1301	0.30253962
1302	0.29897264
1303	0.29980507
1304	0.30184513
1305	0.29994088
1306	0.30088472
1307	0.30197409
1308	0.30141678
1309	0.30188245
1310	0.30163106
1311	0.29984871
1312	0.30133244
1313	0.30169660
1314	0.29891989
1315	0.30221882
1316	0.30221081
1317	0.30150703
1318	0.30238432
1319	0.30081993
1320	0.30005884
1321	0.30182904
1322	0.29989305
1323	0.30249274
1324	0.30220690
1325	0.30213803
1326	0.30234674
1327	0.30093455
1328	0.29966962
1329	0.30189115
1330	0.29970413
1331	0.30078265
1332	0.30244333
1333	0.30150431
1334	0.30190167
1335	0.30164930
1336	0.29930362
1337	0.30105892
1338	0.30141723
1339	0.29826900
1340	0.30207273
1341	0.30199164
1342	0.30125079
1343	0.30238655
1344	0.29933646
1345	0.30022520
1346	0.30220288
1347	0.29900301
1348	0.30177712
1349	0.30359355
1350	0.30176011
1351	0.30256259
1352	0.30120128
1353	0.29934162
1354	0.30183050
1355	0.30018544
1356	0.30147704
1357	0.30203152
1358	0.30197731
1359	0.30145472
1360	0.30204493
1361	0.29955828
1362	0.30076367
1363	0.30142882
1364	0.29906118
1365	0.30200112
1366	0.30190864
1367	0.30121547
1368	0.30247790
1369	0.30012408
1370	0.30004019
1371	0.30149603
1372	0.29823336
1373	0.30071968
1374	0.30100518
1375	0.30116272
1376	0.30144268
1377	0.29975507
1378	0.29939997
1379	0.30073425
1380	0.29883257
1381	0.30012864
1382	0.30175599
1383	0.30147153
1384	0.30135310
1385	0.30131972
1386	0.29892215
1387	0.30048132
1388	0.30121687
1389	0.29911414
1390	0.30165145
1391	0.30117309
1392	0.30150753
1393	0.30224028
1394	0.29895824
1395	0.29912171
1396	0.30192560
1397	0.29903296
1398	0.30142874
1399	0.30215982
1400	0.30087811
1401	0.30224276
1402	0.30038732
1403	0.29933888
1404	0.30119014
1405	0.30011371
1406	0.29991525
1407	0.30107668
1408	0.30086401
1409	0.30155978
1410	0.30090824
1411	0.29884636
1412	0.29991108
1413	0.30045992
1414	0.29834399
1415	0.30083534
1416	0.29908645
1417	0.30097464
1418	0.30181015
1419	0.29897186
1420	0.29917279
1421	0.30136764
1422	0.29835552
1423	0.30113706
1424	0.30114251
1425	0.30091959
1426	0.30254295
1427	0.29989678
1428	0.29842624
1429	0.30069891
1430	0.29920766
1431	0.29960442
1432	0.30107766
1433	0.30039465
1434	0.30167866
1435	0.30187032
1436	0.29882756
1437	0.30028614
1438	0.30073988
1439	0.29828775
1440	0.30192226
1441	0.30173421
1442	0.30095130
1443	0.30163854
1444	0.29865348
1445	0.29848200
1446	0.30113494
1447	0.29803485
1448	0.30052388
1449	0.30083787
1450	0.29991245
1451	0.30131689
1452	0.29973221
1453	0.29925686
1454	0.30134237
1455	0.29961959
1456	0.30006781
1457	0.30111131
1458	0.30100164
1459	0.30134723
1460	0.30076772
1461	0.29877830
1462	0.30036500
1463	0.30126384
1464	0.29799721
1465	0.30126145
1466	0.30055621
1467	0.30042917
1468	0.30143827
1469	0.29913831
1470	0.29945657
1471	0.30103007
1472	0.29771289
1473	0.30094403
1474	0.30017990
1475	0.30019590
1476	0.30177006
1477	0.29979762
1478	0.29874623
1479	0.30060515
1480	0.29945830
1481	0.29959232
1482	0.30072120
1483	0.30001074
1484	0.30090737
1485	0.30110636
1486	0.29857469
1487	0.29961315
1488	0.30056268
1489	0.29844752
1490	0.30112845
1491	0.30172569
1492	0.30137405
1493	0.30173376
1494	0.30024946
1495	0.29956833
1496	0.30150917
1497	0.29881433
1498	0.30111045
1499	0.30160406
1500	0.30009028
1501	0.30188024
1502	0.30170467
1503	0.29956558
1504	0.30124766
1505	0.30060369
1506	0.30023775
1507	0.30100557
1508	0.30188593
1509	0.30198246
1510	0.30108094
1511	0.29825556
1512	0.30358636
1513	0.30128402
1514	0.29844534
1515	0.30150172
1516	0.30125311
1517	0.30037981
1518	0.30140105
1519	0.29847997
1520	0.29925430
1521	0.30096701
1522	0.29843614
1523	0.30136538
1524	0.30109048
1525	0.30106550
1526	0.30175009
1527	0.30016816
1528	0.29874945
1529	0.30110833
1530	0.29950178
1531	0.29925510
1532	0.30130515
1533	0.30036035
1534	0.30071726
1535	0.30148664
1536	0.29888842
1537	0.29977962
1538	0.30102748
1539	0.29875666
1540	0.30152100
1541	0.30099520
1542	0.30067497
1543	0.30193171
1544	0.29988396
1545	0.29967338
1546	0.30194449
1547	0.29861638
1548	0.30148408
1549	0.30198789
1550	0.30040351
1551	0.30162418
1552	0.30030486
1553	0.29942563
1554	0.30066746
1555	0.29991686
1556	0.30002138
1557	0.30183622
1558	0.30134144
1559	0.30142230
1560	0.30238995
1561	0.29799852
1562	0.30023912
1563	0.30160549
1564	0.29845855
1565	0.30118543
1566	0.30180335
1567	0.30105644
1568	0.30252582
1569	0.29985130
1570	0.29959479
1571	0.30127755
1572	0.29937318
1573	0.30193344
1574	0.30139059
1575	0.30162153
1576	0.30222398
1577	0.30119425
1578	0.29971191
1579	0.30247852
1580	0.30065858
1581	0.30072689
1582	0.30228469
1583	0.30150041
1584	0.30196029
1585	0.30208337
1586	0.29948789
1587	0.30056500
1588	0.30134824
1589	0.29992563
1590	0.30229250
1591	0.30218774
1592	0.30284098
1593	0.30286863
1594	0.30056790
1595	0.30052114
1596	0.30300972
1597	0.29947349
1598	0.30226436
1599	0.30285457
1600	0.30224940
1601	0.30244598
1602	0.30127633
1603	0.30003956
1604	0.30167115
1605	0.30159518
1606	0.30113208
1607	0.30323723
1608	0.30160952
1609	0.30619618
1610	0.30241397
1611	0.29995987
1612	0.30190870
1613	0.30317298
1614	0.29981583
1615	0.30279815
1616	0.30230126
1617	0.30210647
1618	0.30290550
1619	0.30018875
1620	0.30076772
1621	0.30224517
1622	0.29942396
1623	0.30217618
1624	0.30261511
1625	0.30210647
1626	0.30275491
1627	0.30110404
1628	0.29967371
1629	0.30197963
1630	0.30085129
1631	0.30029339
1632	0.30264321
1633	0.30259404
1634	0.30205473
1635	0.30274862
1636	0.29975146
1637	0.30207774
1638	0.30154228
1639	0.29905760
1640	0.30330133
1641	0.30210131
1642	0.30174652
1643	0.30242553
1644	0.30062401
1645	0.30074686
1646	0.30235997
1647	0.29946548
1648	0.30122748
1649	0.30271673
1650	0.30226099
1651	0.30283704
1652	0.30175060
1653	0.30022600
1654	0.30285349
1655	0.30157048
1656	0.30180827
1657	0.30407396
1658	0.30268568
1659	0.30293271
1660	0.30279711
1661	0.30026916
1662	0.30161101
1663	0.30255800
1664	0.29914999
1665	0.30284736
1666	0.30290398
1667	0.30257505
1668	0.30274045
1669	0.30030411
1670	0.30008844
1671	0.30202255
1672	0.29967979
1673	0.30172718
1674	0.30205849
1675	0.30122769
1676	0.30258730
1677	0.30036113
1678	0.29925823
1679	0.30179402
1680	0.30041754
1681	0.29965013
1682	0.30213457
1683	0.30216390
1684	0.30189008
1685	0.30169097
1686	0.29951623
1687	0.29983881
1688	0.30121928
1689	0.29847270
1690	0.30157411
1691	0.30085179
1692	0.30122766
1693	0.30164987
1694	0.29973376
1695	0.29947928
1696	0.30196229
1697	0.29948145
1698	0.30117291
1699	0.30199552
1700	0.30118859
1701	0.30179274
1702	0.30118263
1703	0.29925430
1704	0.30124488
1705	0.30099362
1706	0.30005834
1707	0.30185157
1708	0.30172911
1709	0.30089489
1710	0.30193934
1711	0.29923224
1712	0.30036056
1713	0.30094987
1714	0.29881126
1715	0.30104262
1716	0.30221558
1717	0.30097690
1718	0.30211794
1719	0.30009720
1720	0.29953891
1721	0.30183277
1722	0.29929981
1723	0.30025524
1724	0.30084702
1725	0.29996398
1726	0.30116224
1727	0.30022681
1728	0.29795191
1729	0.30080432
1730	0.29962403
1731	0.29918399
1732	0.30136034
1733	0.30061999
1734	0.30204090
1735	0.30125728
1736	0.29904896
1737	0.29988492
1738	0.30084112
1739	0.29821894
1740	0.30098826
1741	0.30156747
1742	0.30288211
1743	0.30199388
1744	0.29966685
1745	0.29885611
1746	0.30141586
1747	0.29863691
1748	0.30073097
1749	0.30067527
1750	0.30053589
1751	0.30123192
1752	0.30063063
1753	0.29774874
1754	0.30046842
1755	0.30014762
1756	0.29883355
1757	0.30098277
1758	0.30125976
1759	0.30056456
1760	0.30071309
1761	0.29835901
1762	0.29861760
1763	0.30177873
1764	0.29773903
1765	0.30141509
1766	0.30111727
1767	0.30086914
1768	0.30217081
1769	0.29917413
1770	0.29922277
1771	0.30063793
1772	0.29881862
1773	0.30022234
1774	0.30095139
1775	0.30125391
1776	0.30128142
1777	0.30070290
1778	0.29829115
1779	0.30073389
1780	0.29938087
1781	0.29990393
1782	0.30197975
1783	0.30060649
1784	0.30134344
1785	0.30111641
1786	0.29871792
1787	0.29959536
1788	0.30117068
1789	0.29837069
1790	0.30213627
1791	0.30091462
1792	0.30009252
1793	0.30150595
1794	0.29843065
1795	0.29913035
1796	0.30051708
1797	0.29836279
1798	0.30017838
1799	0.30130565
1800	0.30030701
1801	0.29936644
1802	0.30067649
1803	0.29899478
1804	0.30085000
1805	0.30014491
1806	0.29891387
1807	0.30135059
1808	0.30137941
1809	0.30130804
1810	0.30104578
1811	0.29781392
1812	0.29977891
1813	0.30142647
1814	0.29793203
1815	0.30136579
1816	0.30095595
1817	0.30094188
1818	0.30154848
1819	0.30011594
1820	0.29917321
1821	0.30125675
1822	0.29921469
1823	0.30089882
1824	0.30068874
1825	0.30091861
1826	0.30160293
1827	0.30017489
1828	0.29795480
1829	0.29855385
1830	0.29978731
1831	0.29874370
1832	0.30113104
1833	0.30120528
1834	0.30057693
1835	0.30095232
1836	0.29887640
1837	0.29831058
1838	0.30039799
1839	0.29771388
1840	0.30066723
1841	0.30095926
1842	0.30042052
1843	0.30144951
1844	0.29893884
1845	0.29948118
1846	0.30142191
1847	0.29893905
1848	0.29952991
1849	0.30136639
1850	0.30076590
1851	0.30146644
1852	0.30044523
1853	0.29859596
1854	0.30109513
1855	0.30033764
1856	0.29932550
1857	0.30182526
1858	0.30158433
1859	0.30238098
1860	0.30140382
1861	0.29896408
1862	0.30002606
1863	0.30055201
1864	0.29789746
1865	0.30072948
1866	0.30089724
1867	0.30059949
1868	0.30107409
1869	0.29909030
1870	0.29908836
1871	0.30070865
1872	0.29813454
1873	0.29970115
1874	0.30045378
1875	0.30061087
1876	0.30106235
1877	0.29989877
1878	0.29708889
1879	0.29994732
1880	0.29965693
1881	0.29834267
1882	0.30079848
1883	0.30119485
1884	0.30036300
1885	0.30143252
1886	0.29834357
1887	0.30045724
1888	0.30099022
1889	0.29804569
1890	0.30121771
1891	0.30183062
1892	0.30030286
1893	0.30143878
1894	0.29955545
1895	0.29867479
1896	0.30274865
1897	0.29901055
1898	0.29993647
1899	0.30084825
1900	0.30021217
1901	0.30148777
1902	0.30052215
1903	0.29889071
1904	0.30043229
1905	0.30065411
1906	0.29861838
1907	0.30115730
1908	0.30106053
1909	0.30083099
1910	0.30077156
1911	0.29828379
1912	0.29905984
1913	0.30097085
1914	0.29736766
1915	0.30072981
1916	0.30080259
1917	0.30041969
1918	0.30142742
1919	0.29900450
1920	0.29846996
1921	0.30140647
1922	0.29807362
1923	0.30068171
1924	0.30117497
1925	0.30075955
1926	0.30054548
1927	0.30015960
1928	0.29835495
1929	0.30024546
1930	0.30007437
1931	0.29839724
1932	0.30127949
1933	0.30112422
1934	0.30040106
1935	0.30093557
1936	0.29814887
1937	0.29957521
1938	0.30142298
1939	0.29776520
1940	0.30097619
1941	0.30095556
1942	0.30068955
1943	0.30124855
1944	0.30012465
1945	0.29906404
1946	0.30089748
1947	0.29827246
1948	0.29911298
1949	0.30117247
1950	0.29989278
1951	0.30107939
1952	0.29973033
1953	0.29820067
1954	0.30088502
1955	0.29997483
1956	0.29859504
1957	0.30105802
1958	0.30076006
1959	0.30049002
1960	0.30197486
1961	0.29819745
1962	0.29940617
1963	0.30176923
1964	0.29799920
1965	0.30112061
1966	0.30077010
1967	0.30020946
1968	0.30149737
1969	0.29912707
1970	0.29892537
1971	0.30104655
1972	0.29879400
1973	0.29953706
1974	0.30133110
1975	0.30060089
1976	0.30112374
1977	0.30112630
1978	0.29820052
1979	0.30053952
1980	0.29963511
1981	0.29866543
1982	0.30154914
1983	0.29967102
1984	0.30177385
1985	0.30143303
1986	0.29868826
1987	0.29916048
1988	0.30092940
1989	0.29799566
1990	0.30071676
1991	0.30064026
1992	0.29935941
1993	0.30149645
1994	0.29996485
1995	0.29871258
1996	0.30080697
1997	0.29846117
1998	0.29928339
1999	0.30089757
2000	0.30048361
2001	0.30060357
2002	0.30079371
2003	0.29821470
2004	0.29996553
2005	0.29992193
2006	0.29906163
2007	0.30078074
2008	0.30106407
2009	0.30094865
2010	0.30114570
2011	0.29856437
2012	0.30047262
2013	0.30177656
2014	0.29813471
2015	0.30099297
2016	0.30119336
2017	0.29978141
2018	0.30182287
2019	0.29943770
2020	0.29895625
2021	0.30299738
2022	0.29857591
2023	0.29983994
2024	0.30076668
2025	0.30073360
2026	0.30076918
2027	0.30048192
2028	0.29898033
2029	0.30003297
2030	0.30047807
2031	0.29723442
2032	0.30096132
2033	0.30051750
2034	0.30033123
2035	0.30079904
2036	0.29881987
2037	0.29943758
2038	0.30057070
2039	0.29810479
2040	0.30018777
2041	0.30081457
2042	0.30050728
2043	0.30138156
2044	0.29961935
2045	0.29879269
2046	0.30118331
2047	0.29916510
2048	0.30004144
2049	0.30170491
2050	0.30032867
2051	0.29827523
2052	0.30087340
2053	0.29835063
2054	0.30068403
2055	0.30040166
2056	0.29889578
2057	0.30109489
2058	0.30158263
2059	0.30080634
2060	0.30158320
2061	0.29902637
2062	0.29973027
2063	0.30085099
2064	0.29830474
2065	0.30024162
2066	0.30105299
2067	0.30073750
2068	0.30090123
2069	0.29729503
2070	0.29900238
2071	0.30111891
2072	0.29869077
2073	0.29991528
2074	0.30085859
2075	0.30070758
2076	0.30144927
2077	0.30041331
2078	0.29867324
2079	0.30096063
2080	0.30083302
2081	0.29897103
2082	0.30161056
2083	0.30036870
2084	0.30057195
2085	0.30147794
2086	0.29811510
2087	0.29905239
2088	0.30260023
2089	0.29828632
2090	0.30160433
2091	0.30173761
2092	0.30115309
2093	0.30222896
2094	0.30040646
2095	0.29908651
2096	0.30153596
2097	0.29950315
2098	0.30144346
2099	0.30160359
2100	0.30086502
2101	0.30142576
2102	0.30095145
2103	0.29823640
2104	0.30075559
2105	0.30033112
2106	0.29854950
2107	0.30076370
2108	0.30073962
2109	0.30066031
2110	0.30128989
2111	0.29875678
2112	0.29942164
2113	0.30168787
2114	0.29851693
2115	0.30122077
2116	0.30159011
2117	0.29952520
2118	0.30353606
2119	0.29973385
2120	0.29953432
2121	0.30095464
2122	0.29958710
2123	0.29983416
2124	0.30206558
2125	0.30094042
2126	0.30149013
2127	0.30079746
2128	0.29818377
2129	0.30029759
2130	0.30081829
2131	0.29911456
2132	0.30177748
2133	0.30160671
2134	0.30119315
2135	0.30211407
2136	0.29905462
2137	0.30010793
2138	0.30190775
2139	0.29828623
2140	0.30124950
2141	0.30192855
2142	0.30103955
2143	0.30121255
2144	0.29948485
2145	0.29884079
2146	0.30114272
2147	0.29964760
2148	0.30124927
2149	0.30209517
2150	0.30078581
2151	0.30180177
2152	0.30207089
2153	0.29910350
2154	0.30124280
2155	0.30103847
2156	0.29942098
2157	0.30159903
2158	0.30185294
2159	0.30184242
2160	0.30283639
2161	0.29998142
2162	0.30055711
2163	0.30218604
2164	0.29916799
2165	0.30188125
2166	0.30387080
2167	0.30150807
2168	0.30251729
2169	0.30107072
2170	0.29991361
2171	0.30177009
2172	0.30002668
2173	0.30055699
2174	0.30146515
2175	0.30180970
2176	0.30200422
2177	0.30235153
2178	0.29995120
2179	0.30146769
2180	0.30131954
2181	0.29982874
2182	0.30249000
2183	0.30277824
2184	0.30244276
2185	0.30354252
2186	0.29988065
2187	0.30061641
2188	0.30293161
2189	0.30005264
2190	0.30258226
2191	0.30219498
2192	0.30204603
2193	0.30364019
2194	0.29995281
2195	0.30060440
2196	0.30258170
2197	0.30030951
2198	0.30137536
2199	0.30279455
2200	0.30243585
2201	0.30203724
2202	0.30215159
2203	0.30017784
2204	0.30135417
2205	0.30161384
2206	0.29959112
2207	0.30267391
2208	0.30304992
2209	0.30229622
2210	0.30227524
2211	0.30024120
2212	0.30038476
2213	0.30238584
2214	0.29799768
2215	0.30246434
2216	0.30261692
2217	0.30211511
2218	0.30298769
2219	0.30132753
2220	0.30064267
2221	0.30216831
2222	0.30086482
2223	0.30063549
2224	0.30241823
2225	0.30213535
2226	0.30253425
2227	0.30294710
2228	0.29983222
2229	0.30106229
2230	0.30161673
2231	0.29972115
2232	0.30284083
2233	0.30262986
2234	0.30264595
2235	0.30254221
2236	0.30046049
2237	0.30102593
2238	0.30326852
2239	0.29998046
2240	0.30262336
2241	0.30360106
2242	0.30311963
2243	0.30344328
2244	0.30170563
2245	0.30034381
2246	0.30293506
2247	0.30164942
2248	0.30126238
2249	0.30388984
2250	0.30280092
2251	0.30409521
2252	0.30343294
2253	0.30002818
2254	0.30190122
2255	0.30257481
2256	0.29988581
2257	0.30251527
2258	0.30318445
2259	0.30292419
2260	0.30350527
2261	0.30197266
2262	0.30154067
2263	0.30263695
2264	0.30053815
2265	0.30144694
2266	0.30321863
2267	0.30246520
2268	0.30363938
2269	0.30167103
2270	0.30051598
2271	0.30186325
2272	0.30121621
2273	0.30174205
2274	0.30267060
2275	0.30225194
2276	0.30229107
2277	0.30290648
2278	0.30022851
2279	0.30173370
2280	0.30290183
2281	0.29996651
2282	0.30310705
2283	0.30320507
2284	0.30292293
2285	0.30376178
2286	0.30064633
2287	0.30127001
2288	0.30290335
2289	0.30042109
2290	0.30380604
2291	0.30280712
2292	0.30343401
2293	0.30335096
2294	0.30243424
2295	0.30149639
2296	0.30378824
2297	0.30163231
2298	0.30214119
2299	0.30342361
2300	0.30217022
2301	0.30276537
2302	0.30286556
2303	0.30100116
2304	0.30284539
2305	0.30250281
2306	0.30077264
2307	0.30294129
2308	0.30292976
2309	0.30291590
2310	0.30368480
2311	0.30051810
2312	0.30121237
2313	0.30317286
2314	0.29958913
2315	0.30204481
2316	0.30291560
2317	0.30236551
2318	0.30273122
2319	0.30180600
2320	0.30035809
2321	0.30301616
2322	0.30129966
2323	0.30110773
2324	0.30287349
2325	0.30222014
2326	0.30227226
2327	0.30210212
2328	0.30040354
2329	0.30203763
2330	0.30213773
2331	0.29917458
2332	0.30252016
2333	0.30203646
2334	0.30217919
2335	0.30319920
2336	0.30059651
2337	0.30041620
2338	0.30332676
2339	0.29930261
2340	0.30194128
2341	0.30256167
2342	0.30158740
2343	0.30228314
2344	0.30101025
2345	0.29973558
2346	0.30219597
2347	0.30041084
2348	0.30076048
2349	0.30226806
2350	0.30141795
2351	0.30166560
2352	0.30194187
2353	0.29954901
2354	0.30083457
2355	0.30150148
2356	0.29923499
2357	0.30173540
2358	0.30384222
2359	0.30226973
2360	0.30264893
2361	0.29956561
2362	0.30029768
2363	0.30248731
2364	0.29884267
2365	0.30146125
2366	0.30133519
2367	0.30100581
2368	0.30290237
2369	0.30078417
2370	0.29867771
2371	0.30120608
2372	0.29970863
2373	0.30071670
2374	0.30218098
2375	0.30116090
2376	0.30128047
2377	0.30206919
2378	0.29897258
2379	0.30076000
2380	0.30149361
2381	0.29847017
2382	0.30156177
2383	0.30094132
2384	0.30118880
2385	0.30185026
2386	0.30000600
2387	0.29954490
2388	0.30147687
2389	0.29813185
2390	0.30136311
2391	0.30152029
2392	0.30101109
2393	0.30208969
2394	0.30031547
2395	0.29994074
2396	0.30204755
2397	0.30015209
2398	0.30084723
2399	0.30230141
2400	0.30132985
2401	0.30193520
2402	0.30133042
2403	0.29957452
2404	0.30103797
2405	0.30177686
2406	0.30045974
2407	0.30233815
2408	0.30230474
2409	0.30162540
2410	0.30264390
2411	0.30016148
2412	0.30015028
2413	0.30231747
2414	0.29822016
2415	0.30132723
2416	0.30291983
2417	0.30101526
2418	0.30183965
2419	0.30017051
2420	0.29866004
2421	0.30172658
2422	0.30009437
2423	0.30009985
2424	0.30147493
2425	0.30120540
2426	0.30138308
2427	0.30133498
2428	0.29869077
2429	0.30036160
2430	0.30156136
2431	0.29912111
2432	0.30196062
2433	0.30136797
2434	0.30064118
2435	0.30206171
2436	0.29937327
2437	0.29966909
2438	0.30191937
2439	0.29874846
2440	0.30107445
2441	0.30204347
2442	0.30158284
2443	0.30159169
2444	0.30002376
2445	0.29972854
2446	0.30139229
2447	0.29942644
2448	0.30034393
2449	0.30216148
2450	0.30191857
2451	0.30157968
2452	0.30131170
2453	0.29963064
2454	0.29661256
2455	0.30091992
2456	0.29865193
2457	0.30164143
2458	0.30149871
2459	0.30114645
2460	0.30166009
2461	0.29948115
2462	0.29959014
2463	0.30200061
2464	0.29788965
2465	0.30018812
2466	0.30126974
2467	0.30068529
2468	0.30167922
2469	0.30023527
2470	0.29897267
2471	0.30104074
2472	0.29993033
2473	0.30055052
2474	0.30084035
2475	0.30096012
2476	0.30140513
2477	0.30050087
2478	0.29909840
2479	0.29978421
2480	0.30069247
2481	0.29854736
2482	0.30143034
2483	0.30123368
2484	0.30144736
2485	0.30167186
2486	0.29938799
2487	0.29878515
2488	0.30040693
2489	0.29823986
2490	0.30031365
2491	0.30170515
2492	0.30083296
2493	0.30174524
2494	0.29952359
2495	0.29866764
2496	0.30021706
2497	0.29934224
2498	0.29839048
2499	0.30055463
2500	0.29984525
2501	0.29874197
2502	0.29990453
2503	0.29709792
2504	0.29965708
2505	0.29998752
2506	0.29769984
2507	0.30005598
2508	0.30020398
2509	0.29913253
2510	0.30133587
2511	0.29815692
2512	0.29837179
2513	0.30088338
2514	0.29808968
2515	0.29984820
2516	0.30049312
2517	0.29973495
2518	0.30076703
2519	0.29911619
2520	0.29792839
2521	0.29913571
2522	0.29857275
2523	0.29849246
2524	0.30016413
2525	0.29962695
2526	0.29957312
2527	0.30048767
2528	0.29807732
2529	0.29854631
2530	0.30075735
2531	0.29551995
2532	0.29931292
2533	0.30011314
2534	0.29925102
2535	0.29980090
2536	0.29778081
2537	0.29763865
2538	0.29994136
2539	0.29729047
2540	0.29943192
2541	0.29961947
2542	0.29910126
2543	0.30016536
2544	0.29872221
2545	0.29755378
2546	0.29906401
2547	0.29797092
2548	0.29717836
2549	0.29964614
2550	0.29973617
2551	0.29961914
2552	0.29942641
2553	0.29680109
2554	0.29859561
2555	0.29967123
2556	0.29703593
2557	0.29962346
2558	0.30001825
2559	0.29822358
2560	0.29985416
2561	0.29724184
2562	0.29766470
2563	0.30034950
2564	0.29733670
2565	0.29905879
2566	0.29952696
2567	0.29911318
2568	0.29986539
2569	0.29854488
2570	0.29718602
2571	0.29915810
2572	0.29823941
2573	0.29735398
2574	0.29937682
2575	0.29946938
2576	0.29917955
2577	0.29993138
2578	0.29607314
2579	0.29753315
2580	0.29927555
2581	0.29661900
2582	0.29898828
2583	0.29900640
2584	0.29898486
2585	0.30033842
2586	0.29699436
2587	0.29713041
2588	0.29993707
2589	0.29551044
2590	0.29906532
2591	0.29919496
2592	0.29865739
2593	0.29924083
2594	0.29897490
2595	0.29648793
2596	0.29868263
2597	0.29921904
2598	0.29761195
2599	0.29918981
2600	0.29828206
2601	0.29968399
2602	0.29959482
2603	0.29630205
2604	0.29836789
2605	0.29944050
2606	0.29649127
2607	0.29923123
2608	0.29998231
2609	0.29825372
2610	0.29919794
2611	0.29675844
2612	0.29717371
2613	0.29893541
2614	0.29638410
2615	0.29780847
2616	0.29928318
2617	0.29858601
2618	0.29827324
2619	0.29799372
2620	0.29693797
2621	0.29858443
2622	0.29730418
2623	0.29733562
2624	0.29897773
2625	0.29876998
2626	0.29958519
2627	0.29851404
2628	0.29655975
2629	0.29761702
2630	0.29826137
2631	0.29587400
2632	0.29853225
2633	0.29856899
2634	0.29804099
2635	0.29918435
2636	0.29629594
2637	0.29690748
2638	0.29791725
2639	0.29561028
2640	0.29765525
2641	0.29742277
2642	0.29687202
2643	0.29760295
2644	0.29726726
2645	0.29538333
2646	0.29742149
2647	0.29639462
2648	0.29613212
2649	0.29856753
2650	0.29755855
2651	0.29846454
2652	0.29859889
2653	0.29521206
2654	0.29530248
2655	0.29759818
2656	0.29574832
2657	0.29767329
2658	0.29769677
2659	0.29681161
2660	0.29751769
2661	0.29547113
2662	0.29592729
2663	0.29787463
2664	0.29448101
2665	0.29763982
2666	0.29805142
2667	0.29741240
2668	0.29793650
2669	0.29671767
2670	0.29494897
2671	0.29678243
2672	0.29612011
2673	0.29664901
2674	0.29939997
2675	0.29785520
2676	0.29760349
2677	0.29816115
2678	0.29450840
2679	0.29557091
2680	0.29706794
2681	0.29421082
2682	0.29747757
2683	0.29757977
2684	0.29587728
2685	0.29777172
2686	0.29560667
2687	0.29518458
2688	0.29711792
2689	0.29460007
2690	0.29708925
2691	0.29739925
2692	0.29650158
2693	0.29665229
2694	0.29621637
2695	0.29473814
2696	0.29614285
2697	0.29591423
2698	0.29479435
2699	0.29706571
2700	0.29684263
2701	0.29675481
2702	0.29773635
2703	0.29385582
2704	0.29289722
2705	0.29734319
2706	0.29411963
2707	0.29719800
2708	0.29737419
2709	0.29741690
2710	0.29760376
2711	0.29490653
2712	0.29476088
2713	0.29723987
2714	0.29387629
2715	0.29643893
2716	0.29774901
2717	0.29630604
2718	0.29724529
2719	0.29677701
2720	0.29547122
2721	0.29722297
2722	0.29810983
2723	0.29480520
2724	0.29798427
2725	0.29755765
2726	0.29740635
2727	0.29807478
2728	0.29538882
2729	0.29622865
2730	0.29770219
2731	0.29486856
2732	0.29764810
2733	0.29803613
2734	0.29719442
2735	0.29833397
2736	0.29567501
2737	0.29604188
2738	0.29838535
2739	0.29512882
2740	0.29665551
2741	0.29796317
2742	0.29751295
2743	0.29810524
2744	0.29709685
2745	0.29541942
2746	0.29664531
2747	0.29651868
2748	0.29553226
2749	0.29766601
2750	0.29738325
2751	0.29916432
2752	0.29788411
2753	0.29500321
2754	0.29619139
2755	0.29793200
2756	0.29514232
2757	0.29736522
2758	0.29825154
2759	0.29715845
2760	0.29779807
2761	0.29608583
2762	0.29612264
2763	0.29834637
2764	0.29591420
2765	0.29712340
2766	0.29807910
2767	0.29731897
2768	0.29809624
2769	0.29760730
2770	0.29502541
2771	0.29942158
2772	0.29724795
2773	0.29613805
2774	0.29864934
2775	0.29797763
2776	0.29745284
2777	0.29816940
2778	0.29623723
2779	0.29651606
2780	0.29828519
2781	0.29428816
2782	0.29847375
2783	0.29857409
2784	0.29787040
2785	0.29859242
2786	0.29619318
2787	0.29633325
2788	0.29903981
2789	0.29571113
2790	0.29757982
2791	0.29848611
2792	0.29783687
2793	0.29860476
2794	0.29807690
2795	0.29568958
2796	0.29815495
2797	0.29732224
2798	0.29656705
2799	0.29895034
2800	0.29898942
2801	0.29801297
2802	0.29896858
2803	0.29591382
2804	0.29772130
2805	0.29912800
2806	0.29630217
2807	0.29895669
2808	0.29793516
2809	0.29785168
2810	0.29913756
2811	0.29760641
2812	0.29717574
2813	0.29974970
2814	0.29676250
2815	0.29831791
2816	0.29969174
2817	0.29875535
2818	0.29791272
2819	0.29907754
2820	0.29745001
2821	0.29867128
2822	0.29792076
2823	0.29699153
2824	0.29907253
2825	0.29916254
2826	0.29944822
2827	0.29960379
2828	0.29726410
2829	0.29719457
2830	0.29943016
2831	0.29671365
2832	0.29926020
2833	0.29939345
2834	0.29911926
2835	0.29950917
2836	0.29806063
2837	0.29709515
2838	0.29969046
2839	0.29729316
2840	0.29825532
2841	0.29912597
2842	0.29905301
2843	0.30034718
2844	0.29902217
2845	0.29743525
2846	0.29950598
2847	0.29812798
2848	0.29788929
2849	0.30007374
2850	0.29957312
2851	0.29966277
2852	0.29993665
2853	0.29705831
2854	0.29845774
2855	0.29956838
2856	0.29585329
2857	0.29992861
2858	0.29942161
2859	0.29893416
2860	0.30001828
2861	0.29746994
2862	0.29686198
2863	0.29924002
2864	0.29673252
2865	0.29744065
2866	0.29913130
2867	0.29762313
2868	0.29894698
2869	0.29855013
2870	0.29670760
2871	0.29896727
2872	0.29867166
2873	0.29669347
2874	0.30030820
2875	0.29893300
2876	0.29934314
2877	0.29884526
2878	0.29658705
2879	0.29768324
2880	0.29978311
2881	0.29605344
2882	0.29896662
2883	0.29838791
2884	0.29862428
2885	0.29948455
2886	0.29754600
2887	0.29712781
2888	0.29949346
2889	0.29740340
2890	0.29816118
2891	0.29960665
2892	0.29924551
2893	0.29942551
2894	0.29886273
2895	0.29739961
2896	0.29954949
2897	0.29862589
2898	0.29764250
2899	0.29949200
2900	0.29938212
2901	0.29922017
2902	0.29928535
2903	0.29701033
2904	0.29906705
2905	0.29908699
2906	0.29656276
2907	0.29912096
2908	0.29880470
2909	0.29890606
2910	0.29953501
2911	0.29818195
2912	0.29673195
2913	0.29942712
2914	0.29949579
2915	0.29795086
2916	0.29975623
2917	0.29881409
2918	0.29994661
2919	0.29920876
2920	0.29736590
2921	0.29820031
2922	0.29858142
2923	0.29789972
2924	0.29916802
2925	0.29945388
2926	0.29937100
2927	0.30013508
2928	0.29799366
2929	0.29829046
2930	0.30070621
2931	0.29787922
2932	0.30088270
2933	0.30047762
2934	0.29933441
2935	0.30067313
2936	0.29875904
2937	0.29812139
2938	0.29975969
2939	0.29759216
2940	0.29851866
2941	0.30017704
2942	0.30016899
2943	0.29981256
2944	0.29848930
2945	0.29793233
2946	0.29976442
2947	0.29879588
2948	0.29790837
2949	0.30077648
2950	0.29992384
2951	0.29968870
2952	0.29913849
2953	0.29729936
2954	0.29872128
2955	0.30007076
2956	0.29694709
2957	0.30013952
2958	0.30013239
2959	0.29969758
2960	0.30049959
2961	0.29817915
2962	0.29823652
2963	0.30009091
2964	0.29817650
2965	0.29932874
2966	0.30065846
2967	0.30012190
2968	0.30024824
2969	0.30031881
2970	0.29787284
2971	0.29919550
2972	0.29850921
2973	0.29756391
2974	0.30029634
2975	0.30024958
2976	0.30038643
2977	0.30053985
2978	0.29825932
2979	0.29894200
2980	0.30083084
2981	0.29838488
2982	0.30105931
2983	0.29997274
2984	0.29958010
2985	0.29981816
2986	0.29911530
2987	0.29834375
2988	0.30039021
2989	0.29830447
2990	0.29839751
2991	0.30121082
2992	0.29976287
2993	0.30099583
2994	0.29941782
2995	0.29803839
2996	0.30007797
2997	0.29994339
2998	0.29867890
2999	0.30128783
3000	0.29970312