	C:\Users\jkuzm\OneDrive - University of Massachusetts\HRSL x UMILL-PUMA Fatigue - Fatigue\Data\F01\FR3_static3.c3d _ImpedanceExport
	FP1
	FORCE
	ORIGINAL
ITEM	Y
1	-1.63797402
2	-9.09293461
3	-6.18402529
4	-4.24341440
5	-14.29460526
6	-0.92210191
7	-0.79853135
8	-4.04113531
9	-3.77453041
10	-6.35616541
11	-7.65705204
12	-3.77473235
13	-9.48343468
14	-2.30958724
15	-2.31330633
16	-2.18246269
17	-1.28440607
18	-3.78033996
19	-9.83398342
20	-5.60533857
21	-3.20159364
22	-11.80573273
23	-1.28674221
24	-1.36686671
25	4.28614044
26	-3.91033745
27	-7.61819792
28	-4.49617577
29	-1.82342267
30	-13.84475040
31	-0.97560918
32	-0.75522214
33	-2.04699874
34	-0.71691865
35	-5.61011791
36	-8.15132999
37	-4.95156479
38	-8.96127319
39	-2.05035686
40	-0.67597228
41	-6.07019567
42	-3.13081002
43	-5.22927284
44	-1.09174407
45	-3.88507485
46	-3.93089485
47	-12.17443848
48	-2.67942810
49	-2.23694181
50	-1.65963614
51	-2.41274047
52	-9.58684349
53	-4.92605639
54	-2.98317122
55	-14.16968155
56	-0.89723307
57	-0.48437873
58	-4.32333469
59	-4.19032383
60	-5.61176348
61	-8.77682495
62	-3.71080160
63	-7.81039715
64	-2.93657303
65	-0.84665245
66	-4.73389149
67	-1.79840338
68	-4.41775227
69	-11.05901527
70	-6.19572544
71	-4.68976259
72	-10.95505810
73	-5.30379629
74	-1.47479558
75	-1.47577596
76	-4.72413826
77	-8.51909542
78	-5.45026493
79	-1.69384742
80	-13.01807880
81	-1.58702004
82	-0.40782407
83	-5.56412458
84	-0.62545437
85	-5.25964355
86	-7.44943714
87	-4.23109055
88	-8.60797501
89	-2.14440775
90	0.03987835
91	-4.01596498
92	-1.96174288
93	-4.39755726
94	-10.72820759
95	-4.13563251
96	-3.51218653
97	-11.49094963
98	-0.35065520
99	-1.50850117
100	-0.88572055
101	-0.92043400
102	-5.62736845
103	-5.52312136
104	-3.43149519
105	-13.94477463
106	1.11350226
107	0.62351644
108	-1.70255864
109	-2.77090120
110	-4.53557920
111	-7.06122112
112	-2.85115528
113	-7.88557291
114	-1.99842525
115	-1.06753552
116	-3.33562851
117	-0.61431086
118	-3.55737734
119	-9.30254173
120	-4.67058420
121	-3.06258559
122	-10.63421631
123	-0.90183055
124	-0.17700347
125	-0.12640621
126	-3.69366741
127	-6.64319420
128	-4.54216576
129	-0.27031347
130	-11.74872589
131	2.36542964
132	1.16307580
133	-0.44019058
134	0.67588204
135	-5.29022264
136	-6.66818333
137	-3.64510679
138	-6.72150707
139	-0.85894066
140	-8.24712372
141	-3.19946718
142	-1.55278051
143	-4.31257248
144	-8.62615490
145	-3.29041195
146	-2.17276311
147	-11.89390373
148	-0.07764951
149	-0.31573284
150	-3.11935329
151	-0.05003595
152	-6.50449324
153	-5.03099632
154	-3.43785787
155	-12.12210083
156	1.33660769
157	1.77858353
158	-2.19055557
159	-2.39672494
160	-4.67291784
161	-7.57024097
162	-1.41647530
163	-7.80108976
164	-2.71719980
165	-0.93428308
166	-2.17436600
167	0.32685229
168	-2.39713979
169	-4.62848330
170	-4.97951555
171	-2.30648279
172	-9.79571438
173	0.98022634
174	0.84427792
175	-0.14156079
176	-3.61330891
177	-4.13236713
178	-3.14869308
179	1.95491469
180	-10.77974796
181	1.28962815
182	1.06022739
183	-0.67431730
184	1.69242573
185	-4.23765707
186	-4.76271915
187	-0.73528451
188	-6.86347437
189	0.04557158
190	2.31873775
191	-0.75503904
192	0.57997847
193	-2.22917366
194	-7.16845465
195	-2.71434927
196	-1.23942208
197	-9.74961567
198	1.27933133
199	0.57845521
200	1.57296741
201	1.03045022
202	-5.69417667
203	-3.29269099
204	-1.42183852
205	-10.01558304
206	2.41466665
207	1.78059566
208	-1.96186423
209	-1.64472830
210	-2.79343843
211	-4.62312889
212	0.18494155
213	-5.15795851
214	0.63665116
215	2.55057001
216	0.04678109
217	-4.00416279
218	-0.07165795
219	-6.31336355
220	-2.06768036
221	-0.16577138
222	-7.16019821
223	2.41640925
224	3.27041864
225	1.39772654
226	0.05088486
227	-4.92956352
228	-1.14240837
229	2.73128915
230	-10.01782703
231	4.06091881
232	4.45764160
233	1.34435534
234	4.91015005
235	-0.51991427
236	-12.36786461
237	0.18363628
238	-2.12797999
239	2.90385485
240	5.12847567
241	0.13734041
242	3.62588835
243	0.72639012
244	-4.59653950
245	1.72571254
246	2.45529056
247	-7.91774321
248	3.39023852
249	3.60822606
250	3.60947418
251	2.90197682
252	-3.45854378
253	0.18556099
254	2.16547966
255	-8.36758327
256	6.59856939
257	5.39656448
258	-0.61792970
259	1.78941727
260	-0.08081347
261	-4.05817842
262	2.05333138
263	-3.55192375
264	3.93443918
265	-5.71429968
266	3.79291368
267	4.05247307
268	1.38818634
269	-3.83036065
270	-0.03681022
271	3.21457529
272	-7.65703535
273	5.67495060
274	5.04792738
275	3.07684040
276	1.70335126
277	-2.26606059
278	1.88828766
279	4.05771112
280	-7.08213854
281	5.20856667
282	6.33668995
283	2.71263981
284	50.39338303
285	-0.70275307
286	-2.08397079
287	2.28663468
288	-1.91420972
289	2.36406422
290	6.06645012
291	1.60791624
292	4.27609205
293	0.93358856
294	-6.84419155
295	1.65803313
296	4.10432053
297	-6.77532291
298	5.38397455
299	4.39715290
300	5.37676811
301	4.58622980
302	-2.38847089
303	-1.57910478
304	0.75232905
305	-7.43916988
306	4.94212198
307	5.34463453
308	0.58046746
309	1.37787783
310	0.00647770
311	-3.37699509
312	2.10704684
313	-3.71639061
314	1.33344436
315	2.75837207
316	3.15889215
317	3.46876621
318	1.20300674
319	-5.61755085
320	-2.00799632
321	-0.41118807
322	-7.61980534
323	2.17407656
324	2.93044114
325	1.42499220
326	-0.49200347
327	-3.61319733
328	-1.34113455
329	2.66842675
330	-9.53903866
331	3.20966697
332	19.45744133
333	0.87330365
334	3.24772191
335	-2.45117879
336	-5.16898394
337	-1.33800232
338	-2.89670396
339	0.84922153
340	2.92958474
341	-0.48017517
342	6.68477106
343	-1.52730930
344	-6.28472281
345	-1.33419216
346	-0.54586679
347	-10.08418846
348	1.10983264
349	1.72407782
350	1.64670873
351	0.87406170
352	-6.06357288
353	-2.81342125
354	-1.83522046
355	-10.96965027
356	1.59433079
357	0.92189759
358	-0.40698236
359	-0.71293920
360	-2.76705670
361	0.86272210
362	-1.70113564
363	-5.47792482
364	-2.01496506
365	0.70767784
366	-0.94030148
367	0.17493708
368	-0.93142265
369	-7.48592520
370	-4.73164511
371	-2.26467299
372	-11.26198959
373	-0.05144262
374	-0.04845197
375	-0.62995684
376	-3.61005306
377	-6.27336073
378	-3.96621180
379	-0.82768416
380	-16.53252983
381	-0.62902433
382	0.58084857
383	-0.59599525
384	0.80703378
385	-4.84636259
386	-6.89972162
387	-3.95849204
388	-7.00007725
389	-1.85358870
390	-1.26765978
391	-0.92903501
392	-1.02359760
393	-3.99689698
394	-9.08398628
395	-3.38143992
396	-1.10872841
397	-12.51134682
398	-1.76158190
399	-0.65766901
400	-1.73097444
401	0.23039417
402	-7.52299452
403	-6.09964895
404	-4.10382605
405	-12.07619667
406	0.75795454
407	0.71853632
408	-2.39615750
409	8.57788563
410	-4.26972723
411	-8.36011791
412	-3.10997057
413	-7.12814140
414	-2.89153695
415	-0.56914109
416	-1.46678627
417	1.16582716
418	-3.63706589
419	-7.92956686
420	-5.60973692
421	-4.23392391
422	-12.60510540
423	-1.02648771
424	0.53779286
425	-0.48459494
426	-2.97474337
427	-6.50012159
428	-9.67452431
429	-1.94892514
430	-12.33518791
431	0.58072525
432	-0.62410718
433	-2.66879296
434	0.58406657
435	-5.07735300
436	-7.40075970
437	-3.65098333
438	-6.09053230
439	-2.40704989
440	-0.00458819
441	-0.53065729
442	0.49166542
443	-3.64234042
444	-7.97270870
445	-2.53290153
446	-1.01178861
447	-10.91720295
448	-0.20812467
449	-0.70874327
450	-0.04402912
451	0.85307091
452	-5.20284319
453	-5.03352594
454	-1.73115039
455	-10.24893665
456	1.33343101
457	-2.52567697
458	-1.25787401
459	0.39565778
460	-3.20888019
461	-5.52777576
462	-0.76673234
463	-3.75008488
464	-1.34177113
465	1.71821463
466	-0.33200184
467	4.23629332
468	0.03523941
469	-6.06915998
470	-2.64202785
471	-0.53918433
472	-9.54922485
473	2.13046384
474	1.59646726
475	0.86996669
476	-9.55166531
477	-3.70856357
478	-2.50813508
479	0.74614608
480	-9.72701359
481	1.44740999
482	2.15813732
483	1.45405900
484	2.83288097
485	-2.91537762
486	-1.32868075
487	-2.07864428
488	-3.71907330
489	-0.42363694
490	2.15125227
491	0.51345831
492	0.41774854
493	-1.71628892
494	-6.42513180
495	-1.58284461
496	-0.30025774
497	-10.81282616
498	0.81245685
499	1.13588965
500	0.98234707
501	1.08115435
502	-6.09649324
503	-4.93285465
504	-3.91649556
505	-19.21236801
506	0.76574057
507	0.40638816
508	-2.48980403
509	-1.29405367
510	-4.71122885
511	-7.47829056
512	-2.21822095
513	-4.40290546
514	-2.78867626
515	1.25711071
516	-0.52355170
517	0.82827359
518	-1.26643801
519	-7.23955774
520	-4.03064442
521	-2.19971752
522	-11.33507252
523	0.35152879
524	-1.41075790
525	-2.32975316
526	-4.56731081
527	-7.55503464
528	-5.50172424
529	-2.46616650
530	-12.77284908
531	-1.36516035
532	-0.92009413
533	-3.51624036
534	-5.47797012
535	-5.57989407
536	-9.60099888
537	-5.14747143
538	-6.70668650
539	-4.42161322
540	-1.31681418
541	-3.42012429
542	-1.69265199
543	-3.63163829
544	-8.71504593
545	-4.33774328
546	-2.11897421
547	-12.53866577
548	-0.55403042
549	-0.23947991
550	-1.36035907
551	-0.82073510
552	-7.52825022
553	-10.86230659
554	-4.64816284
555	-13.74276829
556	-1.25950408
557	-2.01917005
558	-4.06498480
559	-4.15901327
560	-5.12583542
561	-9.08620071
562	-3.96332407
563	-2.86763382
564	-6.02385235
565	-2.10521221
566	-2.54815316
567	-1.47903049
568	-3.13167834
569	-10.34361649
570	-6.59833956
571	-4.61188984
572	-8.43526363
573	-0.71926576
574	-2.90261483
575	-2.59086108
576	-5.09083223
577	-9.67740059
578	-7.63061285
579	-4.46032429
580	-13.95036411
581	-2.90660572
582	-4.38839674
583	-5.89575720
584	-2.62862778
585	-7.98120499
586	-10.60508156
587	-6.68217993
588	-8.78391933
589	-8.16001320
590	-2.60028148
591	-3.93136287
592	-3.18478513
593	-6.38194466
594	-10.48029709
595	-4.90703344
596	-3.80524039
597	-14.27432060
598	-2.55263686
599	-1.93038154
600	-2.52286458
601	-7.69346380
602	-8.64661026
603	-7.21897888
604	-5.26475859
605	-14.31037045
606	-2.10055304
607	-1.87802970
608	-5.57614565
609	-5.11323690
610	-6.95604038
611	-11.98205471
612	-5.21184587
613	-8.69092560
614	-7.53168964
615	-2.26888394
616	-3.16781831
617	-3.17461443
618	-4.23182392
619	-10.67368984
620	-7.35009384
621	-4.77969599
622	-14.48141766
623	-2.81653237
624	-1.47943032
625	-2.14273977
626	-4.99990654
627	-8.65206051
628	-7.89986086
629	-2.94346380
630	-14.60370159
631	-2.65023065
632	-3.13332343
633	-4.06566811
634	-2.94498610
635	-7.58272934
636	-11.00010777
637	-6.19775105
638	-7.76507282
639	-7.35794687
640	-0.64882809
641	-2.77350855
642	-3.53964186
643	-5.94562006
644	-10.48963547
645	-5.54030800
646	-3.97876883
647	-13.91796494
648	-2.96652365
649	4.20764399
650	-1.88979423
651	-1.93144906
652	-8.83759594
653	-7.59700632
654	-5.00740385
655	-13.28773403
656	-1.61457384
657	-2.24470139
658	-6.57552719
659	-5.23939180
660	-8.04410744
661	-12.01221752
662	-5.72387552
663	-8.21937370
664	-9.51870918
665	-3.58012390
666	-5.01419067
667	-2.58952951
668	-4.81817245
669	-11.67361259
670	-6.60490608
671	-6.34031963
672	-14.30369663
673	-2.64725423
674	-2.82505798
675	-2.69077015
676	-4.86859894
677	-9.77837372
678	-10.73912525
679	-3.58604074
680	-13.34922409
681	-2.20912385
682	-1.45359826
683	-3.67757559
684	-1.85014141
685	-6.51677513
686	-10.00890446
687	-6.47900295
688	-5.88235426
689	-5.84614038
690	-1.08143139
691	-2.19311881
692	-2.91609406
693	-5.13524818
694	-9.32165241
695	-5.85018444
696	-3.20806289
697	-15.65177727
698	-2.28696823
699	-2.46491528
700	-2.95411396
701	-1.61540222
702	-8.47186947
703	-7.40508461
704	-4.82304478
705	-13.50761509
706	-2.33282089
707	-2.18819451
708	-4.51128626
709	-3.44296837
710	-6.64674425
711	-10.30494308
712	-4.34242439
713	-7.82577419
714	-7.37067986
715	-3.40366840
716	-3.42199206
717	-0.34459376
718	-3.37523937
719	-9.28925323
720	-6.02862263
721	-4.02477789
722	-14.45379925
723	-0.68548632
724	-1.76086307
725	-0.53567266
726	-2.96839643
727	-5.53469896
728	-5.45208740
729	-1.57616925
730	-11.06879902
731	-2.60822582
732	-0.77701759
733	-3.75867224
734	-2.47547221
735	-6.57509613
736	-9.94613647
737	-5.80344486
738	-6.10666656
739	-6.86973190
740	-1.20295882
741	-3.34173107
742	-2.84988832
743	-6.60195971
744	-10.84567928
745	-1.71057117
746	-4.73848915
747	-14.76379776
748	-3.09086156
749	-3.54164481
750	-3.27259994
751	-1.89439392
752	-9.51359653
753	-7.51951170
754	-7.11425781
755	-14.85712051
756	-1.50362468
757	-1.99020433
758	-6.58588266
759	-4.62059164
760	-6.39356184
761	-10.53954887
762	-4.35010338
763	-7.42573595
764	-7.74153090
765	-2.25277090
766	-2.21218133
767	-1.18854976
768	-1.75772047
769	-9.91259098
770	-6.39303303
771	-4.74596739
772	-14.35600853
773	-0.71828914
774	3.50539041
775	-1.38879120
776	-3.66277266
777	-7.48645592
778	-6.81985617
779	-2.44669366
780	-12.79443741
781	-1.90705478
782	-0.83695436
783	-2.81577516
784	-1.54936254
785	-6.50572205
786	-10.20098114
787	-4.99465847
788	-5.61350203
789	-5.84107399
790	0.25738865
791	-1.96648145
792	-1.11132228
793	9.52672100
794	-7.71262836
795	-3.66682982
796	-1.87660563
797	-11.37228012
798	0.07624799
799	0.02977350
800	0.60455835
801	0.70760608
802	-5.53072643
803	-0.94654125
804	-2.55123305
805	-8.25424099
806	1.59972835
807	2.49139619
808	-1.65310860
809	-0.89855111
810	-2.36179686
811	-6.74993086
812	-1.04875815
813	-4.68675995
814	-5.57183647
815	-0.17827448
816	0.30227128
817	0.57555240
818	-0.54147303
819	-6.72721052
820	-3.30137444
821	-1.83965564
822	-14.53089142
823	1.18714607
824	1.06564319
825	0.83924621
826	-2.59731007
827	-5.17825794
828	-5.26727629
829	-1.80009198
830	-11.42513180
831	-0.20392627
832	-1.83636785
833	-2.02225876
834	-0.33130190
835	-5.32101488
836	-9.95567608
837	-5.27205229
838	-6.12367582
839	-6.52275372
840	-1.85848713
841	-3.05671453
842	-1.54122913
843	-3.80033064
844	-8.44458771
845	-3.22841072
846	-1.35316873
847	-12.44445133
848	0.51382232
849	0.07199281
850	0.12822182
851	2.78392839
852	-5.88090372
853	-5.13802195
854	-2.73016572
855	-9.10891533
856	-0.24127780
857	0.34268868
858	-3.08399796
859	-3.47923279
860	-4.70462084
861	-9.01303005
862	-4.15572071
863	-5.90015030
864	-7.77141428
865	-2.29721069
866	-2.92030978
867	-3.10248208
868	-3.84400368
869	-11.03047180
870	-1.38638330
871	-4.73576736
872	-14.06329060
873	-2.29912424
874	-0.79004061
875	-2.55595088
876	-4.51828384
877	-7.33137751
878	-5.75801086
879	-2.71572804
880	-10.48208904
881	-1.17158973
882	-1.88871050
883	-3.40614271
884	-1.66764808
885	-4.90131426
886	-9.59341049
887	-6.51348972
888	-6.26367950
889	-9.14863682
890	-1.52507710
891	-2.05905604
892	-1.52993047
893	-4.50386333
894	-9.76793385
895	-5.04124928
896	-1.88786685
897	-12.56484032
898	-1.65663016
899	-5.71620607
900	-0.72999722
901	-0.24169891
902	-6.42520571
903	-5.80253315
904	-4.38637877
905	-11.20066738
906	-2.20733738
907	-0.68244624
908	-4.19361115
909	-4.31971121
910	-6.81861162
911	-10.42413616
912	-5.79702139
913	-7.75877714
914	-9.39713860
915	-3.02691603
916	-4.23631048
917	-3.37021232
918	-4.82665300
919	-10.34353256
920	-6.54556131
921	-5.08486843
922	-14.26016235
923	-2.77324319
924	-0.53973597
925	-1.61268890
926	-1.64885569
927	-5.56615114
928	-1.91673136
929	-1.96784115
930	-9.48913097
931	-0.09016611
932	0.04521500
933	-1.21118808
934	0.21761176
935	-3.56029916
936	-6.80846262
937	-30.42391014
938	-4.86743736
939	-6.15141344
940	-0.67029756
941	-2.77443790
942	-2.86618400
943	-4.59413147
944	-8.21020031
945	-4.58831692
946	-3.04274058
947	-12.71879959
948	-1.66486120
949	-1.53202224
950	-1.22107840
951	-1.31449032
952	-7.04968548
953	-6.56728792
954	-4.20326424
955	-11.47865105
956	-1.16309094
957	-0.42325115
958	-1.57344425
959	-1.12301087
960	-4.99960804
961	-7.17537022
962	-3.93025422
963	-4.81296062
964	-8.55852318
965	-2.23978996
966	-8.82406616
967	-0.57832301
968	-2.18273950
969	-9.48686504
970	-6.28244686
971	-3.38516569
972	-13.73029900
973	-1.43691576
974	-0.58453166
975	-1.48175466
976	-3.16536093
977	-5.26319170
978	-5.39086246
979	-1.34537292
980	-8.92385769
981	-0.55436140
982	-0.11386204
983	-0.02081328
984	1.05559170
985	-16.05033112
986	-9.51217556
987	-3.53827715
988	-4.69656372
989	-5.48940086
990	0.73829067
991	-0.41983199
992	-0.65118110
993	-4.53517199
994	-8.29908657
995	-10.09752750
996	-1.84124100
997	-13.15359402
998	-0.45482031
999	0.51838684
1000	0.52478039
1001	1.11268294
1002	-4.76974344
1003	-3.81234074
1004	-2.84739470
1005	-8.38476753
1006	1.33151770
1007	2.08657980
1008	-0.40301389
1009	0.70898122
1010	-2.58061671
1011	-5.38687897
1012	-1.07819152
1013	-1.37082744
1014	-13.34549046
1015	1.69622266
1016	0.80303085
1017	1.60040462
1018	0.05195162
1019	-5.92456532
1020	-3.39018083
1021	-1.73464179
1022	-10.64332581
1023	1.02321136
1024	1.02455926
1025	0.40432724
1026	-0.79995072
1027	-4.35832930
1028	-4.31478691
1029	-0.45038682
1030	-8.42564106
1031	1.33556902
1032	1.17665839
1033	21.15167809
1034	1.67754948
1035	-2.00560212
1036	-7.35955763
1037	-2.72595286
1038	-3.08566451
1039	-5.38961983
1040	1.54756272
1041	0.74550021
1042	0.19384010
1043	-5.07824230
1044	-5.20977879
1045	-0.89449388
1046	0.34703651
1047	-10.69358826
1048	1.82121778
1049	1.20004988
1050	1.82690811
1051	3.16776299
1052	-4.16029882
1053	-4.54571533
1054	-1.06869209
1055	-7.45662737
1056	1.64348137
1057	2.08788610
1058	0.07962964
1059	-0.62664765
1060	-2.90145588
1061	-5.66705608
1062	-9.38971710
1063	-1.43020558
1064	-4.37730026
1065	1.06293976
1066	0.56833303
1067	1.64170992
1068	0.48254687
1069	-5.78841734
1070	-5.44730282
1071	-1.56190038
1072	-11.25907040
1073	1.24664307
1074	0.48005787
1075	0.62714344
1076	-1.52186739
1077	-3.82962584
1078	-4.67326021
1079	-1.60410988
1080	-8.42115688
1081	17.64581299
1082	0.25783202
1083	-0.10135207
1084	0.70934588
1085	-1.60080898
1086	-7.35523558
1087	-2.63630581
1088	-2.36756682
1089	-7.09393501
1090	0.84126753
1091	6.56134176
1092	0.43318921
1093	-1.83643615
1094	-6.38700247
1095	-2.20294738
1096	0.20629546
1097	-10.49156380
1098	0.87111944
1099	0.93977666
1100	1.63520896
1101	2.42893958
1102	-4.99914742
1103	-5.71614695
1104	-2.14699268
1105	-7.49082565
1106	0.75421530
1107	1.59112835
1108	-0.93928397
1109	-0.53504246
1110	3.36928105
1111	-8.59351254
1112	-3.37785721
1113	-3.46695709
1114	-8.14058685
1115	-0.83298796
1116	-1.10616899
1117	0.22417761
1118	-1.05815685
1119	-7.25251913
1120	-8.31232929
1121	-2.39864540
1122	-12.60658169
1123	-0.35436493
1124	1.07787490
1125	-0.84397197
1126	-1.55331063
1127	-4.76331568
1128	-6.33901548
1129	0.48269936
1130	-6.98497534
1131	-0.30425432
1132	1.11385012
1133	-1.72922266
1134	1.34885788
1135	-2.16926146
1136	-5.95326185
1137	-2.79564047
1138	-3.24533510
1139	-7.32521152
1140	1.25634122
1141	-0.44461298
1142	0.26299655
1143	-3.06856585
1144	-7.61930227
1145	-3.11402321
1146	-1.34114802
1147	-11.99172974
1148	0.00896649
1149	-0.17821872
1150	0.08946331
1151	1.21156716
1152	-4.97527695
1153	-6.63004398
1154	-3.59561324
1155	-9.16234589
1156	-0.96927941
1157	0.14670442
1158	6.41418266
1159	-0.96836734
1160	-4.79734755
1161	-8.50354385
1162	-3.82074547
1163	-4.75739861
1164	-9.02620125
1165	-1.87060797
1166	-1.32300353
1167	-0.96596622
1168	1.07238877
1169	-8.90135288
1170	-5.41828537
1171	-3.23080587
1172	-13.59393787
1173	-1.47393847
1174	-0.57000697
1175	-3.16180825
1176	-3.37997961
1177	-6.80760145
1178	-7.52772379
1179	-3.56592822
1180	-10.03759289
1181	-0.93817735
1182	-0.66807538
1183	-1.96336281
1184	-0.36029381
1185	-4.80537939
1186	-8.80895519
1187	-0.66286927
1188	-5.21421385
1189	-9.30608082
1190	-1.29247487
1191	-1.24976873
1192	-2.18398833
1193	-3.74761438
1194	-8.46257496
1195	-5.34772062
1196	-4.01968098
1197	-13.81762791
1198	-2.81874180
1199	-2.41340852
1200	-2.27856684
1201	-0.76459455
1202	-8.06785011
1203	-7.13714600
1204	-4.50536728
1205	-10.93788338
1206	2.32719135
1207	-1.07607329
1208	-3.04077172
1209	-2.85568571
1210	-5.74694109
1211	-8.64801598
1212	-3.33938026
1213	-4.68877745
1214	-8.69205093
1215	-2.58907962
1216	-0.00553328
1217	-0.80776757
1218	-1.55287158
1219	-9.93193150
1220	-5.24448395
1221	-4.22531748
1222	-12.07267284
1223	-1.37180471
1224	-0.80275083
1225	-15.95209694
1226	-4.27258539
1227	-5.84815168
1228	-8.29708958
1229	-3.44366932
1230	-10.17196655
1231	-2.86913109
1232	-1.92531943
1233	-4.78478003
1234	-0.36399174
1235	-0.51375639
1236	-8.39826679
1237	-5.58672047
1238	-4.42482376
1239	-8.29683113
1240	-0.01287495
1241	-1.39336264
1242	-1.35409832
1243	-4.18986797
1244	-7.68040514
1245	-4.65273666
1246	-2.06416225
1247	-13.61798096
1248	-1.88867342
1249	-0.64195853
1250	-1.04966736
1251	-1.17974484
1252	-6.52415085
1253	-8.35553360
1254	-4.55634785
1255	-8.57320499
1256	-2.19998622
1257	-0.77683336
1258	-1.57559049
1259	-2.68885303
1260	-4.95895004
1261	-8.42044926
1262	-3.17046809
1263	-4.46531773
1264	-8.52420330
1265	-1.25579309
1266	-1.27076352
1267	-0.76438326
1268	-0.72276157
1269	-8.79101658
1270	-5.75518894
1271	-4.54616833
1272	-12.86853886
1273	-2.10437226
1274	-1.75449753
1275	-1.39237702
1276	-3.58596611
1277	-6.83669472
1278	-7.32909584
1279	-3.22922373
1280	-9.29505253
1281	-3.01615214
1282	-1.32836711
1283	-2.49145079
1284	-1.53732038
1285	-3.36202884
1286	-9.74060822
1287	-5.59864330
1288	-4.83538818
1289	-7.64083242
1290	0.11581782
1291	-1.07430160
1292	-0.51568919
1293	-1.83917487
1294	-7.59092999
1295	-3.66419601
1296	-0.99410588
1297	-11.95747566
1298	-0.10125245
1299	-0.37701455
1300	-1.00113022
1301	-1.09307492
1302	-7.56819439
1303	-7.09259796
1304	-5.04552889
1305	-9.23737144
1306	-2.14699197
1307	-0.32393673
1308	-3.21868110
1309	-2.19994426
1310	-4.67681026
1311	-9.19233990
1312	0.11191405
1313	-4.59865141
1314	-11.54850006
1315	-2.52210999
1316	-1.93195343
1317	-1.57523823
1318	-1.61312461
1319	-7.63747168
1320	-6.31686974
1321	3.53361487
1322	-11.60587311
1323	-2.20689607
1324	-1.30823994
1325	-3.18708968
1326	-3.85496473
1327	-7.31937170
1328	-7.76245880
1329	-3.35348487
1330	-9.96242332
1331	-5.28816271
1332	-2.01793456
1333	-3.80369115
1334	-2.28973961
1335	-5.40499687
1336	-10.03840446
1337	-6.43078375
1338	-5.45486355
1339	-8.27736187
1340	-0.64685756
1341	-2.12383151
1342	-1.44984567
1343	-3.89658022
1344	-7.55217648
1345	-4.39076853
1346	-2.38303876
1347	-12.81406879
1348	-2.12243271
1349	-1.51315904
1350	-3.98617148
1351	-1.18922901
1352	-6.71295643
1353	-8.35561657
1354	-4.88290930
1355	-9.57414150
1356	-3.27784419
1357	-1.04739523
1358	-5.24468279
1359	-2.52786756
1360	-9.10994148
1361	-9.61466026
1362	-4.75538397
1363	-5.00986624
1364	-10.81117058
1365	-1.99265254
1366	-3.05585718
1367	-1.84674823
1368	-0.71520424
1369	-9.28260136
1370	-5.67770433
1371	-5.63196278
1372	-13.15587902
1373	-3.04235053
1374	-1.08160889
1375	-3.44247556
1376	-3.97186375
1377	-6.90936899
1378	-7.75217724
1379	-4.75163889
1380	-10.61752605
1381	-4.55602837
1382	-2.41033077
1383	-2.91069388
1384	-3.22703099
1385	-4.95171356
1386	-10.04109383
1387	-6.06492758
1388	-5.62290478
1389	-10.89430237
1390	-2.29167461
1391	-2.11867952
1392	-1.94190145
1393	-5.27790022
1394	-8.84568119
1395	-6.35445404
1396	-3.13757873
1397	-13.26571751
1398	1.76083672
1399	-0.91928005
1400	-1.27465212
1401	-1.62728322
1402	-7.35768938
1403	-8.11881542
1404	-5.67824316
1405	-9.27938366
1406	-3.65603256
1407	-0.95194679
1408	-4.56543589
1409	-3.67025638
1410	-6.28211260
1411	-10.69510365
1412	-5.02952147
1413	-4.93765259
1414	-10.85700226
1415	-1.77623856
1416	-2.41176891
1417	-1.54364276
1418	-1.32393682
1419	-8.81160069
1420	-6.84818792
1421	-5.28342342
1422	-12.95349693
1423	-2.80040526
1424	-0.62380213
1425	-3.37403965
1426	-3.16681910
1427	-6.26374531
1428	-8.23329639
1429	-3.33142281
1430	-9.30627251
1431	-3.38889289
1432	-2.36111355
1433	-2.71774340
1434	-1.87471426
1435	-4.15489769
1436	-8.96334839
1437	-8.24725533
1438	-5.29399443
1439	-10.60337162
1440	-1.33486366
1441	-0.44447827
1442	-1.01562881
1443	-4.12356186
1444	-7.11616135
1445	-2.33235693
1446	-1.28097987
1447	-10.91370010
1448	-0.13632624
1449	0.22042802
1450	-0.63386649
1451	0.92741531
1452	-4.32493496
1453	-5.52883768
1454	-3.62558079
1455	-6.37407827
1456	-3.17380929
1457	1.41079211
1458	-1.12662804
1459	-0.15110850
1460	-3.93700099
1461	-6.60792065
1462	-2.11681795
1463	-2.10422015
1464	-8.47061920
1465	-0.31813446
1466	0.17074314
1467	1.27943075
1468	1.73623037
1469	-6.06769514
1470	-3.39893460
1471	-2.64511895
1472	-11.46225262
1473	-0.02736694
1474	0.20599015
1475	1.18514848
1476	-1.94511235
1477	-5.27255630
1478	-7.23933697
1479	-2.29264808
1480	-6.34306765
1481	-1.93697190
1482	0.11464959
1483	-1.71724010
1484	0.01318151
1485	-4.65558624
1486	-8.52846241
1487	-4.74531364
1488	-3.36467528
1489	-7.59681463
1490	0.41580236
1491	0.77182478
1492	0.90734100
1493	-2.16988492
1494	-13.09980488
1495	-2.57827759
1496	0.37612754
1497	-9.97035980
1498	0.41029033
1499	2.32131195
1500	0.49479860
1501	1.55325985
1502	-3.61851573
1503	-5.31100941
1504	-4.57641649
1505	-5.00082684
1506	-0.89080393
1507	2.00321674
1508	0.08143422
1509	1.07117248
1510	-2.98347068
1511	-7.03866625
1512	-2.49820971
1513	-0.74692416
1514	-8.89471149
1515	0.32137272
1516	0.86294311
1517	1.34716535
1518	1.13297164
1519	-5.31324387
1520	-3.22701931
1521	-2.46554542
1522	-10.75667477
1523	5.95854807
1524	2.87247396
1525	-1.40176225
1526	-0.99526811
1527	-3.52728891
1528	-5.71395350
1529	-1.74461401
1530	-6.74457216
1531	-2.59517932
1532	-0.46634674
1533	0.69960046
1534	0.28771305
1535	-1.25407207
1536	-6.65723276
1537	-2.76905847
1538	-1.78725719
1539	-8.26248932
1540	1.53883111
1541	1.62912261
1542	15.61478138
1543	-0.59967893
1544	-3.67819023
1545	-0.77678221
1546	1.27298415
1547	-8.17766571
1548	1.99299443
1549	3.46216941
1550	1.10094190
1551	3.83800721
1552	-1.64333701
1553	-2.80285716
1554	-0.57159537
1555	-3.30092740
1556	1.11599767
1557	2.72082353
1558	0.57573825
1559	-0.03964143
1560	-3.43606305
1561	-5.90006065
1562	-2.22363305
1563	-0.12411726
1564	-7.92451477
1565	1.34128475
1566	0.94623411
1567	1.92154944
1568	1.83423185
1569	-5.77110958
1570	-2.38951635
1571	-6.78985453
1572	-9.02334595
1573	1.43931890
1574	3.04574704
1575	-0.11104758
1576	0.45950869
1577	-3.36548495
1578	-5.49823523
1579	-2.07982588
1580	-5.41273069
1581	-2.78496504
1582	0.55580181
1583	-0.46311769
1584	1.57354033
1585	-1.54197490
1586	-6.52718163
1587	-4.21780872
1588	-2.84216070
1589	-9.75055599
1590	18.05277443
1591	0.89733446
1592	-0.07904600
1593	-1.95342720
1594	-4.57757092
1595	-2.39037991
1596	0.55090529
1597	-9.66261005
1598	0.63359869
1599	2.28426981
1600	2.62638593
1601	2.37293410
1602	-4.44420671
1603	-5.33348656
1604	-2.34593391
1605	-6.49803543
1606	-1.50276506
1607	1.24704325
1608	-0.11219739
1609	-0.42003331
1610	-3.51384258
1611	-8.64234447
1612	-3.78907704
1613	-2.72142649
1614	-10.78327370
1615	-0.30458856
1616	-0.71099389
1617	-0.44335729
1618	1.33991230
1619	-4.28443098
1620	-3.87275720
1621	-2.57287049
1622	-10.29192257
1623	-0.07591465
1624	0.76620585
1625	-0.43061227
1626	-0.79245472
1627	-3.63316798
1628	-5.86205816
1629	2.18508601
1630	-6.31709719
1631	-2.40039349
1632	-0.04181927
1633	-0.26581702
1634	1.16823196
1635	-2.17304349
1636	-7.65036535
1637	-4.51872540
1638	-7.56508684
1639	-10.24444008
1640	-0.17892262
1641	-0.03949779
1642	1.07298386
1643	-2.71753526
1644	-4.99032640
1645	-3.66369939
1646	0.04488898
1647	-9.63150406
1648	-2.76350117
1649	2.34481239
1650	2.75576067
1651	3.06324625
1652	-1.83952534
1653	-4.46964216
1654	-1.49192619
1655	-4.52444267
1656	-0.83226717
1657	3.20090866
1658	0.20299961
1659	2.03442907
1660	-1.48108125
1661	-4.87224627
1662	0.07136025
1663	0.07727367
1664	-9.02383327
1665	2.11938000
1666	2.65050602
1667	3.81127334
1668	3.45867753
1669	-3.51582527
1670	-0.80844927
1671	0.44347382
1672	-7.05740452
1673	2.89665079
1674	4.49146414
1675	1.77669597
1676	1.83171189
1677	-0.57506567
1678	-2.89329314
1679	1.14647186
1680	-3.39395285
1681	-0.31236380
1682	2.98861170
1683	1.46621215
1684	2.53581524
1685	1.10302508
1686	-3.86331153
1687	-2.22987819
1688	-1.90902817
1689	-8.32917309
1690	1.47480631
1691	2.57992578
1692	1.73141706
1693	-0.14212398
1694	-4.77780962
1695	-2.65198159
1696	1.04604959
1697	-8.36257839
1698	0.63714433
1699	2.15239120
1700	2.00734472
1701	2.81468201
1702	-1.41148543
1703	-4.44253397
1704	-0.83244491
1705	-3.68360209
1706	-1.18786800
1707	2.37177491
1708	2.03065610
1709	2.24971843
1710	-1.34991956
1711	-5.05878973
1712	-1.57329190
1713	-0.32508326
1714	-7.95462275
1715	-2.38258672
1716	1.04942083
1717	2.93092132
1718	2.21310449
1719	-4.20045900
1720	-3.35341644
1721	-2.19168305
1722	-9.05779362
1723	0.88481230
1724	1.18452716
1725	-3.38629603
1726	-0.45104954
1727	-3.56020951
1728	-6.81827211
1729	-2.23274183
1730	-4.90262604
1731	-3.61785674
1732	0.17396954
1733	0.80371159
1734	-10.47814274
1735	-1.41980803
1736	-6.46439219
1737	-4.10709810
1738	-4.29325056
1739	-9.63429546
1740	-0.59511113
1741	0.34328771
1742	-0.78624707
1743	-2.65023518
1744	-6.60562134
1745	-3.71494603
1746	-1.57337058
1747	-9.11161995
1748	-0.10767425
1749	0.87180001
1750	-1.22623396
1751	0.25389308
1752	-3.20951915
1753	-5.92843676
1754	-1.80084312
1755	-6.16743803
1756	-2.64265156
1757	1.84915578
1758	-0.64297527
1759	-0.01794560
1760	-3.62183237
1761	-8.39342403
1762	-2.94616055
1763	-10.37408066
1764	-10.88233566
1765	-1.53150666
1766	-1.00154662
1767	-1.17546439
1768	-1.00221038
1769	-7.14090347
1770	-6.55804920
1771	-5.30642939
1772	-11.51567459
1773	-3.13333344
1774	-0.58409846
1775	-3.62560511
1776	-2.94027114
1777	-5.11780834
1778	-7.76152039
1779	-4.47219038
1780	-6.60425758
1781	-5.37029648
1782	18.08007622
1783	-1.34261692
1784	-0.72459078
1785	-3.21510673
1786	-8.43074512
1787	-5.31492519
1788	-4.46511889
1789	-10.43829346
1790	-1.85110676
1791	-0.79199493
1792	-2.85803413
1793	-4.06561804
1794	-6.51562166
1795	-5.35485697
1796	-1.65127933
1797	-11.06163502
1798	-1.06909978
1799	0.25636095
1800	-1.95875180
1801	-0.33959728
1802	-6.37191629
1803	-7.63032293
1804	-3.83852577
1805	-6.65407562
1806	-4.11298084
1807	-0.64520019
1808	-2.34281993
1809	-2.21667075
1810	-3.97134137
1811	-6.45758438
1812	-4.34552145
1813	-3.40306926
1814	-12.36884594
1815	-1.49894583
1816	-2.70911169
1817	-2.12727451
1818	-0.74002528
1819	-8.99018192
1820	-6.40197229
1821	-5.90118647
1822	-11.26258278
1823	-2.33753085
1824	-0.59873998
1825	-3.08882952
1826	-3.35943294
1827	-6.56308031
1828	-8.97778416
1829	-2.96520257
1830	8.26745510
1831	-5.45735455
1832	-0.89772826
1833	-1.97464418
1834	-0.41733506
1835	-2.90170050
1836	-9.94946671
1837	-6.87419939
1838	-4.94964886
1839	-11.95764065
1840	0.02405815
1841	-1.22179806
1842	-2.15457463
1843	-4.20938206
1844	-7.36232615
1845	-6.24842310
1846	-2.82981730
1847	-11.56283665
1848	-3.67046356
1849	-1.36602688
1850	-4.12523651
1851	-1.81642997
1852	-5.63652372
1853	-8.86219501
1854	-5.10771656
1855	-7.73630857
1856	-5.72716856
1857	-1.00997734
1858	-2.80828190
1859	6.62069511
1860	-5.18395472
1861	-8.80124378
1862	-5.67711830
1863	-3.48531127
1864	-12.18342781
1865	-2.56040764
1866	-3.13890529
1867	-3.23087025
1868	-1.89633358
1869	-9.04817104
1870	-6.74189997
1871	-4.92251301
1872	-11.60366344
1873	-2.72978020
1874	-0.60394150
1875	-3.36065888
1876	-2.69557309
1877	-7.23885345
1878	-23.24122238
1879	-5.97855568
1880	-6.73664141
1881	-5.30882406
1882	-2.90588236
1883	-2.55218840
1884	-1.93051755
1885	-4.10879612
1886	-9.72722912
1887	-6.59407473
1888	-5.61186647
1889	-11.78473282
1890	-2.69455957
1891	-2.42535329
1892	-3.58945656
1893	-4.57119703
1894	-7.78703403
1895	-8.41817474
1896	-4.07482910
1897	-11.92255306
1898	-3.67652917
1899	-1.45654178
1900	-2.52807665
1901	-2.53363276
1902	-6.84579611
1903	-9.20641899
1904	-6.21756220
1905	-7.50503349
1906	-7.32215691
1907	6.17815876
1908	-3.45617390
1909	-2.29262900
1910	-5.94460583
1911	-9.50788403
1912	-5.53655481
1913	-4.77502441
1914	-12.44388962
1915	-2.23956418
1916	-2.06632948
1917	0.76552105
1918	-1.93390357
1919	-10.04883575
1920	-7.77299976
1921	-6.34820747
1922	-13.03614998
1923	-4.79059124
1924	-2.43334508
1925	-5.55404234
1926	-10.14370155
1927	-8.80184364
1928	-10.93622208
1929	-5.95151615
1930	-8.65907955
1931	-8.21437740
1932	-3.89488220
1933	-4.56115532
1934	-3.04355025
1935	-4.86680079
1936	-13.25664234
1937	-8.84592915
1938	-7.23044825
1939	-12.81173897
1940	-4.34286499
1941	-3.23137856
1942	-4.25953341
1943	-6.22297478
1944	-10.20228291
1945	-8.59169102
1946	-5.98370123
1947	-13.25519180
1948	-4.61678934
1949	-2.34859514
1950	-4.08088207
1951	-2.12377334
1952	-6.87320518
1953	-10.09266949
1954	-7.20239639
1955	-12.87748432
1956	-8.66228962
1957	-2.20262647
1958	-3.89757657
1959	-3.76956701
1960	-6.12160587
1961	-10.04788017
1962	-6.69998980
1963	-4.78687668
1964	-13.19858646
1965	-3.22491741
1966	-4.29832554
1967	-2.60601330
1968	-2.19516754
1969	-9.50747299
1970	-8.11657715
1971	-6.52451134
1972	-12.98601341
1973	-4.71015644
1974	-6.79317045
1975	-4.42176199
1976	-4.74194384
1977	-6.06380320
1978	-9.50590420
1979	-5.35815907
1980	-7.45300579
1981	-6.83626175
1982	-3.27429104
1983	-2.77440405
1984	3.92756319
1985	-2.95956039
1986	-8.92311859
1987	-6.43489122
1988	-5.76638794
1989	-11.60019112
1990	-2.74128199
1991	-1.40801144
1992	-0.25009844
1993	-4.70511198
1994	-6.84948826
1995	-6.39419365
1996	-3.08972120
1997	-11.56323433
1998	-3.58678722
1999	-1.93668365
2000	-2.74289107
2001	-1.81145680
2002	-6.66830540
2003	-10.73424625
2004	-5.28036022
2005	-6.97784138
2006	-6.00169230
2007	-0.47001135
2008	-3.37527585
2009	-2.74130225
2010	-6.29838276
2011	-9.78589821
2012	-4.29459000
2013	-5.24452162
2014	-12.67812824
2015	-3.68435788
2016	-2.02550244
2017	-3.05396461
2018	-1.70845616
2019	-7.81037378
2020	-8.25810432
2021	-6.41130781
2022	-11.47380066
2023	-4.64939547
2024	-1.13737547
2025	-2.42961144
2026	-3.80611539
2027	-7.05368042
2028	-9.64701080
2029	-5.68285990
2030	-7.23067427
2031	-8.49517727
2032	-4.61384821
2033	-2.29018521
2034	-2.12772012
2035	-3.75426173
2036	-9.41148186
2037	-6.74651480
2038	-5.58530140
2039	-12.00408840
2040	-2.88944197
2041	-1.52578676
2042	0.25242037
2043	-4.06960869
2044	-7.36617279
2045	-7.06020498
2046	-3.27488279
2047	-11.60763168
2048	-2.82455993
2049	-1.85190964
2050	-3.67803597
2051	0.40444589
2052	-5.58631802
2053	-7.85999060
2054	-6.21687460
2055	-7.09113789
2056	-6.42898655
2057	-1.44562399
2058	-2.51691008
2059	-2.59226418
2060	-5.39240122
2061	-9.00807381
2062	-5.04094696
2063	-3.56235695
2064	-10.91922665
2065	-1.95708525
2066	-0.98897260
2067	-0.98566157
2068	0.22933660
2069	-6.59603262
2070	-4.61800718
2071	-4.84798670
2072	-11.22672367
2073	-2.75256109
2074	0.18706253
2075	-2.40397215
2076	-2.00191522
2077	-6.53558874
2078	-8.60131550
2079	-4.60675192
2080	-11.18120098
2081	-7.58003473
2082	-2.00089455
2083	-1.63995993
2084	0.18232983
2085	-3.16117525
2086	-8.82200336
2087	-5.78854036
2088	-5.15427876
2089	-10.10125351
2090	-2.01012778
2091	-0.48848289
2092	-0.71939230
2093	-2.45020270
2094	-6.46730328
2095	-6.64501810
2096	-2.00600243
2097	-9.71153450
2098	-2.59888792
2099	0.18936433
2100	-2.36132908
2101	-1.47594452
2102	-4.62338781
2103	-7.29557562
2104	-5.95840025
2105	-6.35280514
2106	-5.06189489
2107	-0.02613449
2108	-2.14248776
2109	-4.12565565
2110	-5.46262884
2111	-7.96391773
2112	-4.53689432
2113	-2.74407125
2114	-11.26723957
2115	-1.38264573
2116	-1.61438262
2117	-0.02341003
2118	0.73137194
2119	-5.43899679
2120	-5.56657553
2121	-3.66188884
2122	-8.91597462
2123	-1.50747728
2124	1.33638334
2125	-2.18753028
2126	-1.33282733
2127	-4.31083679
2128	-4.66342926
2129	-3.07767963
2130	-4.49715424
2131	-6.68490505
2132	-0.80246407
2133	-2.23714590
2134	-0.00240233
2135	-0.67746013
2136	-7.94698286
2137	-4.04926157
2138	-2.72783566
2139	-10.74733162
2140	-0.68094587
2141	0.96858519
2142	0.21462037
2143	-2.27675128
2144	-4.86815310
2145	-4.47054482
2146	-1.24375165
2147	-4.74488306
2148	-0.32579321
2149	1.23610580
2150	0.47263557
2151	0.91469717
2152	-3.88628936
2153	-6.33544016
2154	-4.60021305
2155	-5.70257139
2156	-7.40699148
2157	-0.63064373
2158	-1.47198629
2159	-0.08995184
2160	-3.56655073
2161	-7.71833611
2162	-4.42050028
2163	-2.27741981
2164	-9.76584148
2165	-1.84292734
2166	-0.71773225
2167	-1.21504545
2168	0.43902594
2169	-6.73194885
2170	-6.02151155
2171	-3.66468334
2172	-8.07404804
2173	-2.10112786
2174	1.14475250
2175	-2.22589970
2176	-0.03827028
2177	-5.09890032
2178	-7.09007883
2179	-3.13432479
2180	-3.87750316
2181	-6.69619417
2182	-1.07751942
2183	-0.76861435
2184	-0.49724737
2185	-0.95481151
2186	-6.61142588
2187	-6.28910255
2188	-3.38759923
2189	-11.24025345
2190	-2.19276524
2191	0.43750048
2192	-0.93610680
2193	-2.41182494
2194	-4.58295584
2195	-0.31657296
2196	-1.21807313
2197	-8.43306065
2198	-2.37508917
2199	-0.05186823
2200	0.25382873
2201	-0.55122626
2202	-3.97137356
2203	-6.65114927
2204	-4.40058279
2205	-6.07214403
2206	-7.89231396
2207	0.21878840
2208	-1.12197053
2209	-0.72379565
2210	-4.22199535
2211	-7.30659103
2212	-3.82262182
2213	-2.76199150
2214	-10.47715473
2215	-0.58218914
2216	-0.44409049
2217	-0.62670547
2218	-0.17422770
2219	-5.63893175
2220	-5.82919836
2221	-4.35545588
2222	-9.30601788
2223	-3.73670387
2224	-1.13085103
2225	-2.80500460
2226	-1.51941240
2227	-6.01205730
2228	-7.39626837
2229	-4.01537895
2230	-5.25825405
2231	-6.82417536
2232	-2.28325319
2233	-2.28299260
2234	-2.19923401
2235	-1.65179801
2236	-8.43920135
2237	-6.02595949
2238	-4.96371460
2239	-12.36701775
2240	-3.72359776
2241	-0.23147227
2242	-4.39565754
2243	9.29154682
2244	-7.27891207
2245	-7.72380972
2246	-3.18381691
2247	-9.56655788
2248	-3.94791365
2249	-0.42434648
2250	-3.45924854
2251	-1.29416287
2252	-5.85730934
2253	-9.29211521
2254	-6.61114311
2255	-6.66822004
2256	-9.07346439
2257	-2.29967022
2258	-2.56549692
2259	-1.79533374
2260	-5.04724932
2261	-9.01809788
2262	-5.80925608
2263	-3.16929483
2264	-12.17341995
2265	-3.34287167
2266	-2.77531719
2267	-2.15707278
2268	-0.80832279
2269	-7.62590456
2270	-8.02139950
2271	-4.98589706
2272	-10.12301159
2273	-5.04487133
2274	-2.29043031
2275	-4.51595068
2276	-4.12101316
2277	-7.76719475
2278	-10.09255791
2279	-5.86220884
2280	-7.63975573
2281	-10.18559265
2282	-3.67241120
2283	-3.49800873
2284	-2.89281654
2285	-3.81501460
2286	-9.34533691
2287	-6.54179573
2288	-6.09197426
2289	-12.78968906
2290	-4.10979843
2291	5.28771067
2292	-2.67525220
2293	-3.74541545
2294	-6.28406715
2295	-7.22342920
2296	-3.11724329
2297	-9.31286240
2298	-3.61349893
2299	-1.01642931
2300	-2.86006904
2301	0.35086322
2302	-4.44602728
2303	-8.28761578
2304	-5.88408566
2305	-6.37324095
2306	-7.08183146
2307	-1.96566999
2308	-0.84599626
2309	-0.17664261
2310	-3.83343482
2311	-7.17408657
2312	-4.27852821
2313	-1.42134225
2314	-9.79853153
2315	-0.75989783
2316	-0.26822692
2317	0.62719518
2318	0.09325245
2319	-5.34293175
2320	-5.56492710
2321	-3.60614181
2322	-7.30185652
2323	-2.80531049
2324	1.74125695
2325	-1.51838470
2326	-0.97819418
2327	-3.63510060
2328	-6.45514250
2329	-3.34441710
2330	-1.94352043
2331	-7.34368277
2332	-0.39625150
2333	-0.39869934
2334	0.92937791
2335	0.67370290
2336	-4.27311754
2337	-2.89634085
2338	-2.41181779
2339	8.14403439
2340	0.61852914
2341	2.57414317
2342	2.22234750
2343	0.80478972
2344	-1.82181215
2345	-2.48087835
2346	1.70569098
2347	-5.19092512
2348	0.06146702
2349	1.88060391
2350	1.39018965
2351	2.41811275
2352	-0.73495692
2353	-4.03090620
2354	-2.48358822
2355	-2.74145865
2356	-5.14435625
2357	1.27439642
2358	0.88527131
2359	1.53788245
2360	-2.42154574
2361	-4.34138107
2362	-1.44256604
2363	0.52929682
2364	-7.63898611
2365	-1.03333032
2366	2.66314626
2367	0.96331084
2368	2.66834974
2369	-2.58122325
2370	-4.46525860
2371	-0.71133912
2372	-5.52062416
2373	-0.53192288
2374	3.33218598
2375	-1.82513392
2376	0.67389005
2377	-3.28938627
2378	-4.32127285
2379	-1.73386657
2380	-1.55525291
2381	-5.02635956
2382	1.55888522
2383	1.42776835
2384	1.95928335
2385	2.41608858
2386	-5.09161854
2387	-31.35325241
2388	-1.86239779
2389	-7.53158712
2390	-0.93057996
2391	2.00121856
2392	2.76580691
2393	0.45149910
2394	-3.07273865
2395	-3.07754302
2396	0.44228318
2397	-7.88506365
2398	-0.79938769
2399	1.06319201
2400	-0.17931193
2401	1.46838558
2402	-2.21664071
2403	-6.19701815
2404	-3.81910563
2405	-3.07563996
2406	-7.48004055
2407	1.91501176
2408	0.08500470
2409	1.01877654
2410	-3.03053570
2411	-4.35606146
2412	-3.33584785
2413	-2.22359133
2414	-9.35271168
2415	-1.39394569
2416	1.16904175
2417	1.24244726
2418	0.76644838
2419	-3.50029898
2420	-3.86182833
2421	-3.06919241
2422	-6.58473635
2423	-1.14804852
2424	3.58877850
2425	-0.87792319
2426	1.20804846
2427	-3.90442181
2428	-6.98534966
2429	-2.98325348
2430	-3.24972010
2431	-8.73098946
2432	-1.50046206
2433	-0.79271835
2434	1.44974327
2435	15.23852444
2436	-6.67607021
2437	-5.34111881
2438	-3.68917465
2439	-9.35769844
2440	-1.73613405
2441	0.21185333
2442	-0.67320794
2443	-1.97432375
2444	-6.44790792
2445	-7.13383961
2446	-2.25109363
2447	-7.14228964
2448	-2.91580701
2449	0.60133344
2450	0.10514160
2451	1.05511200
2452	-2.94357848
2453	-7.45179796
2454	-5.70131969
2455	-4.95157146
2456	-8.16528320
2457	-0.50742382
2458	-1.12818837
2459	-0.37424690
2460	-3.57057166
2461	-7.90510273
2462	-5.18238068
2463	-2.50664306
2464	-16.07889748
2465	-2.58940649
2466	-0.29128784
2467	-1.12495840
2468	0.29887027
2469	-4.99202299
2470	-5.00016928
2471	-4.64980173
2472	-8.39404488
2473	-3.98490572
2474	-1.42992473
2475	-2.50889254
2476	-1.61696815
2477	-5.62935305
2478	-7.36847591
2479	-3.89066577
2480	-4.19863367
2481	-7.46244526
2482	-1.44138753
2483	8.03281021
2484	-2.08888078
2485	-2.24609280
2486	-8.92564774
2487	-6.92195177
2488	-6.02158928
2489	-11.06713009
2490	-3.88939476
2491	-0.69898492
2492	-2.32801366
2493	-2.01906729
2494	-8.08538246
2495	-8.03622246
2496	-4.15393591
2497	-9.46683407
2498	-4.87563801
2499	-2.25264025
2500	-2.16994810
2501	-0.74818462
2502	-4.74822712
2503	-9.47519684
2504	-6.66142845
2505	-6.34723330
2506	-10.04984283
2507	-2.83337760
2508	-2.20649672
2509	-3.36673164
2510	-6.08448601
2511	-9.29966736
2512	-1.24391007
2513	-4.08694220
2514	-12.47068214
2515	-5.69317293
2516	-2.30202818
2517	-3.78302240
2518	-2.74878621
2519	-8.62701702
2520	-10.72619343
2521	-7.07806349
2522	-11.88648987
2523	-5.81473970
2524	-1.45832908
2525	-5.95923662
2526	-5.32840967
2527	-8.21908474
2528	-10.81505585
2529	-6.79220247
2530	-6.81120491
2531	0.44385353
2532	-4.89295387
2533	-4.00057650
2534	-3.55504560
2535	-4.08411551
2536	-9.74997425
2537	-8.93712234
2538	-7.77412605
2539	-13.44033241
2540	-6.53807592
2541	-6.47767591
2542	-7.11398029
2543	-5.16085339
2544	-9.03007793
2545	-9.38987637
2546	-6.31829977
2547	-12.37604427
2548	-7.42607975
2549	-5.12273359
2550	-4.85062122
2551	-5.86946535
2552	-7.73526096
2553	-11.70751858
2554	-9.71937275
2555	-8.68825054
2556	-12.52765942
2557	-5.40879917
2558	-4.37119055
2559	-4.49425220
2560	-1.50950181
2561	-12.34528065
2562	-9.48808765
2563	-6.94936371
2564	-14.43760395
2565	-7.93574715
2566	-5.08656645
2567	-5.02941799
2568	-3.60844636
2569	-10.32834530
2570	-9.48519993
2571	-8.93642330
2572	-12.55676079
2573	-8.22283936
2574	-4.08720112
2575	-5.83339834
2576	-6.26341915
2577	-9.38674164
2578	-12.05127048
2579	-10.07549191
2580	-10.69263363
2581	-13.94187641
2582	-6.80462360
2583	-7.03796625
2584	-5.34149647
2585	-6.41061974
2586	-12.64627838
2587	-11.30580711
2588	-9.11361027
2589	-16.47661781
2590	-8.90561676
2591	-4.76271391
2592	-7.69941854
2593	-7.61011648
2594	-10.85278606
2595	-12.29118061
2596	-7.69511414
2597	-13.22106838
2598	-10.59960556
2599	-7.29443455
2600	-9.39867878
2601	-6.41301870
2602	-8.80247879
2603	-14.46415520
2604	-12.01785469
2605	-12.10249329
2606	-14.52549934
2607	-8.55190849
2608	-6.26988697
2609	-7.47727823
2610	-10.02144814
2611	-13.90111923
2612	-11.49092007
2613	-8.41041660
2614	-17.10837746
2615	-9.21259689
2616	-6.28273249
2617	-8.06755257
2618	-6.04343557
2619	-10.77935791
2620	-12.43397713
2621	-11.27135181
2622	-14.79134274
2623	-10.87005138
2624	-6.55007601
2625	-7.79157543
2626	-8.13340855
2627	-29.75367165
2628	-15.23641682
2629	-11.27315903
2630	-9.30286694
2631	-15.55104351
2632	-8.50883293
2633	-8.24623489
2634	-9.35688972
2635	-7.52670383
2636	-13.71596146
2637	-6.91003036
2638	-9.70914078
2639	-16.08956337
2640	-9.66480732
2641	-6.02424145
2642	-8.06215191
2643	-7.88860226
2644	-11.31785011
2645	-13.50945854
2646	-9.04342556
2647	-12.93826771
2648	-10.06781578
2649	-6.77415228
2650	-7.80924749
2651	-6.56236696
2652	-9.76540661
2653	-14.22112560
2654	-13.32828140
2655	-11.68028164
2656	-16.60798454
2657	-7.21948385
2658	-6.64524269
2659	-6.55937386
2660	-9.09526920
2661	-12.43296146
2662	-10.96865559
2663	-7.98672152
2664	-15.29542446
2665	-9.95836926
2666	-6.18005466
2667	-6.52838326
2668	-6.04020166
2669	-11.33753872
2670	-11.87093830
2671	-9.72834492
2672	-13.83129597
2673	-10.35960293
2674	-5.88453245
2675	-9.28527832
2676	-8.21345615
2677	-11.72822762
2678	-14.36161995
2679	-11.14904118
2680	-9.81168175
2681	-13.64895439
2682	-6.86587620
2683	-7.89965630
2684	-7.39492035
2685	-8.48119450
2686	-13.64223671
2687	-11.86116886
2688	-10.93114853
2689	-16.99314499
2690	-10.26256943
2691	-6.33857012
2692	-7.99095964
2693	-7.61407757
2694	-12.21786690
2695	-13.24329281
2696	-9.05166626
2697	-13.69128513
2698	-11.01513863
2699	-6.60305357
2700	-7.01215124
2701	-6.56745052
2702	-9.59279537
2703	-12.92313290
2704	-19.26761627
2705	-11.67844296
2706	-15.38602543
2707	-7.98247719
2708	-6.91252565
2709	-8.61398315
2710	-9.57812119
2711	-13.73736286
2712	-12.02637005
2713	-7.79963636
2714	-12.14017868
2715	-10.36814690
2716	-6.84545135
2717	-6.84064627
2718	-6.84384251
2719	-12.27136135
2720	-13.75524139
2721	-10.89588737
2722	-13.15598297
2723	-4.53458977
2724	-4.35103941
2725	-6.85027313
2726	-7.03022623
2727	-9.15263939
2728	-13.35175514
2729	-9.46008968
2730	-8.39149380
2731	-13.96670246
2732	-6.66414356
2733	-7.69069147
2734	-5.94772100
2735	-5.49910831
2736	-11.55830193
2737	-10.22427368
2738	-9.23865223
2739	-15.21707916
2740	-9.86815834
2741	-5.67590332
2742	-6.29018307
2743	-5.40953970
2744	-10.07270718
2745	-10.78856182
2746	-7.36165047
2747	-11.36312580
2748	-9.00268650
2749	-5.08681965
2750	-6.60409927
2751	-6.19099712
2752	-12.90946293
2753	-13.06070232
2754	-11.06009865
2755	-10.57877827
2756	-14.09389782
2757	-6.51603937
2758	-5.32108116
2759	-6.52702379
2760	-8.96165752
2761	-11.16063881
2762	-13.50717258
2763	-7.63233137
2764	-13.51123047
2765	-7.72356844
2766	-4.42790794
2767	-5.01030397
2768	-5.37022018
2769	-9.45115662
2770	-10.77253532
2771	-10.43054771
2772	-11.55962372
2773	-8.88112640
2774	-3.53696370
2775	-7.59297132
2776	-6.30375195
2777	-9.19405842
2778	-11.42755222
2779	-9.19175339
2780	-7.21640587
2781	-14.46757889
2782	-5.35810328
2783	-4.85605764
2784	-4.91030216
2785	-4.18735218
2786	-11.44746208
2787	-9.84979057
2788	-8.72635841
2789	-14.03257751
2790	-8.90069294
2791	-3.34358835
2792	-6.80584431
2793	-6.18420506
2794	-10.50234699
2795	-13.00214291
2796	-8.14756203
2797	-11.26906204
2798	-9.75227356
2799	-6.14873886
2800	-1.78016508
2801	-5.47845507
2802	-7.79135561
2803	-12.60351276
2804	-10.99221420
2805	-10.02199841
2806	-13.40684509
2807	-6.45424986
2808	-5.56056404
2809	-5.25945377
2810	-8.81443310
2811	-10.02288818
2812	-9.79603481
2813	-6.40367270
2814	-12.95391655
2815	-9.29580498
2816	-3.99762607
2817	-6.32343578
2818	-4.31011581
2819	-8.71525192
2820	-10.51253510
2821	-8.27575493
2822	-10.33177853
2823	-8.05544662
2824	-3.46295238
2825	-6.26852274
2826	-5.74015427
2827	-8.48515034
2828	-10.32120323
2829	-11.14609432
2830	-7.54966211
2831	-10.72280407
2832	-4.31314945
2833	-5.20111227
2834	-4.35550547
2835	-4.25932598
2836	-9.91514301
2837	-8.44512653
2838	-8.08306599
2839	-11.52507782
2840	-7.99549389
2841	-2.16377497
2842	-5.86625576
2843	-5.73803234
2844	-8.88104916
2845	-10.14206696
2846	-6.39502430
2847	-8.60210609
2848	-8.57581329
2849	-4.69929886
2850	-3.98641205
2851	-3.36628437
2852	-5.94453287
2853	-10.54152489
2854	-9.19604588
2855	-7.72147465
2856	-10.80407715
2857	-4.51192570
2858	-3.18191838
2859	-3.94352531
2860	-4.97050619
2861	-8.66381264
2862	-8.03862095
2863	-4.16905689
2864	-11.44309807
2865	-5.81679487
2866	-1.94978857
2867	-4.27502108
2868	-1.86016965
2869	-7.37607098
2870	-8.98682976
2871	-7.56198883
2872	-9.30701828
2873	-8.71649170
2874	-2.98250103
2875	-4.89372206
2876	-3.41335511
2877	-7.07158470
2878	-10.67924500
2879	-8.31243038
2880	-7.37194204
2881	-12.68569756
2882	-5.51368523
2883	-3.32022238
2884	-4.18626833
2885	-3.68702245
2886	-8.82199860
2887	-11.04139328
2888	-6.09245396
2889	-11.30926704
2890	-6.85140753
2891	-1.37151241
2892	-3.33732843
2893	-3.55811143
2894	-6.44982338
2895	-9.09156799
2896	5.66623592
2897	-6.57282686
2898	-6.39610052
2899	-2.29450250
2900	-3.85670114
2901	-2.33507180
2902	-4.55395937
2903	-8.97030830
2904	-6.92587900
2905	-6.51216364
2906	-11.54775238
2907	-2.69163156
2908	-2.55993629
2909	-2.51503849
2910	-3.88685322
2911	-8.48429298
2912	-6.96712923
2913	-3.72021031
2914	-10.40646935
2915	-5.15628910
2916	-0.38334784
2917	-1.49671590
2918	-0.38779360
2919	-5.32436323
2920	-6.92570829
2921	-5.90735960
2922	-6.57155228
2923	-5.01144171
2924	1.41823471
2925	2.20504713
2926	-0.83423191
2927	-2.72905970
2928	-6.43968773
2929	-4.03854942
2930	-3.00865126
2931	-8.77036095
2932	-0.42262319
2933	-0.47485873
2934	0.43098187
2935	2.66657782
2936	-3.44503593
2937	-3.98969269
2938	-1.84071362
2939	-6.92858934
2940	-1.53120351
2941	3.23810434
2942	1.05505979
2943	0.56212670
2944	6.09554243
2945	-4.60404348
2946	-0.45315608
2947	-3.13083744
2948	-2.95934105
2949	2.02531171
2950	0.46868116
2951	1.76844907
2952	-0.18557811
2953	-4.51565123
2954	0.74940288
2955	-2.73720455
2956	-6.11930037
2957	0.29815558
2958	1.75936961
2959	1.94647622
2960	-1.72013152
2961	-3.09068203
2962	-3.36806846
2963	-1.17858052
2964	-8.21829319
2965	-2.82745576
2966	1.27011335
2967	1.22740936
2968	1.98665810
2969	-1.74519157
2970	-5.23219919
2971	-3.40222025
2972	-4.19291592
2973	-7.25832462
2974	1.75515711
2975	-0.33241302
2976	-0.10806534
2977	-3.58486533
2978	-5.72999334
2979	-3.68322492
2980	-2.34313154
2981	-7.79515457
2982	-0.30275348
2983	-1.26312745
2984	0.41594777
2985	2.11886024
2986	-4.88490248
2987	-5.01551056
2988	-2.42186189
2989	-6.92001152
2990	-3.71180344
2991	1.75085723
2992	-5.49459410
2993	-0.86189991
2994	-4.29872894
2995	-6.92318201
2996	-2.91046429
2997	-6.26075888
2998	-6.25812674
2999	-2.07483292
3000	-1.98657846