	C:\Users\jkuzm\OneDrive - University of Massachusetts\HRSL x UMILL-PUMA Fatigue - Fatigue\Data\F01\FR3_static3.c3d _ImpedanceExport
	FP1
	FORCE
	ORIGINAL
ITEM	X
1	-1.67018282
2	-3.45214462
3	-3.85002804
4	-2.07317448
5	-7.46244526
6	-2.29849219
7	-1.57322550
8	-3.93206191
9	-3.58459091
10	-4.82518148
11	-5.12682343
12	-4.15950298
13	-6.11244869
14	1.87647331
15	-3.44406104
16	-2.99196339
17	-2.77009130
18	-4.10573244
19	-6.99546623
20	-5.35598707
21	-3.92023039
22	-6.42712450
23	-2.33462596
24	-3.87502241
25	-2.65099359
26	-4.33935690
27	-4.99310732
28	-4.14298868
29	-2.95047498
30	-8.25257874
31	-2.85854793
32	-2.23654246
33	-3.66105509
34	-1.25839150
35	-4.42279673
36	-4.90191793
37	-2.73459363
38	-4.87280321
39	-1.29575956
40	-0.37477309
41	-2.69779515
42	-1.49573755
43	-1.63478911
44	-4.23343658
45	-2.63910866
46	-3.04114747
47	-6.60763979
48	-2.34135461
49	-1.88448215
50	-1.93098962
51	-2.15322614
52	-4.33748484
53	-5.78347778
54	-3.79000497
55	-7.31991577
56	-1.43577290
57	-2.01340246
58	-3.30881405
59	-2.56430030
60	-4.15195322
61	-4.95451784
62	-1.45359504
63	-5.56866789
64	-2.63396454
65	-2.32575059
66	-2.07936263
67	-0.55856025
68	-2.46964145
69	-4.78674078
70	-4.11578083
71	-2.19385576
72	-6.87078619
73	-1.43216896
74	-1.65582311
75	-1.56535375
76	-3.13590765
77	-3.48540401
78	-1.87931430
79	-1.61492121
80	-6.15252399
81	0.07205661
82	-1.16553247
83	-3.75839901
84	-0.77244210
85	-2.81242490
86	-3.34247398
87	-3.31134176
88	-4.15790129
89	-0.89644039
90	-0.68259275
91	-3.26505470
92	-2.59680772
93	-3.88899708
94	-6.78113174
95	-4.41470242
96	-3.30388880
97	-7.35276794
98	-2.36326218
99	-3.08006620
100	-1.82744956
101	-1.74641681
102	-2.88680077
103	-4.05386114
104	-2.59378719
105	-7.36438560
106	-0.44352677
107	-0.53837103
108	-1.16559064
109	-0.91421217
110	-4.00703526
111	-4.23707485
112	-1.75420952
113	-3.80060077
114	-2.49242544
115	-1.48768961
116	-3.61767387
117	-1.92521393
118	-3.17545795
119	-5.49087048
120	-3.43795705
121	-3.43806124
122	-7.00323963
123	-0.95004797
124	-0.63477707
125	-1.38923156
126	-3.17904353
127	-3.43548918
128	-3.12880135
129	-1.25866985
130	-7.18049431
131	-1.59842169
132	-0.89953291
133	-1.96733522
134	-1.26287353
135	-4.19801760
136	-5.87986946
137	-3.88778639
138	-4.90287542
139	0.20533064
140	-0.73449385
141	-2.06570339
142	-1.62137806
143	-2.87091804
144	-6.19352770
145	-2.63800335
146	-2.45380497
147	-6.60809660
148	-1.21429622
149	-0.89757210
150	-1.31358004
151	-0.62722498
152	-4.53959370
153	-3.56828952
154	-2.19507670
155	-6.28028584
156	0.18106987
157	-0.30929345
158	-0.28387144
159	-1.18026912
160	-3.30420732
161	-4.32206011
162	-2.31879950
163	-3.61943102
164	-1.87599444
165	-1.35184073
166	-2.55447340
167	-1.74842930
168	-1.85242939
169	-3.68177152
170	-3.57856655
171	-2.50551105
172	-5.93152523
173	-0.58660454
174	-0.04546887
175	-0.31428435
176	-2.24609804
177	-3.51548433
178	-3.77328515
179	0.05359608
180	-6.54323149
181	-0.61527234
182	-0.13705282
183	-0.98424494
184	-0.08996807
185	-1.69789827
186	-3.64163733
187	-4.43393469
188	-2.64030862
189	-0.61906642
190	0.21981861
191	-0.80752999
192	0.02987915
193	-1.30803680
194	-3.79062724
195	-1.48510420
196	-1.21132720
197	-4.19944859
198	1.46514821
199	-0.40886077
200	-1.95152152
201	-1.15759754
202	-5.10983801
203	-3.28371716
204	-2.80549788
205	-7.07336473
206	6.00769854
207	-1.68271625
208	-1.99501300
209	-2.14682293
210	-4.22192860
211	-4.38977051
212	-2.74978137
213	-4.93355608
214	-2.78104353
215	-2.03918815
216	-2.65946555
217	-1.72250462
218	-3.72916865
219	-5.37499332
220	-5.19827652
221	-3.63477373
222	-6.35451269
223	-1.99673152
224	-1.98778069
225	-1.72438562
226	-1.55399096
227	-4.67280579
228	-3.46011877
229	-1.58917093
230	-6.31121874
231	-0.87182575
232	0.06216748
233	-2.16361570
234	-0.95452714
235	-3.93278861
236	-4.74403429
237	-1.98870158
238	-3.26991153
239	-1.24950516
240	-0.51123309
241	-2.07490993
242	-2.60777640
243	-2.78694010
244	-3.98630929
245	-1.40612829
246	-1.09264410
247	-6.04140663
248	-0.16905075
249	-0.34075922
250	-0.24898587
251	-0.83726192
252	-4.70257616
253	-3.30665135
254	-4.59100008
255	-6.25859928
256	-1.47248542
257	-0.73090929
258	-3.14587092
259	-2.16487622
260	-2.99951553
261	-3.98189354
262	-2.37966919
263	-4.96678448
264	-2.17707062
265	0.76775175
266	-2.31851912
267	-1.04656088
268	-2.73763323
269	-4.10474920
270	-3.40259075
271	-2.54755902
272	-6.61119318
273	-1.70526421
274	-2.45075393
275	-1.83996129
276	-4.06709862
277	-4.59847116
278	-3.69330740
279	-1.83520985
280	-5.67147255
281	-0.76499289
282	-0.58900678
283	-0.82250488
284	-1.14782250
285	-4.38214302
286	-5.56164932
287	-3.74729657
288	-4.67936659
289	-2.39465761
290	-1.52086318
291	-3.70346284
292	-2.28339481
293	-3.22751689
294	-7.68252468
295	-3.65737462
296	-2.67290664
297	-6.41682816
298	-0.72438020
299	0.38496569
300	0.48260921
301	-0.55647838
302	-7.29118061
303	-3.97530699
304	-2.29487348
305	-6.51441145
306	-0.76504159
307	-0.77143580
308	-2.95461226
309	-1.98635638
310	-3.80822587
311	-5.35129547
312	-4.55247688
313	-7.69960260
314	-2.14917326
315	-0.83265680
316	-1.09134650
317	-1.49185491
318	-2.20891833
319	-4.96330690
320	-3.23484421
321	-2.61085820
322	-6.11769056
323	-1.01647043
324	-0.32929942
325	-1.49015439
326	-2.22090077
327	-3.85529995
328	-2.60266685
329	0.06170100
330	-5.73124409
331	-1.17718613
332	0.03184100
333	0.63130915
334	0.71837777
335	-2.52906609
336	-4.08443165
337	-2.44681358
338	-2.97174048
339	-1.53536260
340	1.16473889
341	-2.57311106
342	-0.68139958
343	-0.85015357
344	-3.60198641
345	-2.17992401
346	-0.49105868
347	-4.05210924
348	0.30075929
349	1.06931722
350	-1.10286593
351	1.10848808
352	-2.71364713
353	-1.95244384
354	-1.25159872
355	-5.03700972
356	0.75947911
357	1.37103045
358	-0.57829082
359	-1.03623128
360	-0.49781942
361	0.68824559
362	0.03768345
363	-3.69979429
364	-0.21726428
365	0.92414594
366	-0.54577929
367	-0.01062485
368	-0.90121752
369	-2.36438060
370	-2.99440169
371	-2.37557507
372	-6.19706440
373	-0.14698461
374	-0.19004370
375	-0.32031026
376	-1.88802862
377	-3.65751338
378	-2.09279108
379	-3.90490603
380	-6.05293512
381	-0.14370576
382	-0.71855414
383	0.38930568
384	0.03437433
385	-2.55314612
386	-3.96516585
387	-2.11235833
388	-2.78065538
389	-1.82862711
390	-3.01122046
391	-1.21694434
392	-1.17319214
393	-2.56473780
394	-4.33276320
395	-2.02081227
396	-1.17434168
397	-5.72180891
398	2.44039297
399	-1.08806574
400	-1.22531855
401	-0.99007630
402	-3.84571862
403	-2.91244006
404	-0.96458435
405	-5.04969406
406	-0.00864601
407	-0.36464438
408	-2.54555678
409	3.12953806
410	-3.65747643
411	-5.48328924
412	-2.90977883
413	-3.89420247
414	-1.38534272
415	-1.44544637
416	-1.26722395
417	-0.63011575
418	-2.70107865
419	-4.27911186
420	-3.26881337
421	-0.82785118
422	-5.18758249
423	-0.02743949
424	0.20959535
425	-0.63324046
426	-2.28876519
427	-1.89515615
428	-2.93252540
429	-1.08737099
430	-6.16475916
431	-0.09291125
432	-0.72700226
433	-1.75251257
434	-0.10244840
435	-2.33430505
436	-2.10153818
437	-1.30409348
438	-4.38726377
439	-0.66682565
440	0.78489703
441	-0.19082569
442	0.16882795
443	-1.98347926
444	-3.97223306
445	-2.59450483
446	3.77821589
447	-5.17818117
448	-2.59435916
449	-1.26074696
450	-1.20988083
451	-1.20705771
452	-3.78425384
453	-3.34119964
454	-2.32094264
455	-4.54167080
456	-0.08862338
457	3.77178597
458	-0.18292238
459	-0.62153196
460	-2.31725574
461	-2.75107503
462	-0.35983977
463	-2.09285259
464	-0.65616524
465	1.77797258
466	0.65648156
467	-1.32553196
468	-0.93717504
469	-3.06417656
470	-1.55711710
471	-1.59943593
472	-4.05318880
473	0.18111780
474	-0.39678776
475	0.31592631
476	-0.94249624
477	-3.81097674
478	-2.51559997
479	-0.61640692
480	-5.33764935
481	-0.03137210
482	0.36818695
483	-0.96350974
484	-0.38331649
485	-1.59433198
486	-0.92507464
487	-1.86096978
488	-3.10630655
489	-1.39260840
490	0.80584776
491	-1.28442693
492	-1.24409032
493	-1.60220289
494	-5.35670710
495	-1.99296927
496	0.45119774
497	-5.06754732
498	0.88523585
499	0.08689377
500	1.56179810
501	1.33485568
502	-1.69566870
503	-1.19965911
504	-0.24357581
505	-0.85372180
506	0.58261329
507	1.46336865
508	0.30580780
509	0.88307881
510	-1.65737462
511	-2.13649774
512	-0.62280262
513	-1.19565928
514	-1.36209786
515	0.59147215
516	-0.13144732
517	-1.15055621
518	-2.08965802
519	-4.00314999
520	-3.46438932
521	-2.04590034
522	-6.14070177
523	2.56079006
524	-0.14187108
525	-1.30584228
526	-2.11330462
527	-2.68099594
528	-2.41020513
529	-1.04081118
530	-4.91519356
531	0.12512611
532	0.34317574
533	-0.77303493
534	2.17885327
535	-3.00394273
536	-3.35661817
537	-1.53385425
538	-2.24647164
539	-2.09447408
540	0.64542770
541	0.86272019
542	-3.68089342
543	-0.73641574
544	-1.70549655
545	-0.37928656
546	1.08981073
547	-3.40201759
548	1.62131584
549	1.30970287
550	0.91125107
551	2.06623673
552	-3.61796975
553	-13.43956089
554	-0.61396307
555	-3.77714610
556	0.99331474
557	0.98380435
558	-1.00694799
559	-0.16954391
560	-2.55359578
561	-3.53342819
562	-1.48996854
563	-2.04115772
564	-1.87539542
565	0.28481045
566	-0.46981528
567	-0.46290427
568	0.15254907
569	-4.03043413
570	-2.60766912
571	0.62318337
572	-4.57710600
573	0.10948814
574	-0.25448009
575	-0.07505652
576	-0.39659336
577	-2.31805992
578	-1.05287874
579	-0.35452878
580	-4.31792831
581	0.41067910
582	1.42339730
583	-0.49601498
584	-0.26172549
585	-1.78508532
586	-4.07863092
587	-2.40838170
588	-2.40115643
589	-1.58450937
590	0.58420473
591	-0.38520703
592	1.75540960
593	-0.62568951
594	-2.97013283
595	-1.18527842
596	0.36718845
597	-4.13239717
598	0.54181796
599	0.50572169
600	0.86366796
601	-1.90419888
602	-3.15147710
603	-2.24916244
604	-1.45787656
605	-4.54357958
606	0.37133864
607	0.63172376
608	-0.88107777
609	-1.20666420
610	-1.47257483
611	-3.01936316
612	-1.55221200
613	-2.40017319
614	-2.20670056
615	-1.14880550
616	-0.65892631
617	-0.34594485
618	-1.32288527
619	-8.09955597
620	-2.92128754
621	-1.54560661
622	-5.72845411
623	-0.74305999
624	-0.77440113
625	-0.99840289
626	-1.94498396
627	-3.49673247
628	-2.46672630
629	-0.68903345
630	-8.37756252
631	0.28446412
632	-0.34301621
633	-1.41707003
634	-1.63522935
635	-2.93077922
636	-5.54930830
637	-2.92421508
638	-2.75032520
639	-2.86916471
640	1.13643742
641	-0.34382600
642	0.67627466
643	-0.89035237
644	-2.70742559
645	-1.45518208
646	-1.05949724
647	-4.48164129
648	-0.42649838
649	-0.33546862
650	-0.32984677
651	-0.34299275
652	-3.58801270
653	-1.76020634
654	-2.07233453
655	-6.17458773
656	-0.72436446
657	0.10286221
658	-0.85028207
659	0.97546607
660	-1.29134023
661	-2.62373567
662	-0.61772007
663	-2.22002745
664	-1.54944301
665	-0.53077233
666	-0.70984083
667	0.97223777
668	-1.41888225
669	-5.06287813
670	-3.27907443
671	-1.99916124
672	-6.16885948
673	-0.16565616
674	0.14990045
675	0.24344322
676	-1.46035862
677	-3.32930422
678	-3.65384841
679	0.24089199
680	-3.19379997
681	0.78399289
682	1.53647482
683	0.46320996
684	0.91237217
685	-3.10181761
686	-0.97141731
687	-0.87277353
688	-3.26675248
689	-2.58685946
690	0.19560832
691	-0.15914285
692	-0.02791530
693	-1.90391350
694	-4.11626244
695	-2.25294423
696	-1.58077669
697	-5.65033579
698	-0.16537799
699	-0.70199013
700	-0.65652233
701	-0.20701434
702	-4.08264208
703	-2.73486662
704	-2.38626862
705	-5.33641672
706	-0.77368337
707	-1.14053798
708	-1.77591944
709	-2.11859131
710	-3.42133164
711	-3.67903113
712	-0.78812212
713	-1.42223728
714	-2.37043190
715	1.19992912
716	1.20609605
717	1.76651084
718	1.48179269
719	-1.66971731
720	-1.62389672
721	-0.74000132
722	-4.83456612
723	1.04680777
724	0.96065938
725	-0.58169091
726	0.77562737
727	-3.39172792
728	-2.27721310
729	0.87491184
730	-4.64467573
731	-0.19279525
732	-0.05695662
733	-1.70811689
734	0.06399598
735	-2.20502424
736	-4.19139099
737	-3.27765346
738	-4.28767538
739	-3.25256348
740	-2.99690914
741	-3.62261677
742	-3.89036107
743	-3.63577008
744	-3.63531184
745	-2.43563247
746	-1.54469883
747	-5.76961327
748	-1.23798156
749	0.13907500
750	-0.73954338
751	-0.06793699
752	-2.75070667
753	-2.46245670
754	-1.20570493
755	-4.27755451
756	1.85670078
757	1.61998260
758	0.36123621
759	-0.21473408
760	-1.36612308
761	-2.47893882
762	-0.11845958
763	4.50329685
764	-0.95118636
765	0.95248884
766	1.70362878
767	1.62570107
768	0.46409652
769	-2.61113811
770	-1.27051282
771	0.01286377
772	-5.50628996
773	-1.34981692
774	-0.34020206
775	-1.34965909
776	-2.20007181
777	-4.65509748
778	-4.23820591
779	-2.33175468
780	-5.81643772
781	-3.03814507
782	-1.93103051
783	-1.27262425
784	-2.39137387
785	-3.37312245
786	-5.04713583
787	-2.42501926
788	-3.09356666
789	-2.58047152
790	0.91642910
791	-1.03946650
792	-0.68842977
793	-1.09245706
794	-3.39057255
795	-0.86088103
796	-0.51175863
797	-3.97526073
798	0.37954777
799	0.73705387
800	0.70298958
801	1.67461884
802	-1.65695918
803	-1.57451487
804	-0.15082833
805	-3.35242271
806	0.63139766
807	0.88422179
808	-1.47651398
809	-0.63747811
810	-2.36072803
811	-2.27974057
812	-1.41932142
813	-3.13259053
814	-3.06624556
815	-2.05551100
816	-0.49532843
817	-1.55511773
818	-1.28923702
819	-4.58160210
820	-3.02039289
821	-1.08267677
822	-5.59747553
823	0.79262239
824	-0.05164364
825	-0.58267671
826	-1.31293476
827	-2.72837090
828	-2.36561537
829	-0.19942069
830	-4.25592041
831	1.81263804
832	-0.30466929
833	-0.25055063
834	0.33583838
835	-0.21194023
836	-2.78160906
837	-2.42641640
838	-2.12016392
839	-0.98079211
840	0.55388099
841	0.95243996
842	0.96184295
843	-1.75738931
844	-2.46623778
845	-0.89621758
846	0.03310051
847	-5.04235125
848	0.57043999
849	-0.31879291
850	-0.31512439
851	2.00549507
852	-3.70567465
853	-2.08995342
854	-1.39338684
855	-3.30658770
856	0.40266672
857	0.70218003
858	-0.86513644
859	-3.30075407
860	-2.33881831
861	-3.39808083
862	-1.40250063
863	-1.36346650
864	-1.79612899
865	1.16699088
866	0.45436558
867	0.81323743
868	-0.44222364
869	-2.25584841
870	2.59893012
871	-1.41557658
872	-4.17254305
873	1.03528452
874	1.93156350
875	-0.25164539
876	-1.23643053
877	-1.98625481
878	-2.28455043
879	-1.40695858
880	-4.12801313
881	0.12106311
882	0.45973012
883	-0.34887001
884	0.72746003
885	-2.83211541
886	-2.83169246
887	-2.88468337
888	-1.06202710
889	-1.85173166
890	-0.07346212
891	-0.95511872
892	-0.68082267
893	-2.42437649
894	-4.46640730
895	-3.26095176
896	-0.32683119
897	-5.35792542
898	-0.86423206
899	-0.93822640
900	0.51974601
901	1.63022292
902	-2.28095555
903	-2.40617514
904	-0.38166934
905	-3.59437966
906	1.04917526
907	0.77203596
908	-0.08260830
909	-2.05086017
910	-2.75698113
911	-4.66246319
912	-1.81580281
913	-3.25032973
914	-4.20390511
915	-1.81670201
916	-1.42709982
917	1.10428870
918	0.93398273
919	-3.68079352
920	-3.40429187
921	-2.97010255
922	-6.21549559
923	-0.91718352
924	-0.67575830
925	-0.46025297
926	-1.70302939
927	-3.79388380
928	-2.87015629
929	-0.32693425
930	-5.36050987
931	-0.53018206
932	-1.03829408
933	-1.52489316
934	-0.32653978
935	-2.78146672
936	-5.11014795
937	-2.59582424
938	-1.22910905
939	-1.97007239
940	-0.07154397
941	-0.21233509
942	0.50073856
943	-1.72426188
944	-2.42268181
945	-0.73539615
946	0.58982509
947	-3.44610095
948	0.11297076
949	0.64075637
950	0.77705926
951	1.66245127
952	-2.29483485
953	-1.11969090
954	-0.91602147
955	-1.82905948
956	0.03717366
957	1.67598522
958	-0.05680607
959	-0.41475794
960	-1.76049435
961	-3.38556314
962	-1.43739259
963	-2.78077316
964	-4.49923420
965	-0.82862908
966	-1.79948080
967	-1.43707788
968	-1.35649991
969	-5.27502155
970	-3.48761702
971	-1.84615195
972	-5.58934975
973	0.15632154
974	-0.32895032
975	-0.41663212
976	-1.67051828
977	-2.54587245
978	-2.22310090
979	-0.76212835
980	-4.33054543
981	0.35993287
982	1.18908131
983	0.34306878
984	-0.44963691
985	-0.94351351
986	-2.55625868
987	-1.21506596
988	-1.00558496
989	-2.09359121
990	0.78398675
991	1.49831474
992	1.80476594
993	0.00761139
994	-2.51731968
995	0.61400020
996	0.06273129
997	-5.01303720
998	-0.72999179
999	1.14057863
1000	0.03667489
1001	0.03369016
1002	-2.72572327
1003	-5.84310913
1004	-2.94883418
1005	-4.23768282
1006	-0.42243260
1007	-0.13055551
1008	-1.51510572
1009	-1.19510317
1010	-3.86827803
1011	-4.61117554
1012	-2.25939441
1013	-4.08443117
1014	-0.32598957
1015	-0.66353142
1016	-1.99989462
1017	-1.32615030
1018	-1.60163510
1019	-4.44065094
1020	-3.05736732
1021	-2.98262715
1022	-6.05704021
1023	-1.41928935
1024	-0.75806451
1025	-1.95481944
1026	-2.40871572
1027	-4.28013372
1028	-3.68154573
1029	-1.86972344
1030	-5.70376635
1031	-1.49374235
1032	2.55680084
1033	-1.69102204
1034	-0.22417997
1035	-2.67260456
1036	-4.71490097
1037	-3.51796293
1038	-2.89846373
1039	-4.43204546
1040	-1.29267025
1041	-0.89675689
1042	-0.27818921
1043	-3.99347353
1044	-5.11457348
1045	-2.92236662
1046	-1.46802795
1047	-6.90310383
1048	-1.95426095
1049	-1.33814728
1050	-1.94656682
1051	-8.56852436
1052	-4.57919407
1053	-3.81297898
1054	-3.02529716
1055	-3.74606562
1056	-1.35131133
1057	-0.97282422
1058	-1.64348173
1059	-2.71649194
1060	-3.78169751
1061	-5.14420033
1062	-12.35389805
1063	-3.54841661
1064	-3.66334629
1065	-2.35196424
1066	-2.26045108
1067	-1.41287136
1068	-1.64369953
1069	-6.08813715
1070	-4.49010038
1071	-3.81952262
1072	-9.56735992
1073	-2.43708754
1074	-1.95462048
1075	-2.70470476
1076	-2.80748510
1077	-4.75657177
1078	-5.68162060
1079	-3.34219503
1080	-6.68084097
1081	-2.40539360
1082	-2.31431508
1083	-1.87016129
1084	-2.18114972
1085	-3.86803913
1086	-5.51022577
1087	-3.51104975
1088	-3.24999404
1089	-4.03510284
1090	-2.22365952
1091	0.53636271
1092	-0.66881061
1093	-2.09290791
1094	-3.42581916
1095	-1.67773128
1096	-0.88581556
1097	-4.93615198
1098	-0.48573077
1099	-3.22289467
1100	-0.30780050
1101	1.65302944
1102	-3.16815209
1103	-2.53738189
1104	-2.19001508
1105	-4.50470161
1106	-1.18737733
1107	0.26309580
1108	-1.65634942
1109	-1.60241723
1110	0.22083506
1111	-4.99520350
1112	-3.70359087
1113	-3.88520575
1114	-6.49054241
1115	-3.75926614
1116	-3.12700677
1117	-2.31577563
1118	-2.99559617
1119	-6.58998346
1120	-5.72580576
1121	-3.87861204
1122	-7.00018644
1123	-2.63140488
1124	-1.77896750
1125	-1.74617469
1126	-3.16846228
1127	-3.83898306
1128	-2.23009300
1129	-1.42480135
1130	-5.97146606
1131	-1.55321467
1132	-1.03706276
1133	-2.94836760
1134	-1.78604496
1135	-3.17270827
1136	-5.07153082
1137	-3.78937864
1138	-3.04330301
1139	-6.72965002
1140	-1.34295082
1141	-0.41374749
1142	-0.14384508
1143	-2.51367140
1144	-4.10615635
1145	-2.89273739
1146	-0.86576009
1147	-4.52341461
1148	-1.74503529
1149	-0.73422748
1150	-0.67332411
1151	-1.78458118
1152	-4.81507969
1153	-4.40816164
1154	-3.35602021
1155	-6.87573719
1156	-1.86517239
1157	-1.83265519
1158	-0.93445134
1159	-2.50783873
1160	-3.81490350
1161	-4.59868860
1162	-3.09190321
1163	-2.97073841
1164	-5.39615154
1165	-0.61027390
1166	-1.36412263
1167	-2.02375197
1168	0.13068706
1169	-5.58148479
1170	-4.50725031
1171	-4.11512566
1172	-5.94110155
1173	-1.08926320
1174	-1.17264712
1175	-1.22456264
1176	-1.68481052
1177	-5.00406313
1178	-4.63088942
1179	-1.93735051
1180	-3.85911226
1181	-0.35262185
1182	-0.73243773
1183	-0.95671207
1184	-0.24793482
1185	-2.92969227
1186	-4.51301622
1187	-3.50374842
1188	-2.43559217
1189	-4.63876581
1190	-1.14182556
1191	-1.22441494
1192	-1.71646655
1193	-1.36453867
1194	-4.16737747
1195	3.84299159
1196	-0.83993578
1197	-6.35015011
1198	-1.05157042
1199	-1.32481003
1200	-1.44491625
1201	-0.99671263
1202	-4.17191982
1203	-4.14361763
1204	-2.95972562
1205	-4.66535378
1206	2.58218241
1207	-0.95064944
1208	-1.97758448
1209	-2.20650125
1210	-3.32406139
1211	-4.54976082
1212	-3.43715000
1213	-2.20787692
1214	-4.63460493
1215	-1.85529017
1216	-1.75395882
1217	-1.56851077
1218	-2.72898364
1219	-5.98965979
1220	-5.12089968
1221	-4.37880945
1222	-7.35622072
1223	-3.83293009
1224	-1.65640545
1225	-2.41194534
1226	-4.70095873
1227	-3.70672798
1228	-3.66321802
1229	-1.71186256
1230	-4.79016113
1231	-1.15928805
1232	-1.44979131
1233	-2.20899653
1234	-1.74033427
1235	-0.70953751
1236	-3.08098602
1237	-2.64724684
1238	-2.42414355
1239	-3.69654655
1240	-0.59629011
1241	-0.82458258
1242	-0.46450165
1243	-3.53085136
1244	-3.27024436
1245	-1.92050672
1246	-0.69146568
1247	-4.79134750
1248	-0.68931913
1249	0.15914190
1250	-0.01312960
1251	0.28872862
1252	-2.78282928
1253	-2.28660393
1254	3.24277043
1255	-5.48382473
1256	-0.48064899
1257	-0.58718210
1258	-1.34476447
1259	-1.61764681
1260	-3.39969802
1261	-6.13977814
1262	-3.51459646
1263	-3.44616628
1264	-4.91772938
1265	-2.14978337
1266	-1.25966561
1267	-1.92003894
1268	-1.11945820
1269	-3.75824332
1270	-4.05585003
1271	-3.36551261
1272	-2.58387613
1273	-1.39441228
1274	-0.46808675
1275	-1.12823582
1276	-1.89292347
1277	-2.82975078
1278	-2.28024602
1279	-0.42376393
1280	-3.81346846
1281	0.30342630
1282	0.95380092
1283	1.57795358
1284	-0.06994016
1285	-1.04326427
1286	-3.13249421
1287	-1.31410873
1288	-1.23164082
1289	-2.49232793
1290	0.78288597
1291	-1.86904871
1292	0.91927063
1293	-2.10229659
1294	-2.77835226
1295	-2.18359280
1296	0.02842060
1297	-4.73833942
1298	-0.67837918
1299	0.68958652
1300	-0.55236322
1301	1.25435483
1302	-12.21286392
1303	-3.03401256
1304	-2.16486669
1305	-4.48536921
1306	-0.84888059
1307	-0.41545942
1308	-1.84772921
1309	-0.82088280
1310	-2.82264733
1311	-4.32467842
1312	-0.82705957
1313	-2.95850945
1314	-4.86090899
1315	-0.33107725
1316	-0.28803402
1317	-0.37089008
1318	-0.64354563
1319	-2.46650124
1320	-6.56628942
1321	-0.42264402
1322	-4.38026333
1323	0.19985503
1324	0.95423692
1325	0.32887518
1326	-0.47316787
1327	-3.10223722
1328	-3.48717093
1329	-1.84620452
1330	-4.26305103
1331	0.57811970
1332	-0.38811222
1333	-1.63055229
1334	-0.73776573
1335	-2.35109711
1336	-4.60302162
1337	-3.14299989
1338	-2.74285603
1339	-6.91660595
1340	0.51722747
1341	0.46939358
1342	-0.63640451
1343	-1.58198678
1344	-2.73372388
1345	-1.25475025
1346	0.19693880
1347	-4.34244299
1348	0.50541985
1349	2.67638850
1350	-0.22679582
1351	1.43783522
1352	-1.71910393
1353	-1.97905040
1354	-1.14278805
1355	-1.68469977
1356	0.61545223
1357	0.37285668
1358	-1.10232747
1359	0.72493380
1360	-1.61484790
1361	-2.06466579
1362	-0.64175266
1363	-1.50459313
1364	-3.12760425
1365	0.50635231
1366	-0.20915198
1367	-0.24274625
1368	-2.92812347
1369	-4.03051090
1370	-2.23248219
1371	-3.36591411
1372	-7.00935507
1373	-2.15848899
1374	-1.03950250
1375	-1.88732409
1376	-2.47634983
1377	-4.16439342
1378	-4.94949007
1379	-5.60500622
1380	-5.11335611
1381	-1.74281025
1382	-1.40924323
1383	-0.87733179
1384	-0.12352224
1385	-1.86836135
1386	-2.61380839
1387	-2.78571653
1388	-1.86990631
1389	-2.28571129
1390	1.16053176
1391	1.51897001
1392	1.30580151
1393	-0.48971888
1394	-1.99700058
1395	-0.11804067
1396	1.07376254
1397	-2.66902256
1398	-0.13679685
1399	2.63619685
1400	1.74880207
1401	2.27179265
1402	-1.78104174
1403	-1.89552379
1404	-0.26869565
1405	-2.45007634
1406	0.86385155
1407	1.25471437
1408	1.06762481
1409	0.44638222
1410	-2.36353993
1411	-3.64710951
1412	-2.70027733
1413	-2.04569697
1414	-5.04599333
1415	-1.63398361
1416	-3.67220569
1417	-1.18573201
1418	-0.55445492
1419	-4.07672834
1420	-3.62819147
1421	-3.72956061
1422	-6.30601883
1423	-1.76137435
1424	0.46665576
1425	-1.93583977
1426	-0.92720461
1427	-4.34903288
1428	-3.35259557
1429	-1.84989166
1430	-3.87002993
1431	-0.76392376
1432	0.04915251
1433	-0.74771845
1434	0.18175295
1435	1.63081467
1436	-2.74148893
1437	-1.65497279
1438	-2.13970160
1439	-3.49901748
1440	0.71251792
1441	0.85745907
1442	-0.34307620
1443	-3.19930315
1444	-4.51961184
1445	-5.62911129
1446	-1.80434787
1447	-5.40577269
1448	-0.41250139
1449	-0.28555149
1450	-0.41498414
1451	0.56421834
1452	-2.11532378
1453	-2.35736012
1454	-0.73488313
1455	-3.31971717
1456	-0.40200317
1457	1.14498794
1458	-0.06235894
1459	0.25525543
1460	-1.05053139
1461	-2.27846527
1462	0.07578236
1463	-0.64360827
1464	-3.56352735
1465	-0.68398345
1466	0.07404773
1467	0.26088747
1468	-0.31743768
1469	-3.12921500
1470	-1.55084956
1471	-1.12385190
1472	-5.49031258
1473	0.61918235
1474	0.30380517
1475	-0.44013441
1476	-1.20775890
1477	-3.26526999
1478	-2.84472156
1479	-1.96104217
1480	-3.25998282
1481	-0.86771667
1482	-1.60293865
1483	-0.94709331
1484	-0.00013334
1485	-2.33384538
1486	-4.49416065
1487	-3.11838794
1488	-1.70763457
1489	-3.42005634
1490	0.65992862
1491	0.97178078
1492	0.66630465
1493	0.86756092
1494	0.74480456
1495	0.71769625
1496	0.74538010
1497	-3.04104424
1498	1.86156392
1499	2.88990235
1500	1.99526358
1501	3.94642067
1502	0.87465423
1503	1.59545732
1504	-0.07911337
1505	1.19021344
1506	2.59186792
1507	3.55545044
1508	2.61484003
1509	2.89186335
1510	0.38623962
1511	-1.33874583
1512	4.90809345
1513	0.61961776
1514	-2.79909229
1515	1.06253874
1516	0.57458913
1517	0.89632982
1518	0.13727695
1519	-4.50029850
1520	-1.85740411
1521	-1.57069254
1522	-5.75667000
1523	-0.98896003
1524	1.69108498
1525	-1.20874119
1526	-1.30263937
1527	-3.17228842
1528	-2.71298242
1529	-2.10160685
1530	-4.33421850
1531	-1.71689391
1532	-0.67998207
1533	-1.99871564
1534	-0.75735682
1535	-2.32002831
1536	-3.06614757
1537	-3.55523133
1538	-2.18796349
1539	-3.99467611
1540	0.35121843
1541	1.42553413
1542	1.16018641
1543	-0.45034936
1544	-0.63130468
1545	-0.02876708
1546	1.28270280
1547	-2.99460173
1548	-0.26504451
1549	1.02204895
1550	-0.40653691
1551	-0.43423089
1552	-3.20588112
1553	-2.43063045
1554	-3.24769926
1555	-3.42878842
1556	-0.94752771
1557	-0.08889627
1558	-1.16017985
1559	-1.34550786
1560	-2.95922971
1561	-3.59842277
1562	-4.00429869
1563	-3.25114036
1564	-5.19750118
1565	-1.51738822
1566	-2.23123574
1567	-1.77600372
1568	-1.38287354
1569	-5.79383993
1570	-3.98643613
1571	-4.94040155
1572	-7.39710236
1573	-2.39725590
1574	-1.95240092
1575	-3.60613298
1576	-3.42717719
1577	-5.03899860
1578	-6.00122309
1579	-3.74508262
1580	-7.04443836
1581	-4.12450695
1582	-3.30156040
1583	-4.81195688
1584	-2.84598923
1585	-4.05643845
1586	-6.04886103
1587	-5.78878069
1588	-4.23929834
1589	-6.27842665
1590	-2.03530955
1591	-2.00827122
1592	-2.63282919
1593	-2.95635724
1594	-4.86039209
1595	-3.55672503
1596	-2.98928428
1597	-6.60196877
1598	-2.66970015
1599	-1.51871336
1600	-0.21708319
1601	-1.60713482
1602	-4.07535553
1603	-4.80229902
1604	-4.24074793
1605	-4.30123425
1606	-2.12990093
1607	-0.36836696
1608	-4.87995005
1609	-0.69109339
1610	-3.67364955
1611	-4.92065668
1612	-2.55164218
1613	-2.11726308
1614	-5.44023228
1615	-2.59532952
1616	-2.14991069
1617	-1.52278900
1618	-0.79607987
1619	-3.41644430
1620	-3.54524636
1621	-4.36459351
1622	-6.99755001
1623	-3.72975302
1624	-2.04785514
1625	-3.28985667
1626	-2.98139691
1627	-5.43161488
1628	-6.17337179
1629	-2.82377315
1630	-5.93215466
1631	-3.62700796
1632	-2.27568460
1633	-2.45670843
1634	-2.70979571
1635	-4.01611710
1636	-6.49939775
1637	-2.91625667
1638	-5.50853729
1639	-6.98010921
1640	-2.32760262
1641	-2.89800119
1642	-2.87991333
1643	-4.33045959
1644	-4.63046026
1645	-4.03475809
1646	-1.47288215
1647	-7.21466208
1648	-3.08479333
1649	-0.30814287
1650	-0.87966323
1651	-0.04161484
1652	-2.67548299
1653	-2.65946817
1654	-1.03102863
1655	-2.50419903
1656	1.21461189
1657	1.19804204
1658	-1.03768051
1659	0.35779753
1660	-2.32664847
1661	-3.33597374
1662	-1.41423631
1663	-0.63028026
1664	-3.86837077
1665	-0.97993749
1666	0.44913942
1667	0.73735911
1668	-0.64756370
1669	-5.85824203
1670	-3.56558466
1671	-3.13414168
1672	-5.63327360
1673	-2.89926171
1674	-1.21391523
1675	-2.01982141
1676	-3.97992778
1677	-5.00507593
1678	-5.83961487
1679	-2.68317509
1680	-5.28503847
1681	-3.82682705
1682	-2.96381736
1683	-2.39094400
1684	-2.07140994
1685	-7.97113705
1686	-7.75774574
1687	-5.32725334
1688	-5.78098440
1689	-7.05650616
1690	-3.59542179
1691	-2.74073529
1692	-3.40472364
1693	-3.10383749
1694	-4.35638189
1695	-1.75451767
1696	-1.27359068
1697	-4.04966545
1698	-0.43565890
1699	1.02491331
1700	1.60464060
1701	1.65355873
1702	-1.07205558
1703	-2.16529107
1704	-0.31229436
1705	-1.91623306
1706	-0.28294203
1707	1.06398869
1708	-0.48054293
1709	-0.48028228
1710	-2.62788367
1711	-2.88412547
1712	-2.35083795
1713	-2.13999104
1714	-3.72687173
1715	-0.06906592
1716	0.22024021
1717	-0.65593290
1718	0.66768402
1719	-2.98070979
1720	-1.76518130
1721	-2.10032344
1722	-5.61332750
1723	-2.11846709
1724	-0.31219730
1725	-3.26409101
1726	-2.05180407
1727	-3.74630690
1728	-4.84980297
1729	-2.81204891
1730	-4.28443861
1731	-2.42613029
1732	-1.92124045
1733	-2.97325969
1734	-0.73457664
1735	-2.72234058
1736	-3.68948793
1737	-2.45198154
1738	-1.80455184
1739	-3.82688737
1740	-0.06106500
1741	0.07994126
1742	0.34487891
1743	-0.73344958
1744	-2.96269608
1745	-0.80653369
1746	-0.15530409
1747	-2.46922493
1748	1.19844365
1749	1.14651453
1750	0.51816094
1751	1.27274990
1752	-2.67756939
1753	-2.45335937
1754	-1.33787143
1755	-2.06994653
1756	-0.42894396
1757	2.30781698
1758	0.47818172
1759	0.96763897
1760	-1.40233684
1761	-2.73293424
1762	-2.85208321
1763	3.80489731
1764	-3.93216681
1765	0.77075881
1766	0.63786733
1767	0.77335578
1768	1.74475396
1769	-2.08084989
1770	-1.84382200
1771	-1.24325633
1772	-3.55218101
1773	0.99734247
1774	0.10558515
1775	-0.39039105
1776	-1.36575651
1777	-2.87678266
1778	-2.50129056
1779	-0.91596282
1780	-2.30471039
1781	1.14060330
1782	0.23182590
1783	0.06612890
1784	0.42519563
1785	-0.92104763
1786	-2.55804205
1787	-1.44309998
1788	-1.10107994
1789	-3.12981296
1790	1.21549487
1791	2.23907948
1792	-0.16755646
1793	-0.65671629
1794	-2.34365511
1795	-1.75107265
1796	-0.73685497
1797	-4.12904024
1798	-1.11993611
1799	0.06793462
1800	-2.49272704
1801	0.24561954
1802	-1.82692146
1803	-2.11406469
1804	-1.22578335
1805	-2.08730602
1806	-0.44916838
1807	1.97452796
1808	1.70462799
1809	2.14847469
1810	-1.67201078
1811	-6.92894030
1812	-0.51108223
1813	0.14621089
1814	-2.78373456
1815	0.90524668
1816	1.74507356
1817	1.66125321
1818	2.10724568
1819	-1.28638065
1820	-0.64343607
1821	-0.80158103
1822	-1.68429673
1823	0.96275383
1824	1.26596081
1825	-0.16171803
1826	-0.12409305
1827	-1.77688599
1828	-2.15821528
1829	-3.60725880
1830	-3.13597798
1831	-0.49330056
1832	-0.33867168
1833	-0.38458025
1834	0.15944168
1835	-1.63049066
1836	-3.54138708
1837	-3.44561267
1838	-2.97102427
1839	-4.86582613
1840	0.07927389
1841	-0.68891793
1842	-0.50592494
1843	-1.76536775
1844	-4.07502508
1845	-2.50056553
1846	-0.33986932
1847	-4.61127806
1848	-1.88312054
1849	1.52644217
1850	-0.39924809
1851	1.65565813
1852	-0.71069497
1853	-0.20343034
1854	-0.52261996
1855	-0.94198173
1856	0.56342244
1857	2.85123682
1858	3.65223837
1859	6.80574083
1860	-0.66687232
1861	-2.39220428
1862	-1.23163855
1863	-1.54444671
1864	-4.29072618
1865	-0.52419657
1866	-0.57504928
1867	-0.74174196
1868	-0.51570439
1869	-4.18287706
1870	-2.27812815
1871	-1.80380821
1872	-5.24264145
1873	-1.34217083
1874	0.38440084
1875	-0.55904126
1876	-0.06872635
1877	-2.26442575
1878	-3.04718804
1879	-2.12828946
1880	-3.59351349
1881	-2.58001161
1882	-1.64145863
1883	-0.70017105
1884	-0.65001112
1885	-1.64496374
1886	-3.94980407
1887	-3.63548350
1888	-4.23139286
1889	-2.83726358
1890	0.31589818
1891	0.63293195
1892	0.23091263
1893	0.05021480
1894	-1.01965463
1895	-0.42873707
1896	5.31517220
1897	-3.33373475
1898	-0.02710388
1899	1.25503194
1900	1.03612924
1901	2.54096961
1902	-1.16171873
1903	-1.31941307
1904	-1.02068889
1905	-2.18655729
1906	-1.35407257
1907	6.07347918
1908	0.31601876
1909	0.77127123
1910	-0.85377491
1911	-3.19568086
1912	-2.51214242
1913	-1.81985283
1914	-4.87655258
1915	-1.00796342
1916	0.13957578
1917	2.09359646
1918	0.59209758
1919	-2.54142118
1920	-1.62513375
1921	-0.31109533
1922	-3.69740129
1923	0.55075383
1924	1.47372174
1925	1.04969847
1926	0.00879282
1927	-1.79437518
1928	-3.01851916
1929	-0.30523992
1930	-2.31989741
1931	-1.93476772
1932	0.39822793
1933	-0.49403447
1934	-0.79419923
1935	-0.57839817
1936	-1.70341253
1937	-1.42361939
1938	-1.61569285
1939	-2.21926188
1940	0.96970028
1941	1.64110970
1942	1.73598993
1943	0.12271813
1944	1.34059095
1945	0.62411892
1946	-1.21412647
1947	-3.35166883
1948	0.36822394
1949	2.49271727
1950	0.13235343
1951	1.29308701
1952	-1.52375674
1953	-1.99802792
1954	0.46295953
1955	1.57341087
1956	-0.64646804
1957	1.02090967
1958	0.97756827
1959	1.32988775
1960	-0.05475454
1961	-1.91464543
1962	-0.30883455
1963	0.48019367
1964	-3.90986156
1965	-0.67131871
1966	0.34567395
1967	1.16047418
1968	0.84660494
1969	-2.19046950
1970	-2.12075210
1971	-0.93840861
1972	-3.79784179
1973	3.01465869
1974	1.57423902
1975	-0.66076708
1976	-0.67135209
1977	-1.46213722
1978	-2.69592953
1979	-1.90386569
1980	-2.14325547
1981	-0.50051230
1982	0.80106026
1983	-0.79088259
1984	3.88670802
1985	0.71758324
1986	-3.14794827
1987	-2.02717471
1988	-1.02582133
1989	-3.31915879
1990	0.45018250
1991	1.65918732
1992	-4.55458117
1993	0.22576916
1994	0.05158784
1995	0.06981135
1996	0.01063469
1997	-3.64940262
1998	0.07356429
1999	0.23593096
2000	0.59486002
2001	1.74838889
2002	-0.81022114
2003	0.63227361
2004	-0.82620645
2005	-1.64206779
2006	0.17495385
2007	1.84025967
2008	1.07463956
2009	0.45563740
2010	-1.78314376
2011	-2.66167212
2012	0.55567747
2013	1.50869036
2014	-2.88385630
2015	0.67136139
2016	0.63170022
2017	0.10095671
2018	0.76502633
2019	-2.44207025
2020	-2.69446421
2021	-0.14104621
2022	-3.55355906
2023	-0.15964979
2024	1.39318573
2025	0.23710756
2026	0.18211733
2027	-2.36048150
2028	-2.11615562
2029	-1.36768675
2030	-2.80194092
2031	-2.05752301
2032	0.48744407
2033	-0.60654777
2034	1.30664527
2035	-1.41633320
2036	-3.63547111
2037	-1.49426186
2038	-1.50791478
2039	-3.45373201
2040	-3.17717505
2041	-0.07658124
2042	0.39112684
2043	-0.57604814
2044	-1.91120696
2045	-1.04612756
2046	1.20629060
2047	-2.63832283
2048	1.13837695
2049	2.18678498
2050	0.10030729
2051	-10.42397118
2052	-0.44612634
2053	-1.30957913
2054	-0.35110685
2055	-1.43178606
2056	-0.63116503
2057	1.65553224
2058	1.65163076
2059	0.98195451
2060	-0.84813958
2061	-2.21906829
2062	-1.26794755
2063	-1.02089584
2064	-4.07094002
2065	-0.91961747
2066	0.85905862
2067	0.11248386
2068	-0.55464894
2069	-7.44241428
2070	-3.03034568
2071	-2.92747426
2072	-5.69397068
2073	-1.38958704
2074	-0.33632103
2075	-0.78727573
2076	-0.38746867
2077	-2.54411888
2078	-2.34518743
2079	1.28066456
2080	-1.59682703
2081	-0.41571361
2082	-0.53622454
2083	-0.65949857
2084	0.15516007
2085	-0.31237301
2086	-3.50786734
2087	-1.80945694
2088	3.12210608
2089	-4.52237844
2090	0.76121813
2091	1.03227460
2092	2.10954165
2093	0.58710802
2094	-0.80358219
2095	-0.24468377
2096	0.85737091
2097	-2.72015905
2098	1.57550001
2099	0.22330910
2100	0.09584978
2101	1.07348263
2102	-2.04288483
2103	-3.26943541
2104	-3.10805249
2105	-4.49577427
2106	-3.24771786
2107	-0.56355011
2108	-0.57151181
2109	-2.09057140
2110	-3.38291645
2111	-4.25132847
2112	-2.72934651
2113	-2.03567505
2114	-4.29389477
2115	-0.60067111
2116	0.67919475
2117	-1.79022026
2118	0.38233969
2119	-1.80870521
2120	-2.32385826
2121	-1.00717521
2122	-3.19731092
2123	-0.58409429
2124	1.44381547
2125	0.14493395
2126	-0.74838406
2127	-2.21820140
2128	-4.51157713
2129	-1.76370955
2130	-1.59782207
2131	-1.88136470
2132	0.45151410
2133	0.04775537
2134	0.19815487
2135	0.86210525
2136	-1.54916108
2137	-2.54602551
2138	-0.41845378
2139	-3.80540323
2140	-0.15456238
2141	0.65312380
2142	0.04119905
2143	-1.71362889
2144	-1.93838692
2145	-1.95772898
2146	-2.85456061
2147	-2.61885357
2148	0.41076139
2149	1.00629616
2150	0.07472024
2151	0.92292136
2152	-1.58610952
2153	-2.67901635
2154	-2.10997438
2155	-3.23818159
2156	-2.67097211
2157	-0.02675897
2158	-0.64592957
2159	-1.12437093
2160	-2.47710848
2161	-2.78373933
2162	-2.50612760
2163	-0.96528471
2164	-3.71038127
2165	0.80532032
2166	-0.29371333
2167	-0.10847539
2168	0.33705914
2169	-3.09922266
2170	-2.98560619
2171	-1.75769293
2172	-4.30002213
2173	-1.19958770
2174	0.61274105
2175	-2.90608764
2176	-3.61600566
2177	-1.45987761
2178	-3.25941563
2179	-1.66343546
2180	-2.78781486
2181	-1.56068349
2182	-1.00979805
2183	0.09909253
2184	-0.55575711
2185	1.34247136
2186	-2.51668692
2187	-2.60702729
2188	-1.76957846
2189	-4.12689257
2190	-0.83392394
2191	0.06367458
2192	-1.04217851
2193	-1.32372487
2194	-4.11702108
2195	-2.96094251
2196	-0.81656611
2197	-4.34596586
2198	-0.93452293
2199	-0.69061512
2200	-0.10302259
2201	-0.46831682
2202	-2.52591944
2203	-2.76749635
2204	-1.57435596
2205	-2.43890691
2206	-2.67732000
2207	-0.86018401
2208	-1.21998370
2209	-0.86041540
2210	-4.43564510
2211	-4.69137812
2212	-4.80862856
2213	-2.21609902
2214	-6.81976080
2215	-2.99249935
2216	-2.28216743
2217	-2.32200980
2218	-2.90823817
2219	-5.89667177
2220	-5.33502483
2221	-4.91695070
2222	-7.10594893
2223	-4.32663250
2224	-0.01331488
2225	-3.79898143
2226	-2.46335077
2227	-5.01526737
2228	-5.65699482
2229	-3.70715642
2230	-5.41354656
2231	-4.66421175
2232	-2.69992805
2233	-1.81279612
2234	-1.53829706
2235	-2.92064691
2236	-4.34679651
2237	-3.62730908
2238	-2.52872849
2239	-4.26366138
2240	-1.24503553
2241	-0.29310104
2242	0.20838989
2243	-0.75651991
2244	-3.47343493
2245	-3.49486279
2246	-1.31959581
2247	-2.89659142
2248	-0.99435055
2249	0.90052992
2250	0.22829263
2251	0.86357605
2252	-1.24856436
2253	-3.32425380
2254	-3.19035006
2255	-2.40066600
2256	-1.92479038
2257	-0.16839604
2258	-0.78636539
2259	-1.44541728
2260	-2.61937475
2261	-5.62340784
2262	-2.95715737
2263	-3.44799900
2264	-5.80867243
2265	-3.84441018
2266	-1.63117552
2267	-1.71151400
2268	-1.66971457
2269	-4.75264549
2270	-4.64185333
2271	-4.86328459
2272	-5.94735384
2273	-3.03358722
2274	-1.49362814
2275	-2.17173743
2276	-2.25558019
2277	-3.73624754
2278	-4.20620346
2279	-2.87387180
2280	-3.87444234
2281	-3.83526444
2282	-2.71294498
2283	-2.17346001
2284	-0.38678199
2285	-1.06199944
2286	-3.90637064
2287	-1.93703592
2288	-2.13387299
2289	-2.79387045
2290	2.20962119
2291	1.65958619
2292	1.30572581
2293	0.22852980
2294	-1.46072364
2295	-0.63810253
2296	0.28285331
2297	-2.79654169
2298	-0.09722292
2299	1.21268678
2300	-0.69387072
2301	0.43691799
2302	-1.94829023
2303	-2.24212837
2304	-1.22525489
2305	-2.43750763
2306	-2.35092545
2307	-0.60190868
2308	-0.49834508
2309	-1.01993561
2310	-1.44205177
2311	-4.00870085
2312	-2.97036695
2313	-2.27081037
2314	-5.55553007
2315	-2.66071200
2316	-1.02738190
2317	-2.12562585
2318	-1.91282725
2319	-3.92690539
2320	-3.99470806
2321	-3.20025945
2322	-5.30352354
2323	-2.95736718
2324	0.00973483
2325	-2.35688829
2326	-2.39876103
2327	-5.07845020
2328	-4.43718815
2329	-3.95733619
2330	-5.29470301
2331	-4.69728327
2332	-2.62673736
2333	-2.53816867
2334	-0.92752874
2335	-1.55329013
2336	-3.63871717
2337	-2.87323165
2338	-3.11532354
2339	-4.73756933
2340	-0.83523238
2341	1.16636276
2342	0.68471569
2343	-0.71243542
2344	-3.06493878
2345	-2.95525241
2346	-1.71770096
2347	-5.61296225
2348	-2.32872558
2349	-1.19597995
2350	-2.75157285
2351	-2.34541869
2352	-4.09312105
2353	-5.63223982
2354	-3.81997418
2355	-4.23269844
2356	-4.87059259
2357	-2.26518202
2358	-3.11133218
2359	-1.94503057
2360	-4.41299105
2361	-5.72997093
2362	-3.35577130
2363	-3.73220372
2364	-6.13147974
2365	-4.80635262
2366	-2.34912920
2367	-3.50628352
2368	2.29604650
2369	-6.62532330
2370	-5.05087852
2371	-5.86260319
2372	-8.01387691
2373	-4.01915121
2374	-1.27866745
2375	-4.67731237
2376	-3.64605260
2377	-5.17588234
2378	-6.08145285
2379	-4.75365305
2380	-5.16308355
2381	-6.15869856
2382	-3.29105282
2383	-3.46682048
2384	-2.34493589
2385	-3.23961210
2386	-4.89503527
2387	-5.90830517
2388	-4.90153933
2389	-6.49658775
2390	-4.06093073
2391	-1.42817771
2392	-2.57171631
2393	-2.54285908
2394	-4.64306927
2395	-3.72593927
2396	-1.95709121
2397	-5.42004013
2398	-1.63661218
2399	-0.51147991
2400	-1.21681011
2401	-1.30629766
2402	-3.49463439
2403	-3.26496959
2404	-4.38260365
2405	-2.65960670
2406	-2.45790672
2407	-0.68770474
2408	-0.77839690
2409	-0.05904054
2410	-2.39231372
2411	-4.06241512
2412	-3.78545809
2413	-2.30076432
2414	-6.06914711
2415	-1.76139200
2416	3.92353582
2417	-1.82803118
2418	-2.50118709
2419	-5.21873760
2420	-4.74653006
2421	-3.79273105
2422	-6.87038183
2423	-2.87564802
2424	-2.48674488
2425	-4.36989927
2426	-2.97595692
2427	-4.42969990
2428	-5.16820860
2429	-3.34643292
2430	-3.49461031
2431	-4.76516581
2432	-3.62804770
2433	-3.48735905
2434	-4.39359140
2435	-1.55861580
2436	-6.20052576
2437	-5.29996586
2438	-4.29664850
2439	-5.22145748
2440	-3.21819687
2441	-0.11059853
2442	-1.52359521
2443	-1.89324832
2444	-2.17415190
2445	-3.08233142
2446	-0.72466278
2447	-4.47739887
2448	-0.84293455
2449	0.20576788
2450	0.42968723
2451	-1.16846740
2452	-3.23456287
2453	-3.58027601
2454	-4.24327040
2455	-3.81793356
2456	-4.09436750
2457	-0.77751529
2458	-0.78341901
2459	-0.50100368
2460	-2.79398942
2461	-3.50169277
2462	-3.07900691
2463	-2.42915940
2464	-8.16860008
2465	-3.62297654
2466	-0.55136025
2467	-1.74832451
2468	-1.26427948
2469	-4.51897526
2470	-2.98013735
2471	-3.40580177
2472	-3.85858655
2473	-0.71452689
2474	-2.61005855
2475	-2.06748962
2476	-1.57882154
2477	-3.63998199
2478	-3.35181284
2479	-2.55479026
2480	-2.87765288
2481	-2.40048838
2482	-1.49016011
2483	-0.54396844
2484	0.91151536
2485	-1.32488596
2486	-4.52655888
2487	-4.06475735
2488	-3.82321215
2489	-4.78794003
2490	-2.42624569
2491	-0.77714276
2492	-1.84087873
2493	-1.13582110
2494	-3.33903027
2495	-2.91142273
2496	-3.27554631
2497	-4.53244734
2498	-2.53839803
2499	-1.23317611
2500	-0.86933464
2501	-5.40256929
2502	-1.77177346
2503	-3.35579276
2504	-3.67388177
2505	-3.51236892
2506	-3.16839385
2507	-1.05792594
2508	-1.27225244
2509	-1.44789910
2510	-1.87268996
2511	-2.79544878
2512	-2.11747670
2513	-0.03973769
2514	-3.02171612
2515	-1.38111377
2516	-0.21293187
2517	0.19242841
2518	0.09816886
2519	-3.16451430
2520	-2.48047805
2521	-2.26290917
2522	-3.13138962
2523	-1.52885270
2524	0.32602566
2525	-1.68959451
2526	-1.64248240
2527	-2.98396206
2528	-3.31902885
2529	-3.36806345
2530	-2.74692202
2531	-3.89784002
2532	-2.31072426
2533	-0.34865487
2534	-0.25003266
2535	-0.74982148
2536	-3.14810038
2537	-3.58400440
2538	-3.42917180
2539	-5.15769529
2540	-1.87130928
2541	-2.91384625
2542	-2.13715577
2543	-0.62266254
2544	-2.32606006
2545	-1.98396456
2546	-1.37681663
2547	-4.15824175
2548	-1.93475556
2549	0.73747218
2550	-0.58246064
2551	-0.50220549
2552	-2.37676024
2553	-3.25143361
2554	-1.16278398
2555	-1.26452076
2556	-0.70282090
2557	2.30016923
2558	0.88924217
2559	0.01311034
2560	-1.04397893
2561	-2.55359340
2562	-1.51036239
2563	0.60629362
2564	-1.97363043
2565	-0.76806509
2566	1.54524946
2567	0.48479488
2568	0.66444731
2569	-0.96410602
2570	-1.54174125
2571	-2.72457552
2572	-2.69669771
2573	-1.54234791
2574	0.70201427
2575	0.12551335
2576	-1.34412467
2577	-1.93874824
2578	-3.86469054
2579	-1.16320395
2580	-0.25710565
2581	-2.70692635
2582	-0.91176766
2583	-0.19443154
2584	-0.04525746
2585	0.25564718
2586	-2.99299407
2587	-2.93341231
2588	-2.19263482
2589	-5.63117170
2590	-0.50058889
2591	0.40122184
2592	-0.36640447
2593	-0.63790476
2594	-2.33669019
2595	-2.13785815
2596	-0.54906398
2597	2.90677071
2598	0.44228813
2599	-0.03421448
2600	0.05371566
2601	1.48711371
2602	-0.83936495
2603	-3.18360472
2604	-2.25254011
2605	-2.49145126
2606	-2.09767342
2607	0.26750916
2608	5.82493067
2609	0.34064338
2610	-0.69943231
2611	-2.34256721
2612	-1.75085509
2613	-0.56084102
2614	-3.76761532
2615	-1.61880255
2616	1.49106336
2617	0.50919646
2618	-0.69506073
2619	-0.78974861
2620	-0.32094118
2621	-0.39201042
2622	-2.00676298
2623	0.02869859
2624	1.43855548
2625	-0.38384590
2626	3.20375729
2627	-1.23112428
2628	-1.76734662
2629	-0.11344736
2630	0.05939200
2631	-0.41519162
2632	1.02894723
2633	1.52443027
2634	1.47896028
2635	2.19370055
2636	-1.71541297
2637	-0.10545162
2638	-0.51517099
2639	-1.62958395
2640	-0.19936372
2641	2.83031058
2642	0.92121035
2643	1.13196075
2644	-0.16561180
2645	0.46248692
2646	1.09035254
2647	1.21145403
2648	1.20101893
2649	2.37802792
2650	2.33048844
2651	3.31536150
2652	2.45445728
2653	0.06297503
2654	-0.47964278
2655	1.02396894
2656	4.65750456
2657	2.41467905
2658	2.86447859
2659	3.54298878
2660	1.97195888
2661	-0.16783237
2662	1.36515486
2663	2.99336243
2664	0.05673818
2665	3.12609005
2666	5.89203596
2667	4.33743286
2668	5.17712545
2669	1.87062049
2670	2.74587750
2671	2.37620044
2672	0.26788911
2673	4.08665228
2674	8.35805130
2675	3.43230081
2676	3.21246815
2677	1.64282274
2678	0.90103829
2679	1.03386378
2680	1.78542757
2681	0.96932727
2682	2.05495429
2683	3.42587638
2684	4.63788605
2685	4.71996403
2686	-0.13207027
2687	0.69545406
2688	1.38717997
2689	-0.65998119
2690	1.35796010
2691	3.40945911
2692	2.70024848
2693	-1.45679212
2694	0.63445252
2695	-0.18160634
2696	1.00955641
2697	-1.28183126
2698	-0.26001579
2699	1.66792810
2700	2.29322886
2701	2.73786259
2702	2.01204729
2703	-1.56127644
2704	-13.19220066
2705	0.39752764
2706	0.52126473
2707	2.36726665
2708	2.94791722
2709	2.77129459
2710	0.22848511
2711	-0.57414603
2712	-0.06509715
2713	1.49007320
2714	-1.20558584
2715	1.84252262
2716	4.64002371
2717	2.95579958
2718	4.06054735
2719	1.24581182
2720	2.11562014
2721	2.63551593
2722	4.25209808
2723	4.03877401
2724	5.45584297
2725	4.91596651
2726	4.68604422
2727	1.97354901
2728	0.91040409
2729	0.65016419
2730	1.00154257
2731	0.17518567
2732	3.17695665
2733	3.26845908
2734	3.50201440
2735	3.76231956
2736	1.00238061
2737	1.46926427
2738	2.02148438
2739	-0.55850917
2740	0.91661423
2741	2.83978128
2742	1.02066064
2743	2.80172849
2744	-1.13143432
2745	-0.92464697
2746	0.17860074
2747	-2.20140290
2748	-0.55749136
2749	0.65885478
2750	0.48004380
2751	3.54234672
2752	-2.23729157
2753	-3.34272456
2754	-1.16488576
2755	-0.91242504
2756	-1.41975904
2757	1.18494856
2758	3.23155713
2759	2.92323947
2760	-0.02679293
2761	-0.06501258
2762	-0.38105303
2763	1.89147580
2764	-1.13375819
2765	0.61112064
2766	3.14154840
2767	3.05484176
2768	3.84484076
2769	0.23711902
2770	-2.30269313
2771	0.85927230
2772	0.05375399
2773	1.34859872
2774	4.12464762
2775	1.39905226
2776	2.51692486
2777	1.52833843
2778	1.23209274
2779	0.47729897
2780	0.96005207
2781	-4.33853006
2782	1.98767555
2783	1.31845868
2784	2.16884422
2785	1.76746261
2786	-1.75691152
2787	-0.31269160
2788	-0.42054603
2789	-3.05070400
2790	-1.12656260
2791	3.02683854
2792	-0.19551137
2793	-0.41280058
2794	-1.93881655
2795	-2.23290586
2796	-0.63820928
2797	-1.18378901
2798	-0.03235415
2799	0.56336701
2800	1.52833080
2801	1.32278168
2802	0.73142666
2803	-1.70292711
2804	-2.01597285
2805	-0.42997244
2806	-0.80065221
2807	0.46244383
2808	1.31115949
2809	1.98097968
2810	0.98924434
2811	-0.68849474
2812	0.21510795
2813	0.64547211
2814	-2.55657387
2815	-0.90913522
2816	1.71793616
2817	1.71567094
2818	5.33800364
2819	0.98672760
2820	1.63850582
2821	-0.20117894
2822	-0.25177723
2823	1.11861241
2824	1.98575342
2825	1.44465125
2826	1.49246073
2827	-1.01133680
2828	-1.43886352
2829	-3.90706277
2830	-0.29729688
2831	-0.92668223
2832	1.71487367
2833	1.39855063
2834	1.14437592
2835	0.87006003
2836	-1.84199309
2837	-0.22662064
2838	-1.26899731
2839	-2.63871217
2840	-1.25889385
2841	1.81673372
2842	1.00975060
2843	1.75706410
2844	-1.85083818
2845	-1.24713337
2846	-0.23458819
2847	-4.10270214
2848	-0.87969971
2849	0.24624628
2850	0.25628537
2851	1.28519285
2852	-0.55479878
2853	-1.91694975
2854	-2.09594226
2855	-1.40136969
2856	-1.85247850
2857	-1.07132554
2858	-0.30379981
2859	-0.21287562
2860	-0.79565406
2861	-2.44401193
2862	-2.82541013
2863	-0.74391860
2864	-2.75554085
2865	-2.03187656
2866	1.82393265
2867	0.00634777
2868	0.99356204
2869	-1.91646183
2870	-1.89172220
2871	-1.51931763
2872	-1.48633754
2873	-1.58595061
2874	2.35315919
2875	0.29971021
2876	0.32202977
2877	-1.48507702
2878	-3.20701456
2879	-2.49348354
2880	-2.15261912
2881	-3.50472426
2882	-0.89835763
2883	-1.69136250
2884	0.53536958
2885	0.57270217
2886	-1.16544294
2887	-1.46577966
2888	-1.29031277
2889	-2.93557000
2890	-1.28328371
2891	1.65591311
2892	1.21220422
2893	0.22573335
2894	-0.40107223
2895	0.40228170
2896	-0.40824765
2897	-2.53523445
2898	-1.29860878
2899	-1.06214440
2900	-1.10793245
2901	-1.80828607
2902	-3.42015481
2903	-4.74218130
2904	-5.22970819
2905	-4.26876211
2906	-4.75040722
2907	-2.29873323
2908	-1.36560583
2909	-1.44758487
2910	-2.70228648
2911	-3.28927922
2912	-3.17480493
2913	-1.54415810
2914	0.72688520
2915	-1.71853685
2916	-0.20285529
2917	-0.51806271
2918	0.50860482
2919	-3.15037370
2920	-3.21381783
2921	-2.83284450
2922	-3.77492642
2923	-1.77771986
2924	-0.98358095
2925	-0.48529831
2926	0.51331633
2927	-1.49604952
2928	-1.39705455
2929	-1.08071363
2930	-0.61386341
2931	-1.43635035
2932	-0.29060337
2933	0.46370995
2934	-1.43410707
2935	-1.03472650
2936	-1.97194016
2937	-1.51241851
2938	-2.32858515
2939	-4.33576632
2940	-1.91195178
2941	-0.00064247
2942	-1.11543024
2943	-0.60482180
2944	-3.82725382
2945	-3.15199280
2946	-2.75642729
2947	-4.01744461
2948	-3.08455992
2949	-0.49056879
2950	-1.64866662
2951	-1.90806365
2952	-2.05297017
2953	-4.61488581
2954	-4.85642385
2955	-3.39115477
2956	-4.65679550
2957	-2.09744883
2958	-0.71661472
2959	-1.19430089
2960	-1.31105208
2961	-3.43286800
2962	-1.73436487
2963	-1.04196990
2964	-4.70014429
2965	-2.44937301
2966	0.16530097
2967	-1.07217205
2968	-0.71156520
2969	-2.94529319
2970	-2.80005336
2971	-3.69779849
2972	-5.48939657
2973	-5.70714760
2974	-0.53586072
2975	-2.18931866
2976	-1.78284574
2977	-3.26922560
2978	-3.60930538
2979	-3.06955338
2980	-1.71176064
2981	-3.11108685
2982	-1.39032221
2983	-3.13880682
2984	-0.89700192
2985	-1.46933770
2986	-3.25890493
2987	-2.97323012
2988	-3.96666813
2989	-5.43936777
2990	-3.96522260
2991	0.30666196
2992	-2.30646443
2993	-1.48951042
2994	-3.18468356
2995	-3.08079338
2996	-2.33010244
2997	-2.09030342
2998	-1.65015268
2999	0.00243667
3000	0.44923234