	C:\Users\jkuzm\OneDrive - University of Massachusetts\HRSL x UMILL-PUMA Fatigue - Fatigue\Data\F01\FR3_static3.c3d _ImpedanceExport
	FP1
	FORCE
	ORIGINAL
ITEM	Z
1	637.93231201
2	640.51586914
3	639.04583740
4	641.15484619
5	640.93060303
6	638.80798340
7	639.59875488
8	639.40643311
9	638.62438965
10	639.30712891
11	641.13806152
12	639.49761963
13	641.83074951
14	643.26818848
15	640.73150635
16	641.51635742
17	639.77178955
18	640.37298584
19	641.56152344
20	640.53955078
21	641.07531738
22	642.08148193
23	639.50720215
24	640.29748535
25	639.53460693
26	640.28564453
27	642.18737793
28	641.15264893
29	640.90869141
30	641.36853027
31	640.29913330
32	640.56048584
33	641.34332275
34	639.77124023
35	640.88385010
36	641.66204834
37	640.36828613
38	642.61889648
39	640.37670898
40	640.12139893
41	641.14855957
42	640.72399902
43	641.41265869
44	644.32061768
45	641.59674072
46	642.82025146
47	644.09399414
48	640.72326660
49	641.33874512
50	642.04229736
51	641.25299072
52	641.83032227
53	641.06268311
54	641.25323486
55	642.67950439
56	640.99597168
57	639.51092529
58	640.89294434
59	639.40875244
60	640.97241211
61	641.48126221
62	641.07452393
63	645.95361328
64	640.89776611
65	640.73455811
66	640.80017090
67	640.99261475
68	641.15582275
69	642.34552002
70	640.97106934
71	641.76458740
72	642.17144775
73	640.71295166
74	641.07928467
75	640.72973633
76	640.28045654
77	641.91802979
78	641.14746094
79	640.46710205
80	642.86138916
81	642.56762695
82	640.91363525
83	639.74786377
84	639.15832520
85	641.06237793
86	642.27398682
87	640.28240967
88	642.70635986
89	640.63647461
90	640.21295166
91	641.94610596
92	640.81573486
93	638.96466064
94	641.64495850
95	640.71746826
96	640.28265381
97	642.60485840
98	639.59838867
99	639.94085693
100	639.85693359
101	637.23059082
102	642.72058105
103	641.32269287
104	640.54608154
105	641.98004150
106	640.12841797
107	639.51068115
108	641.25201416
109	639.76202393
110	640.18695068
111	637.02044678
112	639.58575439
113	640.86907959
114	640.46301270
115	638.97680664
116	640.19378662
117	638.54443359
118	639.14367676
119	640.42590332
120	639.13885498
121	640.02093506
122	640.50878906
123	641.16967773
124	639.42108154
125	639.33526611
126	639.75933838
127	641.31427002
128	640.27618408
129	640.99890137
130	641.11505127
131	639.96099854
132	639.60327148
133	639.59600830
134	638.90112305
135	639.04730225
136	640.61553955
137	640.11151123
138	641.13977051
139	641.17004395
140	640.43200684
141	638.44091797
142	638.36352539
143	638.17584229
144	640.34033203
145	638.96820068
146	638.79644775
147	641.72546387
148	636.88488770
149	640.55780029
150	640.71881104
151	640.12322998
152	642.62878418
153	640.44622803
154	640.80963135
155	642.77355957
156	639.24859619
157	640.83135986
158	639.84289551
159	636.61206055
160	639.83422852
161	640.69793701
162	639.15325928
163	641.13146973
164	640.28375244
165	639.15478516
166	638.53613281
167	637.84716797
168	638.27215576
169	639.57116699
170	638.43597412
171	639.14666748
172	641.12634277
173	639.59826660
174	639.51068115
175	640.64685059
176	640.01867676
177	640.18750000
178	639.49407959
179	640.04602051
180	642.34350586
181	640.39312744
182	640.91473389
183	640.37860107
184	639.07678223
185	640.18548584
186	641.58441162
187	639.68115234
188	640.69812012
189	640.29406738
190	639.25384521
191	639.32702637
192	638.45825195
193	639.75970459
194	640.52239990
195	638.61804199
196	638.36407471
197	639.01635742
198	639.07574463
199	639.07116699
200	639.51519775
201	639.33605957
202	641.66729736
203	640.89013672
204	640.81542969
205	642.78399658
206	639.95068359
207	641.96697998
208	640.72344971
209	639.06573486
210	641.06945801
211	641.40777588
212	640.99841309
213	641.84588623
214	641.08587646
215	640.22192383
216	641.87200928
217	640.97637939
218	640.21044922
219	641.31439209
220	638.88525391
221	641.08239746
222	642.09661865
223	640.04296875
224	639.52197266
225	638.89801025
226	639.59503174
227	641.40777588
228	640.55139160
229	639.69628906
230	642.07971191
231	640.48986816
232	640.49096680
233	641.08892822
234	641.01928711
235	641.43035889
236	640.92993164
237	640.64617920
238	641.24176025
239	641.70581055
240	641.36895752
241	640.99584961
242	640.48693848
243	640.38623047
244	644.73083496
245	644.42150879
246	640.56793213
247	642.00512695
248	639.61090088
249	641.36230469
250	640.74774170
251	640.30718994
252	640.97326660
253	642.57037354
254	641.01000977
255	643.05236816
256	642.07983398
257	641.54559326
258	641.51690674
259	640.74224854
260	641.69171143
261	643.86437988
262	642.23095703
263	642.46557617
264	642.23437500
265	641.92669678
266	642.50006104
267	642.67736816
268	641.52862549
269	643.94812012
270	641.60418701
271	643.11077881
272	644.28277588
273	641.02337646
274	642.68280029
275	642.84753418
276	643.10949707
277	643.52038574
278	642.48846436
279	643.11651611
280	644.19403076
281	643.29785156
282	641.19757080
283	642.14312744
284	641.94213867
285	642.91656494
286	644.57226562
287	642.31988525
288	644.83538818
289	644.24237061
290	642.77209473
291	644.15142822
292	644.34008789
293	644.32287598
294	645.07427979
295	643.01458740
296	643.90118408
297	646.12591553
298	643.82128906
299	643.55163574
300	643.99548340
301	642.85565186
302	644.48681641
303	648.16741943
304	643.71350098
305	644.71936035
306	643.20770264
307	643.12170410
308	643.09741211
309	642.66589355
310	643.09429932
311	644.47692871
312	643.02258301
313	643.69268799
314	644.23944092
315	642.05749512
316	642.40863037
317	643.28796387
318	642.40417480
319	644.64215088
320	642.64648438
321	644.23065186
322	645.07189941
323	643.19268799
324	642.93487549
325	641.87573242
326	641.69665527
327	643.60089111
328	643.26202393
329	641.26824951
330	643.92236328
331	641.70910645
332	642.14160156
333	641.52105713
334	640.66192627
335	641.59490967
336	642.71685791
337	641.34088135
338	642.29315186
339	642.13452148
340	640.74426270
341	639.94238281
342	639.53881836
343	641.51373291
344	641.92633057
345	640.37579346
346	641.60485840
347	643.39434814
348	639.60076904
349	640.82769775
350	641.09045410
351	640.82391357
352	641.66400146
353	641.59350586
354	640.98791504
355	642.95422363
356	640.21185303
357	640.21026611
358	640.37725830
359	639.68017578
360	639.22735596
361	641.87091064
362	639.06219482
363	641.05462646
364	640.98364258
365	638.19628906
366	639.67614746
367	639.33343506
368	638.36486816
369	639.90283203
370	641.58624268
371	639.32196045
372	640.50158691
373	639.68096924
374	639.85522461
375	639.94232178
376	638.88043213
377	639.55853271
378	640.71166992
379	639.50872803
380	642.31488037
381	639.41717529
382	639.16009521
383	640.20300293
384	637.67376709
385	637.73144531
386	640.61053467
387	637.91552734
388	640.08514404
389	637.74804688
390	637.31469727
391	638.01611328
392	638.54144287
393	637.03918457
394	640.16290283
395	638.17980957
396	638.45245361
397	639.97070312
398	638.27435303
399	636.96655273
400	637.74761963
401	637.84881592
402	639.12042236
403	638.77758789
404	638.17584229
405	640.93450928
406	638.89965820
407	638.37329102
408	638.35870361
409	637.18548584
410	640.10339355
411	639.46826172
412	638.27197266
413	640.34844971
414	638.87963867
415	637.75714111
416	638.18798828
417	638.46356201
418	636.16735840
419	639.81994629
420	638.69763184
421	638.08703613
422	639.27093506
423	637.66619873
424	637.93664551
425	638.01654053
426	637.57147217
427	638.24688721
428	641.82647705
429	636.78552246
430	640.41064453
431	638.37188721
432	638.80718994
433	638.35607910
434	637.67303467
435	639.04498291
436	639.73431396
437	637.56591797
438	639.21508789
439	639.84497070
440	638.27905273
441	637.66632080
442	638.02111816
443	637.30200195
444	640.78106689
445	639.23321533
446	639.85021973
447	641.72857666
448	638.45959473
449	638.36755371
450	639.33074951
451	638.81488037
452	639.65771484
453	640.88458252
454	639.23980713
455	641.29309082
456	640.21588135
457	640.72039795
458	640.28674316
459	639.94720459
460	640.19049072
461	641.92596436
462	640.29260254
463	641.76434326
464	641.16156006
465	640.82647705
466	640.73229980
467	640.66540527
468	641.52429199
469	642.97808838
470	641.94506836
471	641.69573975
472	643.48577881
473	641.09362793
474	641.52917480
475	642.83972168
476	641.73718262
477	644.38958740
478	644.56951904
479	642.31347656
480	644.97216797
481	644.06689453
482	643.80511475
483	643.71282959
484	644.24957275
485	643.60540771
486	645.71264648
487	645.80364990
488	645.44165039
489	646.59558105
490	645.03112793
491	644.76184082
492	645.55084229
493	644.93066406
494	645.86718750
495	645.10430908
496	644.84625244
497	647.33154297
498	643.88885498
499	643.62738037
500	645.63757324
501	643.80346680
502	645.69042969
503	645.25915527
504	644.91888428
505	646.23547363
506	645.11608887
507	644.49768066
508	644.57250977
509	645.62951660
510	645.08746338
511	646.73394775
512	645.36322021
513	646.05029297
514	645.88360596
515	644.50512695
516	645.10571289
517	643.71441650
518	644.05609131
519	645.68652344
520	645.00762939
521	643.78729248
522	646.28155518
523	645.47131348
524	643.70550537
525	642.38507080
526	643.08190918
527	643.93597412
528	644.03430176
529	641.95220947
530	645.66265869
531	643.44232178
532	643.00714111
533	645.35839844
534	642.63128662
535	641.75756836
536	643.66241455
537	642.02435303
538	642.89166260
539	642.54907227
540	641.77722168
541	642.02923584
542	641.86798096
543	642.20758057
544	642.61682129
545	639.92382812
546	640.98675537
547	642.33538818
548	639.15557861
549	639.41973877
550	640.98913574
551	638.54388428
552	639.55578613
553	641.48040771
554	639.22711182
555	641.45361328
556	638.80267334
557	638.44708252
558	639.66552734
559	638.96575928
560	639.57373047
561	638.93731689
562	638.35241699
563	640.72045898
564	641.05358887
565	638.80004883
566	639.23144531
567	639.15472412
568	639.05743408
569	640.94616699
570	639.12854004
571	640.36767578
572	642.09252930
573	638.19604492
574	637.92156982
575	638.53729248
576	637.91644287
577	638.58721924
578	639.56011963
579	636.95452881
580	638.82708740
581	638.62225342
582	638.44128418
583	637.90655518
584	636.95800781
585	637.63580322
586	639.72131348
587	637.29309082
588	638.59210205
589	639.12243652
590	638.88555908
591	638.61859131
592	638.09332275
593	637.81658936
594	639.98217773
595	638.70111084
596	639.05572510
597	641.19189453
598	638.01159668
599	638.97845459
600	641.16375732
601	636.76165771
602	639.11804199
603	638.50970459
604	638.61279297
605	639.34960938
606	638.01300049
607	637.75140381
608	637.82055664
609	634.58892822
610	637.81311035
611	638.31195068
612	637.56237793
613	638.06658936
614	639.12451172
615	637.31506348
616	638.09570312
617	638.44537354
618	637.56713867
619	640.77465820
620	637.11236572
621	640.01556396
622	640.31396484
623	639.58526611
624	639.94366455
625	639.93786621
626	639.66772461
627	640.60766602
628	641.13616943
629	638.09826660
630	641.19262695
631	640.54949951
632	639.40972900
633	639.75408936
634	638.97546387
635	639.56579590
636	640.33172607
637	639.31024170
638	640.43743896
639	641.22619629
640	640.64874268
641	639.58612061
642	639.05694580
643	640.27270508
644	641.47143555
645	640.27301025
646	640.01861572
647	642.33325195
648	641.34008789
649	641.63446045
650	641.16638184
651	640.64257812
652	642.00720215
653	642.10064697
654	641.32977295
655	642.68591309
656	640.37878418
657	640.02740479
658	640.79394531
659	639.13732910
660	640.43914795
661	642.33917236
662	640.36029053
663	641.31054688
664	642.52795410
665	639.14447021
666	640.71417236
667	636.15710449
668	638.78955078
669	640.23992920
670	640.88073730
671	640.00695801
672	641.45452881
673	640.11059570
674	640.11010742
675	640.19982910
676	639.66748047
677	642.26660156
678	641.12255859
679	640.19683838
680	642.15826416
681	641.25042725
682	640.64208984
683	640.27801514
684	640.29058838
685	641.31793213
686	641.64703369
687	639.56793213
688	639.48089600
689	642.02008057
690	639.59051514
691	639.14898682
692	640.54675293
693	640.27441406
694	641.91680908
695	640.79705811
696	638.27087402
697	642.32397461
698	639.15106201
699	639.76379395
700	639.84820557
701	639.68194580
702	641.13446045
703	641.13708496
704	640.36828613
705	640.49993896
706	640.55139160
707	639.85278320
708	640.10382080
709	641.25036621
710	640.70617676
711	641.56011963
712	640.89532471
713	641.83654785
714	642.88751221
715	637.56530762
716	641.24481201
717	641.17199707
718	640.63385010
719	641.47393799
720	640.53161621
721	640.54125977
722	642.32550049
723	639.76495361
724	640.02581787
725	638.79962158
726	640.80773926
727	642.80816650
728	642.89825439
729	640.11462402
730	643.65759277
731	642.03588867
732	641.69378662
733	641.50524902
734	641.51116943
735	642.71936035
736	642.69879150
737	641.58679199
738	641.93176270
739	642.80322266
740	641.34478760
741	640.81140137
742	640.98962402
743	640.71282959
744	642.08093262
745	642.13287354
746	640.80328369
747	643.11492920
748	640.54986572
749	639.84484863
750	640.80993652
751	641.34417725
752	641.56365967
753	645.42224121
754	641.05200195
755	642.15020752
756	642.30279541
757	640.98748779
758	641.31365967
759	641.50115967
760	641.14135742
761	642.43145752
762	641.41613770
763	643.23590088
764	644.02148438
765	639.94000244
766	639.93280029
767	641.34204102
768	640.37811279
769	641.99884033
770	641.14251709
771	640.09954834
772	641.45233154
773	640.11993408
774	639.96594238
775	640.46618652
776	640.72125244
777	641.05224609
778	642.45574951
779	639.06494141
780	641.72454834
781	639.41485596
782	637.93353271
783	639.23510742
784	637.75305176
785	639.65832520
786	640.77551270
787	639.49127197
788	639.57281494
789	641.14599609
790	638.98645020
791	639.32611084
792	637.57385254
793	639.20898438
794	641.04547119
795	640.80084229
796	638.97729492
797	641.81268311
798	639.68731689
799	639.94769287
800	641.52819824
801	637.50256348
802	640.00268555
803	641.51715088
804	639.75756836
805	641.65338135
806	639.68933105
807	639.34521484
808	640.11346436
809	639.59307861
810	640.28521729
811	642.97735596
812	644.58276367
813	641.93579102
814	641.93194580
815	640.20843506
816	640.82604980
817	641.17565918
818	640.73626709
819	641.83905029
820	641.59497070
821	641.42907715
822	643.46520996
823	640.82989502
824	639.77917480
825	640.73992920
826	640.98956299
827	641.76147461
828	642.19915771
829	640.99328613
830	642.69238281
831	641.17193604
832	640.29040527
833	640.98840332
834	641.35192871
835	639.57226562
836	642.43402100
837	641.41247559
838	641.84411621
839	642.36676025
840	642.65557861
841	640.89514160
842	640.98937988
843	640.89385986
844	642.70660400
845	642.29669189
846	640.90368652
847	642.95001221
848	640.82495117
849	641.87384033
850	639.33361816
851	640.48657227
852	640.70629883
853	642.54718018
854	640.98767090
855	642.79034424
856	641.43334961
857	640.29766846
858	639.22979736
859	640.80963135
860	635.45855713
861	641.82788086
862	640.19262695
863	641.23193359
864	642.18524170
865	639.84893799
866	640.54663086
867	640.89587402
868	638.70410156
869	641.46582031
870	641.60180664
871	639.92822266
872	643.46917725
873	640.46405029
874	641.69659424
875	640.37707520
876	640.80676270
877	641.57550049
878	641.67004395
879	638.18432617
880	641.12188721
881	640.46759033
882	639.67736816
883	640.36767578
884	639.50415039
885	639.22497559
886	640.95013428
887	639.57238770
888	641.67047119
889	642.44152832
890	639.58666992
891	639.93792725
892	640.55474854
893	639.92962646
894	641.73767090
895	641.32617188
896	640.46496582
897	640.76440430
898	639.15472412
899	641.14593506
900	640.55334473
901	639.68237305
902	640.70196533
903	641.93292236
904	640.19244385
905	641.64385986
906	640.63720703
907	639.24572754
908	636.60131836
909	638.18127441
910	638.42980957
911	639.72113037
912	638.43566895
913	639.65008545
914	639.46417236
915	637.30920410
916	637.47711182
917	639.93212891
918	637.12707520
919	639.89831543
920	638.95520020
921	639.92846680
922	640.66284180
923	639.58581543
924	639.42254639
925	639.41357422
926	639.24108887
927	639.92181396
928	641.33782959
929	639.24127197
930	641.12670898
931	639.50665283
932	639.16247559
933	640.64196777
934	639.24926758
935	638.88140869
936	641.05212402
937	637.17254639
938	639.48449707
939	640.17840576
940	637.84185791
941	638.79595947
942	638.44586182
943	638.52655029
944	640.25592041
945	637.03710938
946	637.91833496
947	641.81011963
948	639.50415039
949	639.85363770
950	639.76562500
951	639.32885742
952	639.47515869
953	641.48895264
954	639.93139648
955	640.58813477
956	639.50225830
957	640.29437256
958	640.11346436
959	639.59265137
960	639.74731445
961	641.04876709
962	639.92901611
963	639.66009521
964	642.00708008
965	639.76641846
966	639.81677246
967	639.24316406
968	638.71252441
969	640.86523438
970	640.35516357
971	638.53210449
972	641.10198975
973	638.97424316
974	638.98150635
975	640.28912354
976	639.58410645
977	640.27111816
978	640.09191895
979	640.11761475
980	642.52825928
981	642.22015381
982	640.90924072
983	641.60913086
984	641.61920166
985	639.60540771
986	642.69903564
987	641.68194580
988	640.79852295
989	642.10772705
990	640.65087891
991	639.85711670
992	640.64251709
993	642.72576904
994	640.25555420
995	641.38513184
996	639.76397705
997	641.28186035
998	639.77185059
999	640.03619385
1000	639.77093506
1001	638.99005127
1002	640.27093506
1003	641.85424805
1004	639.84674072
1005	641.91851807
1006	641.96441650
1007	640.92089844
1008	640.55590820
1009	640.91491699
1010	641.42242432
1011	642.10546875
1012	642.74316406
1013	641.07611084
1014	642.06231689
1015	639.16625977
1016	641.00122070
1017	641.35577393
1018	638.98541260
1019	641.40380859
1020	641.32977295
1021	640.11572266
1022	641.55957031
1023	640.82885742
1024	640.30133057
1025	640.91271973
1026	640.55859375
1027	640.27380371
1028	641.15106201
1029	641.08782959
1030	642.70715332
1031	642.05413818
1032	640.74182129
1033	642.32879639
1034	641.70574951
1035	640.98999023
1036	643.58642578
1037	642.56085205
1038	642.73541260
1039	643.15875244
1040	642.40545654
1041	641.96337891
1042	644.14709473
1043	642.11657715
1044	642.37237549
1045	642.74426270
1046	641.70306396
1047	643.39398193
1048	641.62231445
1049	640.56671143
1050	641.70874023
1051	640.75695801
1052	645.79266357
1053	643.33697510
1054	641.34429932
1055	642.97265625
1056	643.01904297
1057	641.88543701
1058	642.31195068
1059	641.60998535
1060	642.64978027
1061	645.26055908
1062	642.36151123
1063	643.35522461
1064	645.35308838
1065	642.66687012
1066	643.18994141
1067	642.23022461
1068	641.87518311
1069	643.59521484
1070	644.20928955
1071	642.65887451
1072	644.35900879
1073	642.05657959
1074	642.66619873
1075	641.52862549
1076	641.86975098
1077	642.20782471
1078	643.60333252
1079	641.87164307
1080	643.32116699
1081	641.87500000
1082	642.31512451
1083	642.40191650
1084	641.70489502
1085	641.25579834
1086	643.67517090
1087	642.56646729
1088	642.65075684
1089	643.93695068
1090	642.05474854
1091	643.30603027
1092	641.34893799
1093	641.95574951
1094	643.15228271
1095	643.96209717
1096	642.39984131
1097	645.06115723
1098	642.49316406
1099	641.88397217
1100	642.05432129
1101	641.71234131
1102	641.67395020
1103	642.63201904
1104	641.25445557
1105	641.66485596
1106	642.14007568
1107	640.92181396
1108	639.76989746
1109	639.94946289
1110	639.17883301
1111	640.78381348
1112	639.06036377
1113	639.40917969
1114	641.48706055
1115	639.24853516
1116	639.24603271
1117	640.38958740
1118	639.24829102
1119	641.92913818
1120	640.26104736
1121	640.12091064
1122	641.55120850
1123	640.38873291
1124	638.82135010
1125	638.98229980
1126	639.33581543
1127	639.92712402
1128	641.75677490
1129	640.39141846
1130	640.79101562
1131	639.50976562
1132	639.16809082
1133	639.06591797
1134	637.67962646
1135	637.83886719
1136	640.09478760
1137	638.80194092
1138	639.14636230
1139	640.78967285
1140	638.29199219
1141	637.75646973
1142	638.72479248
1143	638.27777100
1144	640.25952148
1145	640.28399658
1146	639.15643311
1147	640.93847656
1148	637.85064697
1149	638.98724365
1150	638.89794922
1151	638.64465332
1152	639.13696289
1153	640.00286865
1154	637.83703613
1155	639.37994385
1156	639.15692139
1157	637.49877930
1158	638.05700684
1159	637.75988770
1160	637.47814941
1161	639.46972656
1162	637.74645996
1163	636.95367432
1164	639.11785889
1165	637.05578613
1166	636.35504150
1167	636.26867676
1168	636.10571289
1169	639.55621338
1170	638.43511963
1171	637.13488770
1172	641.02056885
1173	638.63116455
1174	637.32061768
1175	638.26892090
1176	636.60321045
1177	640.35607910
1178	641.04931641
1179	638.53491211
1180	640.51269531
1181	639.06701660
1182	637.93347168
1183	638.45135498
1184	638.37390137
1185	637.56500244
1186	638.06744385
1187	638.37225342
1188	638.61047363
1189	639.72918701
1190	638.54382324
1191	638.89282227
1192	638.62750244
1193	638.18420410
1194	639.12060547
1195	639.82965088
1196	638.44348145
1197	641.10626221
1198	638.88568115
1199	639.15362549
1200	639.41253662
1201	639.68798828
1202	639.55865479
1203	642.80535889
1204	639.93121338
1205	642.96221924
1206	641.88635254
1207	640.03515625
1208	640.55108643
1209	639.15051270
1210	639.57318115
1211	641.65789795
1212	640.45935059
1213	640.71759033
1214	642.70910645
1215	638.45074463
1216	639.59973145
1217	640.29632568
1218	639.07073975
1219	640.42596436
1220	639.74786377
1221	639.84716797
1222	642.51641846
1223	640.03338623
1224	639.59375000
1225	639.87121582
1226	640.37261963
1227	641.93835449
1228	641.65881348
1229	640.63690186
1230	641.82604980
1231	642.82440186
1232	640.46917725
1233	641.50299072
1234	640.82641602
1235	640.82659912
1236	643.14733887
1237	641.67590332
1238	641.41711426
1239	642.97216797
1240	640.56304932
1241	640.38122559
1242	641.08142090
1243	639.93286133
1244	642.45214844
1245	642.02740479
1246	640.38037109
1247	644.17315674
1248	640.55316162
1249	640.64935303
1250	642.04486084
1251	640.64709473
1252	642.10736084
1253	642.88079834
1254	642.20098877
1255	644.37591553
1256	642.65045166
1257	642.22082520
1258	641.69067383
1259	640.98864746
1260	642.55572510
1261	642.97186279
1262	642.56207275
1263	641.24151611
1264	644.81030273
1265	640.99780273
1266	642.92181396
1267	640.73510742
1268	640.73730469
1269	641.91827393
1270	642.81127930
1271	639.93041992
1272	643.74090576
1273	641.08001709
1274	641.42840576
1275	641.34539795
1276	641.95037842
1277	641.66662598
1278	643.06237793
1279	640.89886475
1280	643.66821289
1281	643.34515381
1282	642.91857910
1283	642.47222900
1284	640.99298096
1285	641.07348633
1286	643.49053955
1287	642.28649902
1288	641.76525879
1289	643.85168457
1290	640.12377930
1291	640.20764160
1292	640.99700928
1293	641.08319092
1294	641.48498535
1295	642.03143311
1296	640.12194824
1297	642.51647949
1298	640.82659912
1299	640.20971680
1300	641.78344727
1301	640.29443359
1302	639.83477783
1303	642.18884277
1304	639.83752441
1305	641.56848145
1306	641.16113281
1307	640.29699707
1308	640.37078857
1309	640.64068604
1310	639.14263916
1311	642.79321289
1312	641.26239014
1313	640.98101807
1314	642.34210205
1315	641.25268555
1316	639.94055176
1317	640.46795654
1318	639.85815430
1319	641.48724365
1320	642.11181641
1321	642.77032471
1322	642.69519043
1323	640.81640625
1324	639.24072266
1325	640.45849609
1326	640.63214111
1327	641.05285645
1328	641.74896240
1329	641.07397461
1330	643.22680664
1331	642.54693604
1332	639.50299072
1333	640.63067627
1334	640.46380615
1335	640.27459717
1336	642.78790283
1337	641.49523926
1338	642.37707520
1339	642.88574219
1340	640.82220459
1341	641.60186768
1342	642.48339844
1343	641.16253662
1344	642.44897461
1345	643.16674805
1346	640.64062500
1347	643.73760986
1348	640.99078369
1349	641.69689941
1350	640.71704102
1351	640.99523926
1352	642.45617676
1353	642.88195801
1354	641.76623535
1355	642.87896729
1356	642.20806885
1357	641.17083740
1358	642.20233154
1359	642.12646484
1360	640.87182617
1361	643.49005127
1362	642.64044189
1363	641.32781982
1364	644.62213135
1365	641.78002930
1366	641.16058350
1367	641.34008789
1368	641.35491943
1369	642.09344482
1370	642.28686523
1371	641.85333252
1372	643.56115723
1373	640.81256104
1374	641.08337402
1375	640.80981445
1376	640.10900879
1377	640.53216553
1378	641.83801270
1379	639.14477539
1380	641.73553467
1381	640.80218506
1382	638.80187988
1383	639.67736816
1384	639.32293701
1385	638.70257568
1386	640.68688965
1387	639.31335449
1388	638.87384033
1389	641.64459229
1390	638.27416992
1391	639.06042480
1392	639.58990479
1393	639.31530762
1394	640.69177246
1395	640.96582031
1396	638.44824219
1397	641.98754883
1398	640.22546387
1399	638.80639648
1400	639.32775879
1401	638.01464844
1402	637.63720703
1403	639.90863037
1404	638.52197266
1405	638.85400391
1406	637.30480957
1407	638.62921143
1408	637.91192627
1409	637.65490723
1410	637.20727539
1411	638.40960693
1412	637.12457275
1413	636.24847412
1414	638.23248291
1415	636.78985596
1416	632.75042725
1417	634.68664551
1418	634.86810303
1419	636.66339111
1420	636.67486572
1421	635.89892578
1422	638.39770508
1423	637.22320557
1424	637.05517578
1425	636.34271240
1426	637.48999023
1427	636.68090820
1428	638.06713867
1429	636.43212891
1430	637.01293945
1431	639.05401611
1432	635.99774170
1433	636.51867676
1434	636.17315674
1435	635.72479248
1436	639.29156494
1437	636.84350586
1438	635.72058105
1439	638.75866699
1440	635.12567139
1441	636.18182373
1442	635.56610107
1443	635.29150391
1444	637.89929199
1445	639.14941406
1446	636.52996826
1447	639.27978516
1448	638.45965576
1449	638.81384277
1450	639.33050537
1451	638.81701660
1452	639.13757324
1453	640.88262939
1454	639.75659180
1455	639.04028320
1456	641.06915283
1457	640.04071045
1458	639.76855469
1459	640.47424316
1460	640.45562744
1461	641.57794189
1462	641.07354736
1463	639.58740234
1464	641.91516113
1465	639.24542236
1466	639.07000732
1467	640.21398926
1468	639.43231201
1469	640.96813965
1470	642.20690918
1471	640.98669434
1472	642.86743164
1473	642.48791504
1474	640.99670410
1475	641.70312500
1476	643.53045654
1477	642.46087646
1478	643.93707275
1479	643.09112549
1480	642.36541748
1481	644.75091553
1482	643.36413574
1483	642.47503662
1484	644.15057373
1485	642.90509033
1486	644.28344727
1487	643.69104004
1488	642.90875244
1489	645.25024414
1490	643.01477051
1491	643.10461426
1492	642.92974854
1493	641.86517334
1494	643.99688721
1495	644.04742432
1496	642.05322266
1497	645.06219482
1498	642.31079102
1499	643.01989746
1500	643.79870605
1501	643.27923584
1502	645.87786865
1503	645.69287109
1504	642.81304932
1505	644.90881348
1506	644.75152588
1507	643.62792969
1508	644.58465576
1509	643.36401367
1510	644.31066895
1511	645.86126709
1512	648.87182617
1513	643.88403320
1514	644.98046875
1515	643.01275635
1516	642.92779541
1517	644.06732178
1518	643.19573975
1519	643.94824219
1520	643.95916748
1521	641.60247803
1522	644.53613281
1523	642.16650391
1524	642.15026855
1525	642.74468994
1526	641.69812012
1527	642.03271484
1528	642.63031006
1529	641.16882324
1530	643.06713867
1531	642.99786377
1532	641.69818115
1533	642.48925781
1534	643.18878174
1535	641.25823975
1536	643.76434326
1537	642.56115723
1538	641.25317383
1539	644.80718994
1540	641.88232422
1541	640.64916992
1542	642.21166992
1543	641.52215576
1544	642.11395264
1545	642.56677246
1546	640.65344238
1547	643.40496826
1548	641.53320312
1549	640.48937988
1550	641.17901611
1551	638.56591797
1552	639.76464844
1553	640.71765137
1554	640.29632568
1555	641.50592041
1556	641.78918457
1557	638.82122803
1558	639.60131836
1559	638.54595947
1560	640.28753662
1561	644.46905518
1562	641.42596436
1563	639.68572998
1564	642.18389893
1565	638.72790527
1566	638.55010986
1567	639.69409180
1568	638.99627686
1569	638.86926270
1570	639.66973877
1571	638.25439453
1572	639.90240479
1573	639.95611572
1574	638.73962402
1575	638.02337646
1576	639.07891846
1577	638.70965576
1578	638.87152100
1579	639.15081787
1580	638.70031738
1581	640.02282715
1582	637.67797852
1583	637.93322754
1584	639.08276367
1585	638.71655273
1586	639.38861084
1587	639.66644287
1588	639.41107178
1589	641.56475830
1590	638.72644043
1591	638.99108887
1592	638.81506348
1593	638.63098145
1594	639.66259766
1595	639.58618164
1596	638.55584717
1597	641.03857422
1598	639.77862549
1599	638.21136475
1600	638.73510742
1601	638.21166992
1602	638.09161377
1603	640.44995117
1604	638.36541748
1605	638.42816162
1606	639.41601562
1607	638.64263916
1608	639.25396729
1609	632.76782227
1610	638.62170410
1611	640.34338379
1612	639.75787354
1613	639.58905029
1614	641.55810547
1615	638.72467041
1616	639.24700928
1617	638.98492432
1618	638.73028564
1619	640.53784180
1620	641.32806396
1621	639.50250244
1622	641.99932861
1623	639.86218262
1624	639.07733154
1625	638.80895996
1626	639.33673096
1627	638.70654297
1628	640.88171387
1629	640.22265625
1630	640.26733398
1631	642.65069580
1632	639.77471924
1633	640.12377930
1634	639.95416260
1635	639.58941650
1636	640.60974121
1637	642.99291992
1638	641.92877197
1639	643.13653564
1640	640.12518311
1641	640.29858398
1642	641.26977539
1643	641.86578369
1644	641.49945068
1645	644.04699707
1646	639.43115234
1647	644.36651611
1648	642.73797607
1649	642.06158447
1650	641.79949951
1651	641.62829590
1652	642.47906494
1653	643.77630615
1654	641.86840820
1655	643.33972168
1656	644.84149170
1657	639.26000977
1658	642.66461182
1659	641.09436035
1660	642.48364258
1661	643.77416992
1662	643.53607178
1663	641.52276611
1664	645.32763672
1665	642.58666992
1666	643.02392578
1667	642.67559814
1668	643.73040771
1669	643.60852051
1670	645.19274902
1671	643.01483154
1672	645.60186768
1673	643.64074707
1674	643.21002197
1675	642.49688721
1676	642.41192627
1677	643.18530273
1678	645.44860840
1679	644.77130127
1680	644.66174316
1681	645.37237549
1682	642.24084473
1683	642.23199463
1684	642.50012207
1685	641.62536621
1686	642.90576172
1687	643.96429443
1688	642.74450684
1689	644.80816650
1690	641.79504395
1691	643.37554932
1692	643.98669434
1693	643.01348877
1694	643.16430664
1695	644.74383545
1696	644.68371582
1697	646.56054688
1698	645.02960205
1699	643.98553467
1700	644.59429932
1701	644.07562256
1702	644.40362549
1703	646.66302490
1704	643.27233887
1705	644.56884766
1706	646.15325928
1707	643.89544678
1708	643.01916504
1709	643.80889893
1710	643.18328857
1711	644.73266602
1712	643.00238037
1713	642.57287598
1714	645.33599854
1715	641.86145020
1716	641.96917725
1717	641.27496338
1718	640.48718262
1719	642.55413818
1720	642.64306641
1721	640.90356445
1722	643.75610352
1723	642.14270020
1724	641.96771240
1725	641.68341064
1726	641.08679199
1727	640.54547119
1728	642.71539307
1729	641.25366211
1730	640.71411133
1731	643.51739502
1732	640.30181885
1733	641.35516357
1734	640.68670654
1735	639.33117676
1736	641.57812500
1737	640.63085938
1738	640.71618652
1739	642.61151123
1740	640.29443359
1741	640.03985596
1742	642.65313721
1743	640.99139404
1744	640.43981934
1745	641.50134277
1746	639.67730713
1747	641.56378174
1748	640.20825195
1749	640.12554932
1750	640.46777344
1751	638.19567871
1752	639.58569336
1753	640.26538086
1754	640.37945557
1755	640.61761475
1756	642.20935059
1757	639.86578369
1758	640.03302002
1759	639.42370605
1760	639.75817871
1761	640.60510254
1762	640.98345947
1763	639.02148438
1764	641.73364258
1765	638.54095459
1766	639.50598145
1767	638.97991943
1768	638.45666504
1769	639.30212402
1770	639.48052979
1771	636.77648926
1772	640.50476074
1773	638.00769043
1774	637.93438721
1775	638.88305664
1776	637.31286621
1777	637.03887939
1778	640.17498779
1779	639.75555420
1780	638.86785889
1781	640.44781494
1782	637.15386963
1783	637.84252930
1784	638.54638672
1785	638.09997559
1786	639.55639648
1787	639.83703613
1788	638.09289551
1789	641.12396240
1790	638.97796631
1791	640.82232666
1792	638.79815674
1793	638.18121338
1794	639.47839355
1795	640.00994873
1796	638.36944580
1797	639.71813965
1798	638.63323975
1799	638.99127197
1800	638.89312744
1801	641.79150391
1802	637.64477539
1803	640.43792725
1804	638.27178955
1805	639.48278809
1806	640.89160156
1807	638.45935059
1808	638.97760010
1809	639.76464844
1810	638.27264404
1811	642.19921875
1812	641.06945801
1813	638.79797363
1814	642.68920898
1815	640.03118896
1816	640.72595215
1817	640.73028564
1818	639.68652344
1819	641.83184814
1820	642.89569092
1821	639.57708740
1822	641.55889893
1823	640.02746582
1824	639.33404541
1825	639.23730469
1826	639.23718262
1827	639.04522705
1828	641.21740723
1829	636.60766602
1830	640.95843506
1831	641.84802246
1832	638.63531494
1833	639.33111572
1834	640.12493896
1835	638.62884521
1836	640.60266113
1837	641.14483643
1838	639.40777588
1839	643.13262939
1840	639.42590332
1841	640.82531738
1842	640.64392090
1843	640.90081787
1844	641.31677246
1845	641.32281494
1846	640.81683350
1847	642.78771973
1848	641.33917236
1849	640.29901123
1850	641.42266846
1851	640.99572754
1852	639.83880615
1853	642.70635986
1854	640.80657959
1855	640.26788330
1856	641.23486328
1857	638.98223877
1858	640.02447510
1859	639.71734619
1860	638.70477295
1861	641.57305908
1862	640.18676758
1863	639.67437744
1864	642.69305420
1865	639.76708984
1866	640.11248779
1867	640.89868164
1868	641.87567139
1869	640.17236328
1870	641.75848389
1871	641.15875244
1872	642.43560791
1873	640.90313721
1874	641.43896484
1875	640.11096191
1876	640.20361328
1877	640.35711670
1878	644.03851318
1879	639.48754883
1880	640.27270508
1881	642.11651611
1882	638.89141846
1883	638.89062500
1884	639.68151855
1885	638.97503662
1886	641.39459229
1887	639.04852295
1888	639.40594482
1889	641.46777344
1890	639.41717529
1891	638.98040771
1892	640.28710938
1893	639.58148193
1894	641.39996338
1895	643.67407227
1896	641.33428955
1897	641.47332764
1898	640.80926514
1899	640.90917969
1900	641.07666016
1901	640.11523438
1902	640.71087646
1903	642.09289551
1904	639.75073242
1905	639.91973877
1906	641.22723389
1907	639.71484375
1908	639.67468262
1909	639.41815186
1910	639.05102539
1911	640.43084717
1912	640.71539307
1913	638.18267822
1914	641.38055420
1915	639.41912842
1916	639.06939697
1917	640.12957764
1918	639.15625000
1919	640.60406494
1920	641.22644043
1921	638.17510986
1922	640.58850098
1923	639.57910156
1924	639.41448975
1925	638.78637695
1926	640.78283691
1927	639.91143799
1928	641.38745117
1929	639.83728027
1930	638.68725586
1931	641.57702637
1932	637.48327637
1933	637.91949463
1934	638.88732910
1935	637.21960449
1936	639.35961914
1937	639.20935059
1938	637.47003174
1939	640.67578125
1940	637.39440918
1941	638.36322021
1942	637.83044434
1943	638.43750000
1944	639.28656006
1945	640.69531250
1946	638.87841797
1947	639.18566895
1948	640.54162598
1949	638.80255127
1950	639.93072510
1951	639.85626221
1952	637.73150635
1953	640.51312256
1954	638.16638184
1955	639.80047607
1956	640.51995850
1957	638.27990723
1958	638.09655762
1959	638.53356934
1960	637.12609863
1961	639.37701416
1962	638.08093262
1963	638.00531006
1964	639.44891357
1965	638.18695068
1966	638.00628662
1967	638.45080566
1968	636.96832275
1969	638.50573730
1970	639.38543701
1971	639.04870605
1972	639.80236816
1973	638.25640869
1974	637.99414062
1975	637.91882324
1976	638.35687256
1977	637.03704834
1978	640.78240967
1979	639.40576172
1980	638.16680908
1981	641.14257812
1982	638.01245117
1983	638.79962158
1984	638.83380127
1985	638.01318359
1986	640.08349609
1987	640.88470459
1988	639.05310059
1989	641.20709229
1990	638.97650146
1991	639.06915283
1992	639.77972412
1993	639.23352051
1994	640.09136963
1995	639.91613770
1996	639.14935303
1997	640.77014160
1998	640.63275146
1999	639.41790771
2000	639.76287842
2001	639.50555420
2002	640.35961914
2003	641.64349365
2004	640.45184326
2005	640.88177490
2006	642.72033691
2007	638.89721680
2008	640.28582764
2009	639.58984375
2010	639.22570801
2011	641.65399170
2012	639.93041992
2013	638.87738037
2014	641.28826904
2015	639.75982666
2016	638.89099121
2017	640.28521729
2018	638.19390869
2019	639.38806152
2020	641.31335449
2021	642.21026611
2022	641.29760742
2023	639.75396729
2024	639.59631348
2025	640.37811279
2026	638.44531250
2027	639.13232422
2028	641.12835693
2029	640.97692871
2030	639.48217773
2031	644.54919434
2032	639.22894287
2033	639.76794434
2034	640.46398926
2035	638.62255859
2036	639.99261475
2037	639.74090576
2038	639.31585693
2039	641.29241943
2040	638.19305420
2041	638.28186035
2042	639.16632080
2043	638.27221680
2044	638.77868652
2045	640.52777100
2046	638.44744873
2047	638.93310547
2048	638.88543701
2049	637.92913818
2050	639.67114258
2051	639.26165771
2052	638.17327881
2053	640.34747314
2054	638.87023926
2055	636.76562500
2056	640.00408936
2057	638.28057861
2058	638.10095215
2059	636.35217285
2060	635.81335449
2061	637.97937012
2062	638.00134277
2063	635.99468994
2064	639.37329102
2065	635.91467285
2066	636.88372803
2067	637.32281494
2068	636.27655029
2069	635.27789307
2070	637.73919678
2071	635.99316406
2072	638.40838623
2073	637.13745117
2074	635.92572021
2075	636.17645264
2076	635.56756592
2077	634.31915283
2078	637.54479980
2079	636.69183350
2080	635.78619385
2081	638.42016602
2082	635.39196777
2083	634.95275879
2084	636.09997559
2085	634.86053467
2086	637.71795654
2087	636.59448242
2088	636.07604980
2089	637.71417236
2090	635.56689453
2091	634.78759766
2092	636.00732422
2093	634.42669678
2094	636.15557861
2095	637.46514893
2096	635.21649170
2097	635.61309814
2098	637.49096680
2099	634.70233154
2100	635.56280518
2101	635.47900391
2102	634.76593018
2103	636.93768311
2104	635.19842529
2105	635.89709473
2106	638.61413574
2107	634.17681885
2108	636.70416260
2109	636.25683594
2110	635.02868652
2111	637.20159912
2112	637.47949219
2113	634.68902588
2114	638.23272705
2115	636.88299561
2116	637.05584717
2117	635.30957031
2118	632.95428467
2119	636.94934082
2120	638.61279297
2121	638.18597412
2122	637.98101807
2123	637.75378418
2124	636.36743164
2125	636.78851318
2126	636.53466797
2127	635.46887207
2128	638.26568604
2129	638.54156494
2130	635.81433105
2131	639.65570068
2132	635.66113281
2133	636.79168701
2134	637.06372070
2135	637.23718262
2136	639.21118164
2137	638.70690918
2138	638.10400391
2139	640.51080322
2140	639.16015625
2141	638.46765137
2142	639.77813721
2143	638.80584717
2144	640.01580811
2145	642.64282227
2146	639.33605957
2147	641.33111572
2148	640.56445312
2149	638.99523926
2150	640.56665039
2151	640.48413086
2152	638.88745117
2153	640.88177490
2154	640.10852051
2155	638.35186768
2156	642.19171143
2157	638.46228027
2158	638.10729980
2159	638.29003906
2160	638.88787842
2161	640.00354004
2162	640.98492432
2163	637.93145752
2164	641.04223633
2165	637.92608643
2166	638.11474609
2167	639.42260742
2168	638.03186035
2169	638.34686279
2170	641.06262207
2171	639.67620850
2172	640.53051758
2173	640.46704102
2174	639.78393555
2175	639.68481445
2176	639.43432617
2177	639.92932129
2178	640.88153076
2179	640.72747803
2180	638.88739014
2181	641.40814209
2182	638.90319824
2183	638.98986816
2184	638.81524658
2185	638.81561279
2186	640.26977539
2187	639.31195068
2188	637.66406250
2189	640.68688965
2190	638.45635986
2191	638.64489746
2192	638.46081543
2193	638.63531494
2194	638.88073730
2195	640.21386719
2196	640.65246582
2197	640.52923584
2198	641.16900635
2199	638.99249268
2200	639.34484863
2201	640.21496582
2202	639.23919678
2203	642.02136230
2204	642.47485352
2205	639.83856201
2206	641.05200195
2207	638.64385986
2208	639.51251221
2209	639.95141602
2210	638.80114746
2211	640.00671387
2212	641.07574463
2213	638.27990723
2214	644.27960205
2215	639.86767578
2216	639.69128418
2217	640.39233398
2218	639.34741211
2219	638.35498047
2220	641.76831055
2221	638.80102539
2222	640.52600098
2223	640.98681641
2224	640.73846436
2225	640.11987305
2226	639.95263672
2227	639.75848389
2228	642.54785156
2229	641.33978271
2230	640.89685059
2231	644.12554932
2232	641.17620850
2233	639.86047363
2234	641.43634033
2235	639.78033447
2236	642.28051758
2237	641.41656494
2238	640.81231689
2239	642.78515625
2240	640.90216064
2241	639.60870361
2242	639.93731689
2243	639.74145508
2244	640.62292480
2245	642.45611572
2246	641.52117920
2247	642.09930420
2248	642.99829102
2249	640.04260254
2250	640.63714600
2251	643.97320557
2252	639.66662598
2253	643.05975342
2254	641.23986816
2255	642.20184326
2256	643.84820557
2257	640.99407959
2258	641.60717773
2259	640.64880371
2260	640.19781494
2261	644.56268311
2262	642.11810303
2263	640.73425293
2264	641.73590088
2265	640.11682129
2266	639.42126465
2267	641.52410889
2268	639.51776123
2269	640.70922852
2270	641.58227539
2271	639.84777832
2272	640.69824219
2273	641.24621582
2274	640.90966797
2275	640.19824219
2276	641.60180664
2277	640.62145996
2278	643.05743408
2279	642.99438477
2280	641.58605957
2281	645.15661621
2282	641.69281006
2283	642.39416504
2284	643.88293457
2285	641.51660156
2286	644.46386719
2287	644.47680664
2288	642.90496826
2289	645.40527344
2290	642.82336426
2291	645.41198730
2292	643.79492188
2293	643.52691650
2294	644.30426025
2295	646.22082520
2296	643.79382324
2297	645.33905029
2298	646.32672119
2299	641.96759033
2300	645.89471436
2301	645.64886475
2302	644.05145264
2303	646.30358887
2304	645.18133545
2305	646.14166260
2306	648.84759521
2307	646.42407227
2308	645.99200439
2309	647.48284912
2310	645.97985840
2311	648.49871826
2312	649.04016113
2313	647.74353027
2314	649.53674316
2315	649.05810547
2316	647.66009521
2317	648.53918457
2318	647.48657227
2319	647.81030273
2320	649.47015381
2321	647.99798584
2322	648.32592773
2323	649.74798584
2324	646.79205322
2325	648.70471191
2326	647.91809082
2327	647.03283691
2328	649.37670898
2329	649.57214355
2330	647.39013672
2331	650.24597168
2332	647.74835205
2333	648.44604492
2334	648.97698975
2335	647.14038086
2336	648.51196289
2337	649.30822754
2338	649.49383545
2339	651.28924561
2340	647.92517090
2341	647.93200684
2342	648.10388184
2343	646.87603760
2344	648.35034180
2345	648.43109131
2346	647.31811523
2347	646.23406982
2348	647.39373779
2349	647.05584717
2350	648.10284424
2351	647.49487305
2352	646.52014160
2353	648.07562256
2354	647.03509521
2355	645.54614258
2356	648.42218018
2357	643.90209961
2358	642.23620605
2359	644.42822266
2360	644.49945068
2361	646.67517090
2362	645.81323242
2363	643.55175781
2364	647.27062988
2365	644.24206543
2366	643.55566406
2367	645.03802490
2368	644.95703125
2369	643.88562012
2370	645.79650879
2371	643.45715332
2372	643.86920166
2373	644.50708008
2374	642.50970459
2375	642.13635254
2376	640.83801270
2377	640.38159180
2378	644.22357178
2379	641.96246338
2380	642.05291748
2381	644.04248047
2382	641.80053711
2383	642.15191650
2384	641.80133057
2385	640.84637451
2386	643.87078857
2387	641.63903809
2388	641.00024414
2389	643.15698242
2390	639.51544189
2391	640.75317383
2392	641.01788330
2393	639.34771729
2394	641.60668945
2395	643.09082031
2396	640.66302490
2397	641.23303223
2398	640.65081787
2399	639.08660889
2400	638.46423340
2401	638.91278076
2402	638.10876465
2403	640.36016846
2404	638.10089111
2405	638.97827148
2406	638.42535400
2407	638.12841797
2408	638.64508057
2409	639.26104736
2410	638.10565186
2411	639.05841064
2412	640.20324707
2413	638.37194824
2414	641.13403320
2415	639.94885254
2416	639.52032471
2417	640.31292725
2418	638.47418213
2419	638.62878418
2420	640.89697266
2421	639.15509033
2422	640.62683105
2423	640.65063477
2424	637.78802490
2425	639.69293213
2426	639.09002686
2427	637.75250244
2428	639.65734863
2429	639.68029785
2430	638.89318848
2431	641.57421875
2432	637.32617188
2433	638.90502930
2434	638.65319824
2435	637.84503174
2436	640.62603760
2437	640.80975342
2438	638.98120117
2439	641.04736328
2440	639.51361084
2441	639.69616699
2442	639.77911377
2443	640.30090332
2444	642.02624512
2445	642.19866943
2446	641.08691406
2447	642.19940186
2448	643.00512695
2449	641.44970703
2450	641.62213135
2451	641.27832031
2452	639.77221680
2453	641.67114258
2454	647.81384277
2455	640.55035400
2456	643.85668945
2457	640.30822754
2458	640.04046631
2459	641.27044678
2460	639.68432617
2461	640.79547119
2462	642.29772949
2463	640.91528320
2464	642.41967773
2465	640.55993652
2466	641.70928955
2467	640.73931885
2468	640.57598877
2469	640.46173096
2470	642.73406982
2471	641.51623535
2472	641.05639648
2473	641.68634033
2474	641.00573730
2475	640.64685059
2476	640.73937988
2477	641.68530273
2478	642.37463379
2479	641.16595459
2480	640.81701660
2481	643.85998535
2482	640.74151611
2483	641.66589355
2484	641.78802490
2485	640.56481934
2486	641.57928467
2487	642.63781738
2488	639.93292236
2489	642.79260254
2490	640.64331055
2491	643.19256592
2492	640.47509766
2493	638.98797607
2494	640.97198486
2495	641.92999268
2496	640.99334717
2497	641.66583252
2498	643.43750000
2499	641.35070801
2500	642.22558594
2501	641.10034180
2502	641.42468262
2503	643.67590332
2504	642.64440918
2505	642.11938477
2506	644.02111816
2507	641.43304443
2508	641.61352539
2509	642.39398193
2510	641.42218018
2511	642.36303711
2512	644.15643311
2513	640.90515137
2514	643.39941406
2515	641.51013184
2516	641.70294189
2517	642.47991943
2518	640.82220459
2519	641.58148193
2520	642.88275146
2521	643.25579834
2522	642.17663574
2523	642.29412842
2524	641.96704102
2525	641.94604492
2526	640.54748535
2527	640.44842529
2528	643.49633789
2529	641.50427246
2530	643.96197510
2531	648.01428223
2532	643.61621094
2533	641.77947998
2534	642.65679932
2535	641.16577148
2536	643.41333008
2537	643.50683594
2538	641.06335449
2539	643.13122559
2540	642.38110352
2541	641.33410645
2542	641.67816162
2543	641.60223389
2544	641.40399170
2545	643.06188965
2546	642.38372803
2547	642.17681885
2548	643.24761963
2549	641.16076660
2550	641.51385498
2551	641.24719238
2552	640.18951416
2553	643.05358887
2554	643.76513672
2555	642.19732666
2556	644.79882812
2557	642.47265625
2558	643.26660156
2559	641.33624268
2560	640.65771484
2561	643.05065918
2562	643.06481934
2563	641.06750488
2564	642.42834473
2565	642.11169434
2566	641.68768311
2567	640.81048584
2568	641.95983887
2569	639.03369141
2570	642.71490479
2571	640.18444824
2572	640.42718506
2573	641.40753174
2574	639.94036865
2575	641.42346191
2576	639.84533691
2577	639.65863037
2578	641.03729248
2579	642.45318604
2580	639.73529053
2581	643.91790771
2582	639.84301758
2583	641.41424561
2584	641.50958252
2585	640.63311768
2586	641.47552490
2587	642.62030029
2588	639.39685059
2589	643.20489502
2590	640.18066406
2591	641.34039307
2592	640.44995117
2593	639.83856201
2594	639.29803467
2595	642.35131836
2596	639.66339111
2597	640.68212891
2598	640.87084961
2599	639.49108887
2600	639.74176025
2601	639.05767822
2602	637.47143555
2603	640.06573486
2604	639.38171387
2605	638.76910400
2606	642.86791992
2607	638.52386475
2608	639.66607666
2609	639.57568359
2610	639.21661377
2611	641.12023926
2612	641.30609131
2613	639.22369385
2614	641.54058838
2615	639.91699219
2616	639.58416748
2617	639.22259521
2618	638.97015381
2619	640.08666992
2620	642.08740234
2621	639.20892334
2622	639.27740479
2623	640.69677734
2624	639.58068848
2625	639.92810059
2626	640.88891602
2627	638.24206543
2628	640.49993896
2629	639.82080078
2630	638.60528564
2631	641.02020264
2632	638.17034912
2633	639.31066895
2634	638.33966064
2635	637.82415771
2636	639.63110352
2637	640.88836670
2638	639.65270996
2639	641.19403076
2640	639.39001465
2641	640.27844238
2642	640.00872803
2643	639.66107178
2644	639.73120117
2645	641.20263672
2646	638.78015137
2647	640.06945801
2648	641.04626465
2649	638.96588135
2650	640.53625488
2651	639.84094238
2652	638.07434082
2653	640.50042725
2654	639.98236084
2655	638.41534424
2656	642.14611816
2657	637.99938965
2658	638.78680420
2659	639.74884033
2660	638.25244141
2661	639.45965576
2662	640.95391846
2663	639.04675293
2664	640.75720215
2665	639.99743652
2666	639.83856201
2667	640.36309814
2668	640.10180664
2669	640.60327148
2670	642.17199707
2671	640.52313232
2672	640.85284424
2673	641.56726074
2674	640.98114014
2675	639.56268311
2676	639.91534424
2677	639.02947998
2678	641.19702148
2679	640.60351562
2680	639.47473145
2681	642.95233154
2682	639.05212402
2683	638.86822510
2684	643.33624268
2685	638.86492920
2686	640.76837158
2687	641.82427979
2688	640.08355713
2689	641.62371826
2690	640.95947266
2691	640.18603516
2692	640.96557617
2693	641.14642334
2694	640.16076660
2695	642.60449219
2696	640.96392822
2697	641.64190674
2698	644.36828613
2699	640.62695312
2700	641.76257324
2701	641.41473389
2702	640.08917236
2703	642.42993164
2704	641.19036865
2705	639.46606445
2706	642.76861572
2707	638.95532227
2708	639.04785156
2709	639.91613770
2710	639.12780762
2711	641.99285889
2712	640.07513428
2713	639.39489746
2714	643.39770508
2715	642.62164307
2716	641.23706055
2717	642.28924561
2718	640.88775635
2719	640.59936523
2720	643.21484375
2721	640.69262695
2722	643.48553467
2723	644.65673828
2724	640.63452148
2725	641.84985352
2726	641.84741211
2727	641.66662598
2728	644.09429932
2729	642.18829346
2730	642.10528564
2731	644.69989014
2732	642.02459717
2733	643.24676514
2734	641.76422119
2735	640.89331055
2736	642.26300049
2737	643.49383545
2738	640.78796387
2739	642.76904297
2740	643.05932617
2741	642.03015137
2742	642.46740723
2743	641.76898193
2744	642.36334229
2745	644.01867676
2746	643.16284180
2747	642.09063721
2748	644.63769531
2749	642.91088867
2750	642.81280518
2751	645.44689941
2752	641.38818359
2753	646.02264404
2754	643.75640869
2755	644.02551270
2756	645.84271240
2757	641.76428223
2758	641.68316650
2759	642.28839111
2760	641.40942383
2761	644.01885986
2762	643.48162842
2763	641.49768066
2764	643.21710205
2765	642.98596191
2766	641.94921875
2767	642.55694580
2768	641.50659180
2769	641.13977051
2770	642.96643066
2771	638.85845947
2772	642.35247803
2773	644.63977051
2774	641.34149170
2775	642.28503418
2776	642.29028320
2777	641.66619873
2778	643.05157471
2779	642.44989014
2780	639.39801025
2781	644.00170898
2782	641.15911865
2783	640.54736328
2784	641.59631348
2785	640.37786865
2786	641.65496826
2787	642.97137451
2788	639.91998291
2789	641.99200439
2790	640.00628662
2791	639.85400391
2792	639.57733154
2793	640.01934814
2794	639.82232666
2795	642.16937256
2796	640.35797119
2797	639.72845459
2798	642.01080322
2799	640.80847168
2800	639.60131836
2801	640.01892090
2802	638.95819092
2803	641.29406738
2804	639.73089600
2805	639.91143799
2806	641.64166260
2807	639.22924805
2808	638.79278564
2809	640.54467773
2810	638.25238037
2811	640.61114502
2812	640.17059326
2813	638.26873779
2814	640.33343506
2815	638.95257568
2816	638.10223389
2817	638.52624512
2818	633.70281982
2819	636.15063477
2820	639.55346680
2821	638.60632324
2822	638.85571289
2823	639.82794189
2824	637.92883301
2825	636.86187744
2826	638.09393311
2827	636.85760498
2828	639.55926514
2829	638.24615479
2830	636.42272949
2831	641.21697998
2832	637.66210938
2833	637.65948486
2834	638.36187744
2835	637.75018311
2836	638.85955811
2837	639.47839355
2838	636.94616699
2839	639.37670898
2840	638.25805664
2841	638.10900879
2842	637.91735840
2843	637.30523682
2844	637.20483398
2845	640.16967773
2846	638.00445557
2847	637.20288086
2848	640.52612305
2849	637.05017090
2850	637.57672119
2851	637.31726074
2852	637.65924072
2853	639.55529785
2854	638.25109863
2855	636.59552002
2856	640.34252930
2857	636.78588867
2858	638.63079834
2859	639.32373047
2860	639.76165771
2861	639.65203857
2862	641.75494385
2863	640.46502686
2864	641.65014648
2865	640.89080811
2866	639.59375000
2867	642.38543701
2868	639.94610596
2869	639.83410645
2870	642.53674316
2871	640.80096436
2872	640.78741455
2873	642.01464844
2874	639.94226074
2875	640.37213135
2876	638.97473145
2877	639.83819580
2878	641.74377441
2879	640.61785889
2880	638.78619385
2881	643.21868896
2882	640.01934814
2883	640.73022461
2884	641.33752441
2885	639.85162354
2886	642.53973389
2887	643.13995361
2888	640.98205566
2889	642.44042969
2890	641.76165771
2891	640.56219482
2892	641.51525879
2893	641.16558838
2894	640.53747559
2895	642.70886230
2896	642.08587646
2897	640.79827881
2898	643.16180420
2899	640.55877686
2900	640.55017090
2901	641.08447266
2902	639.67474365
2903	641.57318115
2904	644.03430176
2905	640.36602783
2906	642.70135498
2907	641.08502197
2908	640.29516602
2909	641.60937500
2910	639.85302734
2911	640.44006348
2912	641.67163086
2913	640.99047852
2914	645.24938965
2915	642.99621582
2916	641.44403076
2917	641.43646240
2918	642.05560303
2919	641.59698486
2920	643.24853516
2921	641.94079590
2922	641.76531982
2923	644.04296875
2924	640.48925781
2925	641.36755371
2926	641.70141602
2927	639.94500732
2928	641.32342529
2929	641.94750977
2930	640.29321289
2931	643.84863281
2932	639.77996826
2933	641.26550293
2934	641.18151855
2935	639.70739746
2936	640.46459961
2937	642.90808105
2938	641.61029053
2939	643.42199707
2940	642.74615479
2941	641.28265381
2942	641.71191406
2943	640.83062744
2944	643.13952637
2945	643.95733643
2946	641.79437256
2947	642.30474854
2948	646.06707764
2949	642.41809082
2950	642.93322754
2951	642.41558838
2952	640.66235352
2953	645.18420410
2954	644.33917236
2955	643.35998535
2956	645.61242676
2957	642.05877686
2958	643.11791992
2959	642.50280762
2960	642.40014648
2961	643.61853027
2962	644.48864746
2963	642.05297852
2964	643.94238281
2965	642.83227539
2966	641.18731689
2967	642.15106201
2968	642.06542969
2969	641.08728027
2970	643.69091797
2971	642.74163818
2972	642.55993652
2973	644.47235107
2974	643.72973633
2975	642.66937256
2976	642.75885010
2977	642.74108887
2978	644.39025879
2979	645.10253906
2980	642.65722656
2981	648.05664062
2982	644.59753418
2983	643.62805176
2984	643.98156738
2985	643.20544434
2986	643.86962891
2987	644.83239746
2988	642.92443848
2989	643.59655762
2990	643.35076904
2991	643.82073975
2992	641.76812744
2993	640.30334473
2994	642.38879395
2995	642.10913086
2996	640.55584717
2997	640.18804932
2998	642.54852295
2999	640.03649902
3000	639.42211914