	C:\Users\jkuzm\OneDrive - University of Massachusetts\HRSL x UMILL-PUMA Fatigue - Fatigue\Data\F01\FR3_static1.c3d _ImpedanceExport
	FP1
	COFP
	ORIGINAL
ITEM	X
1	0.30893448
2	0.30614048
3	0.30809146
4	0.30678356
5	0.30679274
6	0.30856177
7	0.30875593
8	0.30863813
9	0.30797380
10	0.30739543
11	0.30736044
12	0.30825564
13	0.30503798
14	0.30901077
15	0.30848530
16	0.30955520
17	0.30959055
18	0.30688986
19	0.30594763
20	0.30953181
21	0.30522069
22	0.30851790
23	0.30825070
24	0.30765286
25	0.30916369
26	0.30739903
27	0.30634049
28	0.30801794
29	0.30684900
30	0.30795842
31	0.30851525
32	0.30871287
33	0.30890530
34	0.30903745
35	0.30577096
36	0.30781966
37	0.30835348
38	0.30458593
39	0.30963776
40	0.30841479
41	0.30872801
42	0.30889130
43	0.30715123
44	0.30732176
45	0.30898964
46	0.30566606
47	0.30864921
48	0.30815816
49	0.30715090
50	0.30985656
51	0.30771521
52	0.30685893
53	0.30965617
54	0.30807558
55	0.30733317
56	0.30964828
57	0.30877176
58	0.30893919
59	0.30941346
60	0.30624324
61	0.30767649
62	0.30930862
63	0.30542338
64	0.30967191
65	0.30968991
66	0.30931032
67	0.30995318
68	0.30792183
69	0.30708322
70	0.31086898
71	0.30666596
72	0.30958048
73	0.30965799
74	0.30884835
75	0.30936724
76	0.30783153
77	0.30714685
78	0.30835110
79	0.30709442
80	0.30704850
81	0.30863225
82	0.30839968
83	0.30825421
84	0.30806631
85	0.30583364
86	0.30735376
87	0.30797613
88	0.30536520
89	0.30917287
90	0.30817041
91	0.30827996
92	0.30928451
93	0.30696443
94	0.30661041
95	0.30936128
96	0.30513752
97	0.30859882
98	0.30852014
99	0.30819896
100	0.30843633
101	0.30773735
102	0.30603254
103	0.30777499
104	0.30785048
105	0.30693707
106	0.30879897
107	0.30854777
108	0.30978429
109	0.30918562
110	0.30719307
111	0.30898261
112	0.30940595
113	0.30667511
114	0.30979520
115	0.30963346
116	0.30890307
117	0.31035262
118	0.30709514
119	0.30768394
120	0.31015119
121	0.30603579
122	0.30918184
123	0.30911702
124	0.30838141
125	0.30907792
126	0.30832610
127	0.30673149
128	0.30882663
129	0.30764443
130	0.30723271
131	0.30882758
132	0.30820304
133	0.30830228
134	0.30848250
135	0.30526283
136	0.30779251
137	0.30849832
138	0.30507484
139	0.30876330
140	0.30831870
141	0.30804658
142	0.30852991
143	0.30666733
144	0.30640456
145	0.30854857
146	0.30517101
147	0.30819774
148	0.30840385
149	0.30793387
150	0.30915871
151	0.30764431
152	0.30643982
153	0.30904993
154	0.30804121
155	0.30736998
156	0.30938992
157	0.30859542
158	0.30959839
159	0.30865377
160	0.30640879
161	0.30760038
162	0.30829006
163	0.30574197
164	0.30946833
165	0.30903843
166	0.30929014
167	0.30934572
168	0.30721530
169	0.30729410
170	0.30935484
171	0.30574477
172	0.30859238
173	0.30926707
174	0.30769008
175	0.30842301
176	0.30708307
177	0.30609307
178	0.30853102
179	0.30658299
180	0.30705455
181	0.30823785
182	0.30796340
183	0.30995101
184	0.30907989
185	0.30581677
186	0.30808392
187	0.30845025
188	0.30518472
189	0.30878201
190	0.30810031
191	0.30804223
192	0.30899486
193	0.30672583
194	0.30668688
195	0.30869520
196	0.30492806
197	0.30848053
198	0.30821416
199	0.30783001
200	0.30901480
201	0.30744419
202	0.30539140
203	0.30868217
204	0.30610564
205	0.30664325
206	0.30884990
207	0.30805886
208	0.30856788
209	0.30837184
210	0.30568379
211	0.30774269
212	0.30865988
213	0.30496874
214	0.30866563
215	0.30848297
216	0.30802867
217	0.30983168
218	0.30616003
219	0.30676371
220	0.30924413
221	0.30538377
222	0.30924708
223	0.30987203
224	0.30879128
225	0.30920187
226	0.30736294
227	0.30663133
228	0.30878517
229	0.30667955
230	0.30741206
231	0.30841523
232	0.30794773
233	0.30951196
234	0.30850595
235	0.30581862
236	0.30755225
237	0.30787829
238	0.30508921
239	0.30876350
240	0.30828950
241	0.31007868
242	0.30800503
243	0.30608538
244	0.30655250
245	0.30816081
246	0.30447924
247	0.30806869
248	0.30815801
249	0.30793175
250	0.30846956
251	0.30747837
252	0.30479676
253	0.30771452
254	0.30646077
255	0.30681226
256	0.30853152
257	0.30774528
258	0.30808526
259	0.30818415
260	0.30656630
261	0.30668688
262	0.30772179
263	0.30499044
264	0.30897018
265	0.30885437
266	0.30833647
267	0.30982891
268	0.30723497
269	0.30777183
270	0.31060460
271	0.30565137
272	0.30872259
273	0.30936873
274	0.30846754
275	0.30912149
276	0.30644584
277	0.30596435
278	0.30826309
279	0.30672362
280	0.30774423
281	0.30765232
282	0.30809867
283	0.30888715
284	0.30747280
285	0.30603915
286	0.30786452
287	0.30766994
288	0.30507180
289	0.30940464
290	0.30746034
291	0.30869934
292	0.30891770
293	0.30589944
294	0.30651343
295	0.30783778
296	0.30443010
297	0.30784765
298	0.30848593
299	0.30705926
300	0.30832908
301	0.30657363
302	0.30518156
303	0.30777588
304	0.30567667
305	0.30641955
306	0.30766657
307	0.30748349
308	0.30849323
309	0.30787122
310	0.30682942
311	0.30769977
312	0.30708897
313	0.30515429
314	0.30787116
315	0.30803227
316	0.30809948
317	0.30853006
318	0.30687523
319	0.30663374
320	0.30874056
321	0.30486593
322	0.30815786
323	0.30799013
324	0.30807376
325	0.30852005
326	0.30676699
327	0.30594450
328	0.30696476
329	0.30578604
330	0.30681112
331	0.30801371
332	0.30775520
333	0.30811778
334	0.30778345
335	0.30531040
336	0.30749056
337	0.30689943
338	0.30543464
339	0.30869809
340	0.30806044
341	0.30778095
342	0.30875912
343	0.30559275
344	0.30629346
345	0.30771634
346	0.30451271
347	0.30813873
348	0.30767781
349	0.30770180
350	0.30808923
351	0.30627811
352	0.30565730
353	0.30802250
354	0.30533221
355	0.30611077
356	0.30831131
357	0.30688873
358	0.30592909
359	0.30759960
360	0.30513132
361	0.30662209
362	0.30758873
363	0.30417466
364	0.30855948
365	0.30779481
366	0.30895117
367	0.30886352
368	0.30551556
369	0.30616412
370	0.30853146
371	0.30414727
372	0.30836719
373	0.30829123
374	0.30747256
375	0.30861312
376	0.30685750
377	0.30776435
378	0.30817616
379	0.30602080
380	0.30674505
381	0.30830076
382	0.30787072
383	0.30747601
384	0.30774394
385	0.30595639
386	0.30729267
387	0.30768031
388	0.30483475
389	0.30857137
390	0.30781707
391	0.30747280
392	0.30818719
393	0.30557042
394	0.30613828
395	0.30736291
396	0.30389878
397	0.30850878
398	0.30784881
399	0.30688494
400	0.30847555
401	0.30604246
402	0.30518892
403	0.30831400
404	0.30577597
405	0.30462956
406	0.30843684
407	0.30676895
408	0.30715206
409	0.30754280
410	0.30501628
411	0.30665764
412	0.30671978
413	0.30448925
414	0.30819076
415	0.30814868
416	0.30710307
417	0.30822089
418	0.30596930
419	0.30686677
420	0.30916807
421	0.30538896
422	0.30869234
423	0.30836052
424	0.30711371
425	0.30816388
426	0.30643806
427	0.30581442
428	0.30847964
429	0.30624381
430	0.30753705
431	0.30797911
432	0.30795485
433	0.30819348
434	0.30791572
435	0.30510905
436	0.30693138
437	0.30709988
438	0.30389485
439	0.30787981
440	0.30744666
441	0.30664542
442	0.30730727
443	0.30526954
444	0.30752370
445	0.30713719
446	0.30371445
447	0.30741546
448	0.30765885
449	0.30733216
450	0.30798212
451	0.30631518
452	0.30525115
453	0.30749103
454	0.30580375
455	0.30662870
456	0.30819285
457	0.30747327
458	0.30822596
459	0.30795211
460	0.30535227
461	0.30701518
462	0.30735964
463	0.30550283
464	0.30882698
465	0.30802193
466	0.30828762
467	0.30867720
468	0.30606455
469	0.30677509
470	0.30774945
471	0.30433840
472	0.30748582
473	0.30885160
474	0.30758527
475	0.30861703
476	0.30630347
477	0.30575138
478	0.30797014
479	0.30571696
480	0.30629671
481	0.30729470
482	0.30671984
483	0.30784929
484	0.30783078
485	0.30475906
486	0.30660743
487	0.30749807
488	0.30410188
489	0.30846062
490	0.30766168
491	0.30760416
492	0.30772951
493	0.30621824
494	0.30595347
495	0.30842718
496	0.30425784
497	0.30840373
498	0.30804545
499	0.30734536
500	0.30806938
501	0.30595300
502	0.30513641
503	0.30852228
504	0.30563900
505	0.30629444
506	0.30790523
507	0.30731207
508	0.30809221
509	0.30730987
510	0.30508041
511	0.30523962
512	0.30620384
513	0.30498269
514	0.30818033
515	0.30824676
516	0.30825567
517	0.30797669
518	0.30578074
519	0.30606040
520	0.30842102
521	0.30368727
522	0.30900747
523	0.30805159
524	0.30755019
525	0.30875307
526	0.30646345
527	0.30592483
528	0.30863935
529	0.30502892
530	0.30624965
531	0.30842349
532	0.30730593
533	0.30836886
534	0.30745816
535	0.30528733
536	0.30766633
537	0.30716670
538	0.30507565
539	0.30855033
540	0.30735910
541	0.30677274
542	0.30853543
543	0.30580321
544	0.30656457
545	0.30804130
546	0.30498910
547	0.30834392
548	0.30831724
549	0.30714953
550	0.30832690
551	0.30708987
552	0.30549732
553	0.30841565
554	0.30583662
555	0.30773562
556	0.30852500
557	0.30726242
558	0.30833477
559	0.30840755
560	0.30597442
561	0.30666694
562	0.30721492
563	0.30498976
564	0.30829915
565	0.30882102
566	0.30825043
567	0.30894262
568	0.30577838
569	0.30405486
570	0.30804840
571	0.30420190
572	0.30848488
573	0.30837101
574	0.30745178
575	0.30871734
576	0.30630440
577	0.30573496
578	0.30795994
579	0.30550092
580	0.30704004
581	0.30711824
582	0.30743298
583	0.30864677
584	0.30734894
585	0.30502048
586	0.30718648
587	0.30736339
588	0.30414385
589	0.30837858
590	0.30706829
591	0.30762535
592	0.30878931
593	0.30553904
594	0.30685872
595	0.30826277
596	0.30492702
597	0.30797911
598	0.30782560
599	0.30817527
600	0.30892780
601	0.30644450
602	0.30595416
603	0.30894372
604	0.30553156
605	0.30715641
606	0.30840006
607	0.30726010
608	0.30727866
609	0.30727476
610	0.30516645
611	0.30738610
612	0.30792472
613	0.30538303
614	0.30810207
615	0.30760902
616	0.30782899
617	0.30846518
618	0.30529100
619	0.30692577
620	0.30776548
621	0.30442867
622	0.30837223
623	0.30801022
624	0.30739242
625	0.30844027
626	0.30600616
627	0.30702734
628	0.30759129
629	0.30555519
630	0.30742660
631	0.30824298
632	0.30724013
633	0.30827254
634	0.30735528
635	0.30479652
636	0.30760542
637	0.30712309
638	0.30469438
639	0.30830261
640	0.30714744
641	0.30757737
642	0.30885577
643	0.30603769
644	0.30693471
645	0.30808723
646	0.30623186
647	0.30863518
648	0.30876663
649	0.30732650
650	0.30950999
651	0.30722740
652	0.30560184
653	0.30847493
654	0.30604649
655	0.30726960
656	0.30895436
657	0.30801910
658	0.30849105
659	0.30695811
660	0.30544624
661	0.30701670
662	0.30749467
663	0.30495906
664	0.30810672
665	0.30817655
666	0.30795521
667	0.30864480
668	0.30571136
669	0.30665767
670	0.30855596
671	0.30397463
672	0.30877417
673	0.30829245
674	0.30732223
675	0.30832893
676	0.30658495
677	0.30626011
678	0.30881187
679	0.30551726
680	0.30750450
681	0.30812874
682	0.30765793
683	0.30831847
684	0.30786401
685	0.30564156
686	0.31023723
687	0.30727807
688	0.30492824
689	0.30809864
690	0.30706576
691	0.30792066
692	0.30754966
693	0.30563298
694	0.30544302
695	0.30809349
696	0.30421257
697	0.30825821
698	0.30827028
699	0.30765247
700	0.30823877
701	0.30633399
702	0.30648381
703	0.30841824
704	0.30707181
705	0.30632880
706	0.30865231
707	0.30762002
708	0.30828679
709	0.30749851
710	0.30582890
711	0.30715495
712	0.30752653
713	0.30559170
714	0.30846426
715	0.30782714
716	0.30756766
717	0.30840376
718	0.30578247
719	0.30618113
720	0.30789214
721	0.30511892
722	0.30839235
723	0.30883586
724	0.30714843
725	0.30844763
726	0.30577478
727	0.30544963
728	0.30819741
729	0.30513257
730	0.30724394
731	0.30784830
732	0.30705401
733	0.30988437
734	0.30658910
735	0.30474898
736	0.30655378
737	0.30667511
738	0.30439335
739	0.30769256
740	0.30723500
741	0.30744883
742	0.30742383
743	0.30389374
744	0.30602869
745	0.30760506
746	0.30378124
747	0.30785578
748	0.30798125
749	0.30745161
750	0.30792546
751	0.30590105
752	0.30639979
753	0.30796668
754	0.30482537
755	0.30698580
756	0.30809113
757	0.30708024
758	0.30779150
759	0.30768302
760	0.30522022
761	0.30730355
762	0.30714777
763	0.30519989
764	0.30688831
765	0.30782953
766	0.30760315
767	0.30768359
768	0.30462015
769	0.30612081
770	0.30762789
771	0.30458900
772	0.30885077
773	0.30737978
774	0.30640709
775	0.30771652
776	0.30503398
777	0.30534652
778	0.30814573
779	0.30452856
780	0.30675766
781	0.30784601
782	0.30708554
783	0.30733237
784	0.30599612
785	0.30444944
786	0.30702555
787	0.30654949
788	0.30423146
789	0.30743307
790	0.30645466
791	0.30593908
792	0.30649868
793	0.30462956
794	0.30582505
795	0.30696905
796	0.30325705
797	0.30717528
798	0.30757171
799	0.30690873
800	0.30855209
801	0.30580282
802	0.30611241
803	0.30754843
804	0.30402648
805	0.30666497
806	0.30721775
807	0.30653527
808	0.30698994
809	0.30588630
810	0.30408603
811	0.30553693
812	0.30521643
813	0.30459389
814	0.30681235
815	0.30713028
816	0.30645305
817	0.30664018
818	0.30444410
819	0.30564594
820	0.30725670
821	0.30113542
822	0.30760911
823	0.30671281
824	0.30661741
825	0.30729583
826	0.30426538
827	0.30454326
828	0.30665708
829	0.30388460
830	0.30623889
831	0.30607864
832	0.30530611
833	0.30688745
834	0.30580798
835	0.30410886
836	0.30627468
837	0.30545056
838	0.30331448
839	0.30622995
840	0.30681399
841	0.30622530
842	0.30644894
843	0.30398259
844	0.30549401
845	0.30641085
846	0.30263290
847	0.30681637
848	0.30658603
849	0.30559802
850	0.30635482
851	0.30420443
852	0.30419683
853	0.30660468
854	0.30347154
855	0.30641082
856	0.30634442
857	0.30601746
858	0.30693054
859	0.30561543
860	0.30391723
861	0.30603945
862	0.30512533
863	0.30433470
864	0.30683374
865	0.30610937
866	0.30687508
867	0.30656728
868	0.30327657
869	0.30596387
870	0.30669394
871	0.30299592
872	0.30756062
873	0.30681393
874	0.30601478
875	0.30793172
876	0.30479929
877	0.30436191
878	0.30627164
879	0.30245602
880	0.30616194
881	0.30639812
882	0.30506676
883	0.30622542
884	0.30503392
885	0.30365124
886	0.30615702
887	0.30507678
888	0.30389923
889	0.30555871
890	0.30607903
891	0.30594346
892	0.30666691
893	0.30316418
894	0.30476514
895	0.30586174
896	0.30249622
897	0.30394980
898	0.30654633
899	0.30560619
900	0.30662042
901	0.30462304
902	0.30391398
903	0.30656424
904	0.30355185
905	0.30620238
906	0.30652523
907	0.30643553
908	0.30701742
909	0.30595833
910	0.30373943
911	0.30557093
912	0.30463371
913	0.30416599
914	0.30637452
915	0.30602419
916	0.30618668
917	0.30660519
918	0.30347100
919	0.30541506
920	0.30698240
921	0.30208299
922	0.30626127
923	0.30670351
924	0.30570862
925	0.30691311
926	0.30457357
927	0.30518538
928	0.30662975
929	0.30301172
930	0.30578122
931	0.30634242
932	0.30524376
933	0.30573007
934	0.30496350
935	0.30246168
936	0.30695015
937	0.30377966
938	0.30301231
939	0.30561781
940	0.30536363
941	0.30558354
942	0.30574700
943	0.30330050
944	0.30520585
945	0.30493084
946	0.30255798
947	0.30591044
948	0.30554155
949	0.30557916
950	0.30645305
951	0.30393192
952	0.30396241
953	0.30635396
954	0.30297545
955	0.30495006
956	0.30643097
957	0.30526608
958	0.30576944
959	0.30408934
960	0.30276501
961	0.30504867
962	0.30349365
963	0.30259621
964	0.30480036
965	0.30479115
966	0.30514950
967	0.30528092
968	0.30263045
969	0.30403796
970	0.30514157
971	0.30135390
972	0.30567232
973	0.30528611
974	0.30340740
975	0.30507299
976	0.30365127
977	0.30337617
978	0.30587095
979	0.30260664
980	0.30585909
981	0.30614716
982	0.30519733
983	0.30623651
984	0.30504757
985	0.30402344
986	0.30586880
987	0.30485326
988	0.30351278
989	0.30665535
990	0.30537835
991	0.30591655
992	0.30631164
993	0.30294424
994	0.30415645
995	0.30525997
996	0.30221769
997	0.30514306
998	0.30497715
999	0.30505598
1000	0.30563381
1001	0.30242944
1002	0.30277821
1003	0.30562222
1004	0.30139649
1005	0.30457807
1006	0.30482146
1007	0.30476630
1008	0.30547360
1009	0.30322158
1010	0.30230814
1011	0.30467856
1012	0.30331656
1013	0.30275795
1014	0.30585098
1015	0.30415887
1016	0.30495936
1017	0.30503070
1018	0.30210406
1019	0.30376810
1020	0.30528679
1021	0.30146870
1022	0.30583265
1023	0.30595547
1024	0.30500406
1025	0.30596569
1026	0.30336586
1027	0.30347219
1028	0.30621403
1029	0.30293459
1030	0.30533826
1031	0.30579466
1032	0.30373409
1033	0.30699164
1034	0.30503342
1035	0.30315629
1036	0.30545282
1037	0.30372429
1038	0.30303106
1039	0.30486339
1040	0.30476329
1041	0.30517599
1042	0.30460533
1043	0.30279401
1044	0.30398750
1045	0.30553553
1046	0.30195603
1047	0.30600962
1048	0.30475974
1049	0.30459943
1050	0.30530936
1051	0.30288693
1052	0.30295390
1053	0.30437651
1054	0.30142754
1055	0.30434868
1056	0.30483326
1057	0.30364171
1058	0.30539489
1059	0.30334824
1060	0.30210125
1061	0.30296484
1062	0.30319223
1063	0.30311483
1064	0.30461600
1065	0.30442238
1066	0.30505389
1067	0.30533740
1068	0.30204165
1069	0.30372179
1070	0.30477938
1071	0.30017939
1072	0.30537683
1073	0.30490732
1074	0.30423725
1075	0.30533904
1076	0.30306092
1077	0.30283603
1078	0.30516967
1079	0.30170959
1080	0.30406994
1081	0.30444667
1082	0.30529100
1083	0.30552119
1084	0.30400327
1085	0.30261627
1086	0.30472544
1087	0.30345827
1088	0.30312273
1089	0.30507413
1090	0.30531451
1091	0.30508861
1092	0.30549052
1093	0.30254161
1094	0.30400658
1095	0.30525196
1096	0.30172050
1097	0.30572236
1098	0.30507413
1099	0.30582407
1100	0.30485240
1101	0.30302590
1102	0.30279738
1103	0.30532330
1104	0.30204874
1105	0.30571419
1106	0.30512857
1107	0.30456701
1108	0.30516478
1109	0.30444488
1110	0.30299005
1111	0.30430567
1112	0.30291712
1113	0.30309901
1114	0.30460030
1115	0.30444810
1116	0.30470121
1117	0.30457604
1118	0.30159536
1119	0.30465737
1120	0.30436328
1121	0.30096152
1122	0.30456224
1123	0.30381316
1124	0.30373678
1125	0.30478066
1126	0.30180013
1127	0.30193034
1128	0.30505341
1129	0.30112624
1130	0.30447757
1131	0.30373982
1132	0.30438694
1133	0.30516282
1134	0.30416185
1135	0.30214828
1136	0.30453208
1137	0.30297220
1138	0.30366391
1139	0.30540979
1140	0.30483225
1141	0.30517188
1142	0.30489114
1143	0.30252036
1144	0.30467886
1145	0.30551136
1146	0.30240908
1147	0.30621308
1148	0.30607146
1149	0.30732095
1150	0.30605429
1151	0.30339462
1152	0.30337870
1153	0.30557150
1154	0.30149585
1155	0.30463302
1156	0.30439702
1157	0.30301446
1158	0.30437011
1159	0.30277273
1160	0.30135816
1161	0.30358666
1162	0.30181631
1163	0.30271748
1164	0.30373004
1165	0.30332896
1166	0.30359474
1167	0.30476412
1168	0.30088830
1169	0.30279028
1170	0.30402917
1171	0.30009541
1172	0.30482864
1173	0.30417591
1174	0.30384943
1175	0.30510032
1176	0.30165425
1177	0.30220371
1178	0.30468619
1179	0.30146003
1180	0.30500630
1181	0.30505681
1182	0.30475029
1183	0.30539730
1184	0.30396372
1185	0.30298012
1186	0.30585262
1187	0.30332455
1188	0.30407852
1189	0.30498910
1190	0.30499876
1191	0.30596042
1192	0.30546233
1193	0.30286735
1194	0.30446497
1195	0.30443794
1196	0.30290356
1197	0.30494326
1198	0.30464318
1199	0.30448803
1200	0.30560353
1201	0.30255872
1202	0.30318019
1203	0.30556092
1204	0.30118746
1205	0.30388343
1206	0.30454215
1207	0.30334622
1208	0.30393246
1209	0.30293527
1210	0.30213273
1211	0.30401194
1212	0.30242479
1213	0.30278906
1214	0.30331042
1215	0.30416611
1216	0.30479121
1217	0.30408654
1218	0.30190840
1219	0.30442309
1220	0.30508566
1221	0.30146602
1222	0.30566248
1223	0.30535778
1224	0.30477118
1225	0.30497187
1226	0.30276176
1227	0.30345365
1228	0.30609092
1229	0.30194896
1230	0.30504799
1231	0.30485180
1232	0.30475479
1233	0.30589798
1234	0.30370840
1235	0.30329436
1236	0.30497205
1237	0.30241916
1238	0.30325958
1239	0.30413619
1240	0.30386832
1241	0.30398455
1242	0.30429399
1243	0.30192465
1244	0.30419087
1245	0.30530909
1246	0.30135190
1247	0.30423474
1248	0.30512410
1249	0.30504569
1250	0.30611977
1251	0.30305341
1252	0.30328470
1253	0.30581820
1254	0.30059308
1255	0.30573654
1256	0.30591956
1257	0.30470210
1258	0.30532667
1259	0.30499381
1260	0.30312207
1261	0.30568296
1262	0.30359864
1263	0.30351195
1264	0.30573258
1265	0.30657759
1266	0.30541128
1267	0.30438113
1268	0.30261791
1269	0.30516297
1270	0.30480140
1271	0.30139804
1272	0.30504426
1273	0.30434170
1274	0.30357379
1275	0.30502909
1276	0.30320463
1277	0.30272323
1278	0.30472693
1279	0.30086228
1280	0.30453122
1281	0.30451533
1282	0.30395007
1283	0.30617747
1284	0.30184102
1285	0.30204797
1286	0.30444646
1287	0.30318776
1288	0.30355433
1289	0.30523577
1290	0.30403751
1291	0.30485177
1292	0.30565491
1293	0.30266777
1294	0.30354735
1295	0.30544597
1296	0.30271614
1297	0.30629843
1298	0.30600455
1299	0.30544591
1300	0.30668527
1301	0.30407605
1302	0.30319917
1303	0.30847740
1304	0.30227691
1305	0.30657509
1306	0.30639601
1307	0.30542892
1308	0.30700350
1309	0.30454910
1310	0.30346540
1311	0.30595407
1312	0.30343175
1313	0.30363998
1314	0.30535570
1315	0.30425397
1316	0.30521187
1317	0.30424571
1318	0.30215147
1319	0.30407211
1320	0.30407500
1321	0.30127954
1322	0.30499622
1323	0.30534238
1324	0.30492464
1325	0.30599928
1326	0.30252218
1327	0.30354857
1328	0.30546060
1329	0.30157873
1330	0.30497611
1331	0.30343407
1332	0.30583847
1333	0.30591726
1334	0.30466992
1335	0.30345342
1336	0.30591619
1337	0.30377772
1338	0.30449682
1339	0.30649129
1340	0.30592117
1341	0.30616826
1342	0.30536595
1343	0.30417278
1344	0.30531159
1345	0.30486739
1346	0.30304059
1347	0.30630541
1348	0.30596060
1349	0.30534717
1350	0.30638340
1351	0.30394265
1352	0.30462062
1353	0.30600855
1354	0.30203125
1355	0.30691746
1356	0.30599058
1357	0.30470881
1358	0.30620664
1359	0.30431771
1360	0.30236647
1361	0.30587214
1362	0.30291754
1363	0.30403626
1364	0.30564567
1365	0.30476928
1366	0.30582172
1367	0.30535865
1368	0.30360675
1369	0.30519956
1370	0.30609822
1371	0.30324471
1372	0.30613261
1373	0.30628273
1374	0.30561718
1375	0.30693007
1376	0.30394980
1377	0.30440682
1378	0.30599397
1379	0.30216160
1380	0.30611709
1381	0.30576491
1382	0.30552694
1383	0.30684057
1384	0.30400428
1385	0.30378455
1386	0.30609822
1387	0.30411270
1388	0.30554876
1389	0.30684191
1390	0.30609739
1391	0.30623016
1392	0.30538124
1393	0.30366939
1394	0.30499697
1395	0.30491453
1396	0.30207509
1397	0.30519658
1398	0.30584258
1399	0.30632794
1400	0.30647457
1401	0.30324876
1402	0.30379072
1403	0.30576277
1404	0.30213118
1405	0.30609632
1406	0.30598149
1407	0.30557966
1408	0.30735859
1409	0.30475238
1410	0.30408311
1411	0.30595660
1412	0.30306217
1413	0.30502334
1414	0.30570990
1415	0.30578122
1416	0.30666870
1417	0.30581358
1418	0.30284843
1419	0.30713955
1420	0.30556729
1421	0.30366132
1422	0.30678365
1423	0.30626845
1424	0.30588961
1425	0.30721679
1426	0.30350932
1427	0.30463275
1428	0.30644351
1429	0.30260587
1430	0.30603650
1431	0.30591068
1432	0.30502063
1433	0.30593526
1434	0.30345711
1435	0.30343595
1436	0.30504993
1437	0.30457872
1438	0.30235651
1439	0.30595243
1440	0.30466309
1441	0.30524635
1442	0.30567631
1443	0.30322671
1444	0.30514076
1445	0.30530763
1446	0.30278024
1447	0.30520618
1448	0.30584347
1449	0.30564228
1450	0.30667248
1451	0.30381382
1452	0.30455443
1453	0.30642676
1454	0.30213445
1455	0.30654395
1456	0.30695605
1457	0.30563277
1458	0.30630752
1459	0.30571485
1460	0.30420268
1461	0.30667815
1462	0.30440071
1463	0.30512705
1464	0.30667758
1465	0.30539343
1466	0.30690590
1467	0.30420989
1468	0.30391791
1469	0.30552998
1470	0.30614772
1471	0.30202472
1472	0.30636102
1473	0.30620319
1474	0.30626467
1475	0.30701911
1476	0.30389115
1477	0.30532295
1478	0.30610210
1479	0.30248430
1480	0.30672780
1481	0.30644059
1482	0.30578285
1483	0.30697125
1484	0.30440161
1485	0.30494893
1486	0.30654907
1487	0.30452028
1488	0.30512238
1489	0.30681807
1490	0.30624738
1491	0.30680451
1492	0.30631191
1493	0.30385420
1494	0.30573913
1495	0.30754876
1496	0.30272382
1497	0.30638760
1498	0.30710942
1499	0.30669764
1500	0.30724499
1501	0.30436537
1502	0.30572334
1503	0.30736855
1504	0.30371562
1505	0.30751052
1506	0.30763596
1507	0.30681664
1508	0.30745766
1509	0.30589092
1510	0.30456549
1511	0.30643687
1512	0.30406010
1513	0.30609325
1514	0.30730575
1515	0.30625540
1516	0.30669028
1517	0.30598295
1518	0.30379575
1519	0.30627266
1520	0.30608523
1521	0.30385414
1522	0.30746254
1523	0.30673620
1524	0.30617103
1525	0.30776632
1526	0.30483425
1527	0.30623892
1528	0.30729815
1529	0.30293420
1530	0.30751875
1531	0.30683014
1532	0.30655438
1533	0.30780619
1534	0.30557275
1535	0.30480674
1536	0.30761376
1537	0.30393425
1538	0.30641159
1539	0.30712456
1540	0.30615029
1541	0.30719414
1542	0.30675125
1543	0.30424181
1544	0.30596212
1545	0.30682397
1546	0.30453077
1547	0.30662882
1548	0.30694628
1549	0.30651903
1550	0.30739006
1551	0.30486962
1552	0.30603659
1553	0.30804038
1554	0.30323565
1555	0.30750981
1556	0.30731934
1557	0.30624452
1558	0.30765128
1559	0.30566397
1560	0.30499253
1561	0.30774057
1562	0.30476585
1563	0.30632854
1564	0.30722800
1565	0.30712962
1566	0.30761328
1567	0.30698237
1568	0.30450153
1569	0.30722609
1570	0.30654037
1571	0.30448109
1572	0.30750984
1573	0.30698460
1574	0.30731052
1575	0.30765939
1576	0.30500543
1577	0.30552712
1578	0.30713898
1579	0.30390906
1580	0.30779925
1581	0.30764821
1582	0.30804360
1583	0.30791348
1584	0.30622241
1585	0.30526274
1586	0.30746713
1587	0.30442923
1588	0.30705491
1589	0.30784556
1590	0.30708441
1591	0.30820534
1592	0.30642110
1593	0.30476218
1594	0.30655631
1595	0.30663991
1596	0.30505866
1597	0.30797997
1598	0.30738151
1599	0.30737093
1600	0.30792367
1601	0.30526781
1602	0.30849734
1603	0.30787545
1604	0.30349782
1605	0.30757278
1606	0.30737227
1607	0.30750614
1608	0.30834833
1609	0.30597386
1610	0.30557626
1611	0.30811393
1612	0.30417493
1613	0.30762598
1614	0.30782053
1615	0.30743968
1616	0.30785611
1617	0.30703813
1618	0.30507919
1619	0.30725139
1620	0.30668885
1621	0.30544218
1622	0.30814138
1623	0.30723283
1624	0.30753252
1625	0.30825698
1626	0.30532628
1627	0.30621803
1628	0.30728427
1629	0.30384699
1630	0.30508217
1631	0.30747914
1632	0.30759531
1633	0.30797103
1634	0.30599427
1635	0.30533025
1636	0.30839035
1637	0.30483854
1638	0.30695429
1639	0.30795431
1640	0.30730945
1641	0.30791241
1642	0.30753410
1643	0.30527195
1644	0.30730227
1645	0.30741292
1646	0.30579296
1647	0.30756319
1648	0.30802551
1649	0.30742583
1650	0.30798846
1651	0.30508181
1652	0.30620387
1653	0.30840796
1654	0.30466482
1655	0.30820417
1656	0.30760032
1657	0.30669114
1658	0.30825290
1659	0.30565739
1660	0.30486122
1661	0.30778608
1662	0.30495965
1663	0.30769950
1664	0.30810338
1665	0.30755821
1666	0.30728802
1667	0.30768967
1668	0.30446380
1669	0.30882898
1670	0.30672383
1671	0.30540371
1672	0.30853370
1673	0.30761802
1674	0.30808222
1675	0.30824235
1676	0.30509087
1677	0.30628148
1678	0.30841666
1679	0.30477268
1680	0.30794156
1681	0.30745146
1682	0.30825868
1683	0.30883887
1684	0.30643266
1685	0.30552605
1686	0.30828688
1687	0.30516741
1688	0.30599570
1689	0.30841032
1690	0.30689970
1691	0.30758160
1692	0.30710921
1693	0.30534852
1694	0.30707034
1695	0.30654484
1696	0.30514446
1697	0.30768111
1698	0.30717921
1699	0.30765152
1700	0.30786258
1701	0.30531695
1702	0.30698848
1703	0.30815038
1704	0.30447802
1705	0.30818194
1706	0.30752730
1707	0.30558336
1708	0.30843779
1709	0.30556497
1710	0.30573186
1711	0.30785975
1712	0.30515799
1713	0.30762163
1714	0.30762863
1715	0.30719304
1716	0.30812618
1717	0.30562818
1718	0.30510136
1719	0.30779636
1720	0.30676660
1721	0.30509183
1722	0.30804378
1723	0.30761996
1724	0.30778465
1725	0.30809212
1726	0.30424100
1727	0.30665898
1728	0.30753291
1729	0.30404589
1730	0.30808806
1731	0.30825761
1732	0.30698743
1733	0.30854502
1734	0.30629277
1735	0.30562997
1736	0.30757886
1737	0.30447876
1738	0.30701345
1739	0.30798584
1740	0.30733141
1741	0.30742732
1742	0.30707902
1743	0.30507886
1744	0.30725554
1745	0.30646619
1746	0.30501726
1747	0.30781627
1748	0.30792600
1749	0.30818960
1750	0.30810821
1751	0.30557775
1752	0.30647153
1753	0.30775777
1754	0.30446735
1755	0.30708024
1756	0.30706990
1757	0.30699342
1758	0.30765510
1759	0.30592218
1760	0.30510360
1761	0.30780339
1762	0.30359602
1763	0.30720377
1764	0.30734766
1765	0.30722815
1766	0.30916286
1767	0.30736226
1768	0.30518442
1769	0.30703768
1770	0.30619150
1771	0.30531001
1772	0.30745348
1773	0.30705279
1774	0.30803975
1775	0.30847767
1776	0.30513006
1777	0.30622661
1778	0.30791229
1779	0.30405849
1780	0.30756900
1781	0.30793893
1782	0.30735004
1783	0.30797839
1784	0.30609894
1785	0.30594271
1786	0.30814743
1787	0.30537289
1788	0.30724591
1789	0.30814922
1790	0.30744573
1791	0.30748835
1792	0.30623809
1793	0.30459654
1794	0.30915919
1795	0.30671871
1796	0.30536541
1797	0.30663064
1798	0.30702075
1799	0.30715507
1800	0.30789074
1801	0.30471459
1802	0.30642849
1803	0.30781174
1804	0.30289549
1805	0.30666757
1806	0.30740163
1807	0.30673724
1808	0.30799758
1809	0.30502158
1810	0.30528554
1811	0.30726016
1812	0.30475813
1813	0.30735639
1814	0.30782837
1815	0.30686161
1816	0.30768737
1817	0.30650914
1818	0.30509028
1819	0.30670536
1820	0.30630216
1821	0.30564725
1822	0.30807659
1823	0.30780688
1824	0.30630952
1825	0.30754298
1826	0.30560270
1827	0.30624425
1828	0.30747253
1829	0.30471560
1830	0.30780631
1831	0.30810869
1832	0.30710450
1833	0.30822042
1834	0.30650502
1835	0.30560732
1836	0.30797684
1837	0.30452198
1838	0.30750257
1839	0.30775711
1840	0.30739266
1841	0.30761507
1842	0.30666202
1843	0.30512309
1844	0.30640283
1845	0.30622992
1846	0.30510253
1847	0.30728123
1848	0.30634558
1849	0.30701619
1850	0.30695605
1851	0.30481014
1852	0.30667838
1853	0.30633834
1854	0.30338162
1855	0.30780745
1856	0.30713859
1857	0.30651990
1858	0.30833063
1859	0.30521047
1860	0.30509096
1861	0.30818027
1862	0.30490330
1863	0.30769175
1864	0.30706930
1865	0.30686900
1866	0.30781332
1867	0.30689758
1868	0.30534217
1869	0.30680481
1870	0.30594176
1871	0.30681545
1872	0.30738041
1873	0.30705801
1874	0.30758002
1875	0.30771908
1876	0.30511218
1877	0.30612454
1878	0.30666372
1879	0.30408785
1880	0.30716905
1881	0.30756468
1882	0.30612335
1883	0.30803904
1884	0.30512643
1885	0.30511490
1886	0.30736712
1887	0.30437359
1888	0.30728859
1889	0.30734313
1890	0.30784127
1891	0.30764449
1892	0.30656868
1893	0.30485371
1894	0.30597609
1895	0.30556706
1896	0.30519310
1897	0.30671141
1898	0.30722573
1899	0.30737215
1900	0.30620295
1901	0.30439809
1902	0.30661362
1903	0.30715135
1904	0.30307704
1905	0.30714393
1906	0.30697656
1907	0.30708104
1908	0.30798346
1909	0.30498448
1910	0.30457091
1911	0.30760834
1912	0.30387604
1913	0.30740687
1914	0.30696842
1915	0.30672383
1916	0.30711061
1917	0.30626220
1918	0.30512327
1919	0.30625039
1920	0.30552661
1921	0.30513823
1922	0.30765203
1923	0.30657819
1924	0.30703864
1925	0.30704772
1926	0.30459267
1927	0.30611071
1928	0.30622789
1929	0.30237633
1930	0.30616295
1931	0.30694497
1932	0.30665737
1933	0.30772698
1934	0.30511370
1935	0.30579743
1936	0.30769873
1937	0.30421907
1938	0.30744785
1939	0.30794540
1940	0.30697331
1941	0.30796704
1942	0.30653468
1943	0.30558053
1944	0.30739066
1945	0.30588147
1946	0.30555660
1947	0.30692288
1948	0.30600429
1949	0.30670896
1950	0.30671570
1951	0.30384529
1952	0.30571589
1953	0.30648217
1954	0.30350155
1955	0.30728275
1956	0.30654526
1957	0.30601871
1958	0.30850998
1959	0.30532855
1960	0.30484748
1961	0.30707666
1962	0.30316103
1963	0.30699554
1964	0.30640030
1965	0.30639794
1966	0.30695719
1967	0.30553728
1968	0.30449823
1969	0.30626932
1970	0.30486625
1971	0.30494735
1972	0.30730152
1973	0.30618197
1974	0.30642691
1975	0.30646417
1976	0.30404025
1977	0.30694881
1978	0.30634159
1979	0.30348200
1980	0.30705282
1981	0.30733395
1982	0.30688378
1983	0.30732724
1984	0.30466518
1985	0.30494627
1986	0.30759272
1987	0.30407846
1988	0.30757797
1989	0.30689827
1990	0.30600885
1991	0.30745715
1992	0.30554304
1993	0.30481544
1994	0.30625623
1995	0.30584580
1996	0.30468491
1997	0.30730206
1998	0.30658421
1999	0.30692926
2000	0.30668229
2001	0.30442443
2002	0.30586365
2003	0.30692077
2004	0.30330563
2005	0.30740011
2006	0.30608627
2007	0.30538046
2008	0.30793989
2009	0.30450675
2010	0.30461678
2011	0.30636373
2012	0.30364797
2013	0.30579799
2014	0.30576989
2015	0.30549684
2016	0.30504507
2017	0.30516466
2018	0.30327162
2019	0.30576611
2020	0.30431995
2021	0.30525732
2022	0.30681124
2023	0.30544394
2024	0.30594406
2025	0.30594048
2026	0.30414873
2027	0.30561155
2028	0.30638954
2029	0.30260530
2030	0.30658907
2031	0.30653840
2032	0.30625686
2033	0.30688927
2034	0.30489394
2035	0.30284682
2036	0.30623254
2037	0.30337027
2038	0.30679375
2039	0.30698970
2040	0.30603680
2041	0.30689809
2042	0.30555257
2043	0.30387810
2044	0.30635622
2045	0.30469760
2046	0.30546862
2047	0.30600980
2048	0.30559757
2049	0.30582598
2050	0.30577070
2051	0.30308244
2052	0.30455035
2053	0.30521765
2054	0.30162969
2055	0.30621880
2056	0.30597091
2057	0.30553266
2058	0.30643189
2059	0.30374497
2060	0.30400175
2061	0.30661407
2062	0.30253649
2063	0.30590591
2064	0.30645561
2065	0.30559462
2066	0.30599755
2067	0.30450210
2068	0.30364904
2069	0.30585441
2070	0.30390555
2071	0.30450732
2072	0.30565333
2073	0.30538297
2074	0.30540061
2075	0.30638805
2076	0.30356249
2077	0.30484071
2078	0.30590978
2079	0.30260009
2080	0.30539376
2081	0.30573097
2082	0.30569005
2083	0.30683678
2084	0.30416429
2085	0.30395064
2086	0.30569929
2087	0.30235773
2088	0.30552563
2089	0.30619043
2090	0.30519205
2091	0.30623391
2092	0.30474615
2093	0.30316994
2094	0.30608541
2095	0.30353066
2096	0.30462900
2097	0.30617848
2098	0.30563217
2099	0.30588198
2100	0.30561054
2101	0.30331331
2102	0.30513632
2103	0.30503896
2104	0.30298233
2105	0.30585641
2106	0.30562463
2107	0.30561706
2108	0.30681622
2109	0.30374241
2110	0.30386993
2111	0.30648842
2112	0.30303562
2113	0.30588394
2114	0.30586624
2115	0.30584764
2116	0.30603778
2117	0.30437869
2118	0.30297884
2119	0.30566821
2120	0.30372298
2121	0.30490628
2122	0.30534491
2123	0.30475897
2124	0.30581260
2125	0.30608734
2126	0.30309495
2127	0.30486569
2128	0.30574000
2129	0.30233556
2130	0.30567288
2131	0.30609450
2132	0.30445036
2133	0.30581418
2134	0.30295804
2135	0.30425903
2136	0.30622825
2137	0.30222449
2138	0.30592635
2139	0.30606624
2140	0.30490547
2141	0.30620822
2142	0.30435055
2143	0.30361030
2144	0.30561015
2145	0.30423412
2146	0.30512649
2147	0.30616310
2148	0.30547673
2149	0.30649313
2150	0.30606306
2151	0.30395910
2152	0.30503669
2153	0.30553776
2154	0.30243796
2155	0.30658403
2156	0.30574250
2157	0.30588993
2158	0.30643263
2159	0.30401227
2160	0.30434081
2161	0.30544260
2162	0.30256587
2163	0.30604139
2164	0.30665293
2165	0.30574819
2166	0.30655792
2167	0.30490342
2168	0.30316445
2169	0.30497149
2170	0.30503139
2171	0.30428261
2172	0.30585173
2173	0.30496064
2174	0.30506095
2175	0.30553752
2176	0.30302280
2177	0.30470368
2178	0.30571121
2179	0.30310497
2180	0.30688429
2181	0.30652314
2182	0.30566791
2183	0.30664247
2184	0.30347350
2185	0.30399564
2186	0.30636507
2187	0.30283824
2188	0.30594844
2189	0.30666444
2190	0.30464968
2191	0.30632135
2192	0.30460313
2193	0.30383530
2194	0.30596164
2195	0.30354050
2196	0.30497500
2197	0.30574164
2198	0.30566868
2199	0.30743539
2200	0.30662155
2201	0.30375433
2202	0.30521652
2203	0.30580550
2204	0.30284691
2205	0.30618939
2206	0.30611333
2207	0.30565134
2208	0.30644104
2209	0.30498749
2210	0.30667433
2211	0.30571917
2212	0.30329677
2213	0.30609274
2214	0.30570897
2215	0.30654305
2216	0.30715039
2217	0.30548406
2218	0.30410552
2219	0.30664176
2220	0.30431372
2221	0.30428696
2222	0.30661091
2223	0.30622607
2224	0.30657521
2225	0.30653462
2226	0.30448419
2227	0.30561709
2228	0.30573624
2229	0.30449212
2230	0.30666208
2231	0.30589843
2232	0.30624634
2233	0.30639705
2234	0.30426967
2235	0.30481723
2236	0.30674380
2237	0.30271846
2238	0.30649060
2239	0.30653134
2240	0.30577442
2241	0.30690363
2242	0.30464670
2243	0.30407891
2244	0.30595824
2245	0.30424613
2246	0.30534944
2247	0.30598810
2248	0.30597341
2249	0.30612019
2250	0.30655560
2251	0.30380517
2252	0.30522242
2253	0.30643433
2254	0.30298579
2255	0.30642456
2256	0.30621639
2257	0.30682805
2258	0.30651763
2259	0.30366218
2260	0.30514354
2261	0.30763716
2262	0.30360791
2263	0.30638286
2264	0.30708897
2265	0.30597734
2266	0.30756387
2267	0.30669248
2268	0.30415785
2269	0.30729830
2270	0.30514488
2271	0.30609176
2272	0.30708483
2273	0.30613714
2274	0.30669090
2275	0.30668497
2276	0.30477741
2277	0.30572611
2278	0.30641240
2279	0.30406260
2280	0.30713734
2281	0.30715761
2282	0.30729911
2283	0.30739763
2284	0.30500945
2285	0.30534011
2286	0.30630752
2287	0.30352798
2288	0.30699205
2289	0.30694064
2290	0.30550474
2291	0.30726111
2292	0.30466914
2293	0.30436924
2294	0.30661890
2295	0.30401161
2296	0.30627811
2297	0.30658937
2298	0.30625767
2299	0.30730817
2300	0.30669218
2301	0.30394825
2302	0.30590460
2303	0.30670574
2304	0.30430105
2305	0.30471963
2306	0.30725515
2307	0.30690199
2308	0.30750945
2309	0.30513069
2310	0.30544713
2311	0.30783325
2312	0.30369890
2313	0.30740786
2314	0.30723706
2315	0.30631000
2316	0.30735272
2317	0.30600822
2318	0.30514675
2319	0.30770144
2320	0.30521509
2321	0.30676070
2322	0.30722758
2323	0.30631000
2324	0.30524287
2325	0.30763039
2326	0.30456710
2327	0.30629548
2328	0.30684441
2329	0.30391687
2330	0.30694592
2331	0.30701664
2332	0.30628023
2333	0.30691910
2334	0.30362520
2335	0.30469346
2336	0.30720314
2337	0.30349335
2338	0.30725351
2339	0.30759791
2340	0.30671778
2341	0.30798247
2342	0.30523479
2343	0.30531400
2344	0.30679408
2345	0.30499333
2346	0.30625650
2347	0.30733642
2348	0.30704004
2349	0.30749756
2350	0.30659571
2351	0.30480158
2352	0.30656949
2353	0.30635756
2354	0.30404970
2355	0.30741251
2356	0.30754253
2357	0.30724469
2358	0.30778182
2359	0.30521807
2360	0.30596274
2361	0.30776912
2362	0.30399790
2363	0.30742419
2364	0.30943805
2365	0.30740544
2366	0.30848140
2367	0.30633229
2368	0.30519009
2369	0.30752319
2370	0.30478647
2371	0.30677474
2372	0.30771667
2373	0.30728444
2374	0.30688134
2375	0.30675191
2376	0.30563462
2377	0.30707335
2378	0.30652359
2379	0.30460188
2380	0.30787858
2381	0.30729097
2382	0.30725560
2383	0.30811238
2384	0.30559915
2385	0.30610424
2386	0.30718571
2387	0.30349970
2388	0.30724034
2389	0.30692056
2390	0.30699331
2391	0.30738443
2392	0.30644214
2393	0.30687612
2394	0.30769569
2395	0.30493766
2396	0.30589160
2397	0.30740538
2398	0.30703247
2399	0.30799377
2400	0.30684650
2401	0.30502865
2402	0.30537879
2403	0.30703509
2404	0.30532074
2405	0.30778757
2406	0.30773324
2407	0.30755302
2408	0.30883721
2409	0.30491167
2410	0.30624136
2411	0.30800748
2412	0.30448338
2413	0.30800158
2414	0.30795744
2415	0.30785498
2416	0.30815306
2417	0.30664411
2418	0.30568868
2419	0.30791619
2420	0.30568302
2421	0.30741933
2422	0.30702913
2423	0.30718589
2424	0.30813381
2425	0.30763969
2426	0.30524918
2427	0.30745944
2428	0.30645087
2429	0.30487841
2430	0.30737779
2431	0.30746156
2432	0.30876389
2433	0.30807266
2434	0.30567738
2435	0.30694452
2436	0.30822173
2437	0.30481884
2438	0.30895951
2439	0.30810106
2440	0.30814514
2441	0.30907676
2442	0.30594578
2443	0.30585641
2444	0.30756012
2445	0.30469561
2446	0.30643702
2447	0.30756313
2448	0.30729845
2449	0.30834705
2450	0.30735451
2451	0.30431882
2452	0.30756781
2453	0.30707118
2454	0.30526361
2455	0.30839217
2456	0.30723527
2457	0.30710170
2458	0.30836967
2459	0.30616283
2460	0.30631906
2461	0.30844960
2462	0.30435899
2463	0.30739924
2464	0.30751684
2465	0.30751050
2466	0.30835748
2467	0.30603266
2468	0.30613676
2469	0.31021285
2470	0.30551368
2471	0.30771217
2472	0.30840406
2473	0.30758721
2474	0.30822673
2475	0.30792007
2476	0.30589020
2477	0.30770901
2478	0.30794752
2479	0.30623975
2480	0.30804482
2481	0.30853882
2482	0.30770114
2483	0.30817404
2484	0.30556247
2485	0.30662239
2486	0.30806395
2487	0.30439973
2488	0.30863076
2489	0.30842835
2490	0.30731839
2491	0.30863905
2492	0.30635327
2493	0.30578932
2494	0.30769411
2495	0.30566275
2496	0.30747753
2497	0.30732745
2498	0.30794036
2499	0.30551156
2500	0.30712497
2501	0.30456713
2502	0.30751550
2503	0.30717579
2504	0.30498353
2505	0.30789429
2506	0.30737555
2507	0.30745587
2508	0.30658299
2509	0.30539235
2510	0.30598995
2511	0.30769336
2512	0.30388689
2513	0.30824596
2514	0.30809867
2515	0.30742717
2516	0.30813876
2517	0.30620703
2518	0.30650863
2519	0.30839217
2520	0.30581278
2521	0.30798924
2522	0.30891299
2523	0.30781421
2524	0.30849680
2525	0.30804574
2526	0.30593342
2527	0.30714586
2528	0.30635157
2529	0.30518204
2530	0.30849108
2531	0.30765754
2532	0.30813158
2533	0.30824819
2534	0.30588600
2535	0.30638784
2536	0.30794439
2537	0.30492678
2538	0.30948454
2539	0.30828550
2540	0.30716208
2541	0.30824760
2542	0.30608845
2543	0.30600357
2544	0.30822313
2545	0.30471388
2546	0.30644473
2547	0.30780649
2548	0.30706403
2549	0.30756894
2550	0.30671638
2551	0.30496022
2552	0.30713898
2553	0.30693108
2554	0.30553421
2555	0.30853337
2556	0.30744901
2557	0.30751589
2558	0.30818537
2559	0.30602539
2560	0.30636758
2561	0.30825737
2562	0.30415884
2563	0.30805212
2564	0.30791980
2565	0.30751520
2566	0.30992606
2567	0.30585232
2568	0.30553213
2569	0.30757791
2570	0.30537412
2571	0.30735874
2572	0.30754745
2573	0.30680326
2574	0.30797103
2575	0.30697834
2576	0.30443841
2577	0.30694804
2578	0.30638108
2579	0.30539376
2580	0.30767435
2581	0.30765891
2582	0.30778903
2583	0.30807510
2584	0.30580714
2585	0.30681220
2586	0.30882224
2587	0.30424809
2588	0.30787626
2589	0.30779439
2590	0.30720338
2591	0.30813661
2592	0.30651620
2593	0.30534482
2594	0.30813524
2595	0.30551729
2596	0.30603698
2597	0.30738354
2598	0.30690429
2599	0.30775338
2600	0.30676785
2601	0.30582935
2602	0.30716583
2603	0.30616319
2604	0.30454513
2605	0.30766419
2606	0.30751243
2607	0.30724496
2608	0.30820453
2609	0.30495557
2610	0.30545530
2611	0.30690569
2612	0.30415598
2613	0.30704001
2614	0.30723754
2615	0.30671865
2616	0.30822480
2617	0.30641571
2618	0.30560037
2619	0.30760360
2620	0.30472600
2621	0.30678388
2622	0.30767980
2623	0.30621445
2624	0.30754936
2625	0.30689576
2626	0.30510122
2627	0.30656287
2628	0.30582276
2629	0.30487892
2630	0.30730945
2631	0.30738762
2632	0.30718204
2633	0.30677584
2634	0.30482084
2635	0.30645037
2636	0.30798602
2637	0.30428287
2638	0.30794886
2639	0.30781668
2640	0.30685854
2641	0.30852452
2642	0.30558577
2643	0.30510673
2644	0.30793998
2645	0.30478707
2646	0.30705416
2647	0.30753723
2648	0.30743051
2649	0.30771506
2650	0.30639756
2651	0.30433157
2652	0.30728507
2653	0.30531430
2654	0.30446532
2655	0.30704206
2656	0.30689344
2657	0.30692261
2658	0.30743185
2659	0.30502647
2660	0.30567196
2661	0.30658698
2662	0.30405739
2663	0.30789328
2664	0.30716303
2665	0.30708006
2666	0.30767396
2667	0.30576450
2668	0.30457830
2669	0.30705118
2670	0.30418298
2671	0.30643320
2672	0.30740070
2673	0.30623409
2674	0.30758458
2675	0.30613795
2676	0.30470878
2677	0.30614969
2678	0.30585662
2679	0.30518323
2680	0.30738175
2681	0.30771938
2682	0.30773509
2683	0.30757898
2684	0.30491579
2685	0.30598846
2686	0.30770063
2687	0.30398065
2688	0.30748445
2689	0.30700549
2690	0.30619478
2691	0.30527702
2692	0.30408823
2693	0.30502439
2694	0.30735722
2695	0.30423310
2696	0.30637950
2697	0.30699357
2698	0.30661163
2699	0.30700687
2700	0.30655587
2701	0.30420187
2702	0.30721614
2703	0.30538434
2704	0.30442229
2705	0.30741709
2706	0.30693287
2707	0.30613399
2708	0.30686519
2709	0.30393526
2710	0.30451405
2711	0.30748692
2712	0.30396509
2713	0.30711591
2714	0.30658007
2715	0.30701253
2716	0.30758417
2717	0.30531311
2718	0.30475906
2719	0.30747622
2720	0.30310342
2721	0.30535731
2722	0.30698609
2723	0.30631378
2724	0.30691683
2725	0.30628875
2726	0.30451626
2727	0.30603039
2728	0.30504614
2729	0.30502418
2730	0.30641758
2731	0.30709508
2732	0.30728438
2733	0.30774325
2734	0.30484504
2735	0.30605730
2736	0.30724728
2737	0.30386445
2738	0.30704793
2739	0.30697748
2740	0.30663556
2741	0.30772185
2742	0.30539569
2743	0.30498737
2744	0.30747771
2745	0.30410066
2746	0.30681840
2747	0.30682039
2748	0.30638042
2749	0.30891559
2750	0.30683461
2751	0.30492496
2752	0.30691251
2753	0.30490237
2754	0.30470371
2755	0.30766618
2756	0.30601829
2757	0.30677775
2758	0.30718651
2759	0.30382973
2760	0.30522397
2761	0.30675623
2762	0.30317360
2763	0.30719918
2764	0.30680138
2765	0.30667421
2766	0.30724791
2767	0.30522525
2768	0.30657959
2769	0.30728585
2770	0.30374712
2771	0.30630484
2772	0.30752093
2773	0.30656427
2774	0.30737820
2775	0.30554593
2776	0.30420077
2777	0.30634531
2778	0.30558586
2779	0.30547911
2780	0.30739376
2781	0.30683157
2782	0.30655637
2783	0.30687097
2784	0.30498451
2785	0.30563292
2786	0.30727610
2787	0.30361754
2788	0.30648255
2789	0.30750555
2790	0.30614087
2791	0.30798200
2792	0.30470452
2793	0.30467102
2794	0.30687368
2795	0.30376834
2796	0.30660439
2797	0.30746597
2798	0.30674905
2799	0.30760688
2800	0.30538666
2801	0.30476928
2802	0.30708757
2803	0.30541569
2804	0.30454668
2805	0.30765942
2806	0.30641174
2807	0.30635431
2808	0.30844536
2809	0.30446789
2810	0.30589655
2811	0.30691087
2812	0.30356309
2813	0.30720595
2814	0.30733207
2815	0.30707955
2816	0.30699244
2817	0.30479363
2818	0.30560973
2819	0.30738077
2820	0.30408335
2821	0.30729625
2822	0.30714503
2823	0.30684364
2824	0.30726561
2825	0.30592319
2826	0.30558819
2827	0.30405894
2828	0.30611646
2829	0.30543661
2830	0.30734983
2831	0.30696428
2832	0.30778465
2833	0.30756029
2834	0.30470613
2835	0.30610541
2836	0.30812711
2837	0.30399609
2838	0.30787238
2839	0.30719674
2840	0.30682704
2841	0.30793869
2842	0.30543861
2843	0.30566886
2844	0.30785745
2845	0.30466944
2846	0.30708012
2847	0.30694020
2848	0.30641243
2849	0.30715302
2850	0.30643722
2851	0.30470279
2852	0.30695817
2853	0.30563575
2854	0.30573872
2855	0.30896217
2856	0.30727237
2857	0.30667651
2858	0.30777770
2859	0.30516502
2860	0.30614781
2861	0.30741718
2862	0.30337957
2863	0.30724224
2864	0.30726972
2865	0.30609119
2866	0.30780783
2867	0.30546555
2868	0.30561575
2869	0.30745262
2870	0.30400300
2871	0.30612314
2872	0.30723053
2873	0.30667061
2874	0.30809227
2875	0.30644166
2876	0.30564958
2877	0.30675536
2878	0.30499718
2879	0.30532503
2880	0.30641949
2881	0.30667770
2882	0.30709967
2883	0.30762592
2884	0.30516171
2885	0.30617446
2886	0.30766433
2887	0.30401990
2888	0.30747816
2889	0.30728787
2890	0.30704555
2891	0.30863938
2892	0.30591562
2893	0.30601650
2894	0.30825299
2895	0.30506077
2896	0.30756226
2897	0.30774304
2898	0.30701420
2899	0.30812433
2900	0.30624458
2901	0.30506209
2902	0.30736116
2903	0.30652854
2904	0.30567011
2905	0.30718243
2906	0.30664811
2907	0.30727732
2908	0.30726078
2909	0.30454901
2910	0.30563858
2911	0.30717972
2912	0.30386126
2913	0.30501863
2914	0.30642945
2915	0.30787924
2916	0.30808699
2917	0.30547306
2918	0.30544311
2919	0.30791607
2920	0.30455184
2921	0.30684254
2922	0.30753410
2923	0.30614895
2924	0.30729836
2925	0.30648288
2926	0.30487150
2927	0.30671534
2928	0.30525500
2929	0.30567604
2930	0.30755794
2931	0.30704129
2932	0.30729619
2933	0.30725300
2934	0.30482018
2935	0.30659533
2936	0.30798176
2937	0.30500659
2938	0.30823338
2939	0.30863041
2940	0.30793479
2941	0.30903664
2942	0.30584818
2943	0.30368313
2944	0.30830401
2945	0.30482173
2946	0.30740499
2947	0.30733341
2948	0.30732587
2949	0.30803874
2950	0.30622324
2951	0.30619594
2952	0.30758825
2953	0.30574608
2954	0.30554739
2955	0.30744267
2956	0.30762896
2957	0.30758345
2958	0.30789277
2959	0.30470410
2960	0.30583972
2961	0.30528587
2962	0.30597803
2963	0.30725384
2964	0.30686614
2965	0.30711600
2966	0.30695859
2967	0.30507830
2968	0.30578715
2969	0.30695969
2970	0.30357516
2971	0.30721322
2972	0.30642220
2973	0.30715474
2974	0.30778673
2975	0.30594522
2976	0.30558237
2977	0.30692831
2978	0.30484763
2979	0.30547211
2980	0.30651194
2981	0.30740771
2982	0.30759820
2983	0.30707660
2984	0.30483204
2985	0.30631509
2986	0.30737615
2987	0.30408099
2988	0.30737665
2989	0.30771583
2990	0.30554560
2991	0.30930230
2992	0.30539846
2993	0.30555519
2994	0.30769488
2995	0.30475506
2996	0.30717003
2997	0.30746192
2998	0.30702469
2999	0.30718735
3000	0.30605602