	C:\Users\jkuzm\OneDrive - University of Massachusetts\HRSL x UMILL-PUMA Fatigue - Fatigue\Data\F01\FR3_static1.c3d _ImpedanceExport
	FP1
	COFP
	ORIGINAL
ITEM	Y
1	0.34941691
2	0.35057601
3	0.35380653
4	0.35183224
5	0.35154244
6	0.35482171
7	0.35451391
8	0.35416025
9	0.35529059
10	0.35333019
11	0.35552239
12	0.35450161
13	0.35075527
14	0.35541236
15	0.35476631
16	0.35495195
17	0.35433131
18	0.35262921
19	0.35301593
20	0.35469431
21	0.35143694
22	0.35512561
23	0.35498670
24	0.35456645
25	0.35547119
26	0.35419670
27	0.35292655
28	0.35429421
29	0.35447657
30	0.34925038
31	0.35571501
32	0.35594815
33	0.35606030
34	0.35453784
35	0.35300884
36	0.35436022
37	0.35581288
38	0.35132527
39	0.35583648
40	0.35607049
41	0.35448781
42	0.35602942
43	0.35260555
44	0.35259125
45	0.35412532
46	0.35168758
47	0.35458019
48	0.35545009
49	0.35562643
50	0.35443479
51	0.35419190
52	0.35231569
53	0.35519084
54	0.35418531
55	0.35333157
56	0.35503232
57	0.35494262
58	0.35410333
59	0.35540023
60	0.35378274
61	0.35350445
62	0.35466003
63	0.35113287
64	0.35684958
65	0.35686243
66	0.35517594
67	0.35584378
68	0.35347685
69	0.35230243
70	0.35498103
71	0.35191473
72	0.35493690
73	0.35547590
74	0.35481629
75	0.35547519
76	0.35427612
77	0.35192055
78	0.35375667
79	0.35372931
80	0.35311809
81	0.35503113
82	0.35420913
83	0.35593110
84	0.35635152
85	0.35326749
86	0.35475203
87	0.35588241
88	0.34985447
89	0.35609108
90	0.35573858
91	0.35615501
92	0.35605493
93	0.35467419
94	0.35399550
95	0.35581756
96	0.35245061
97	0.35577005
98	0.35637063
99	0.35486674
100	0.35565063
101	0.35521957
102	0.35297483
103	0.35549378
104	0.35389033
105	0.35296020
106	0.35610017
107	0.35579121
108	0.35510775
109	0.35539708
110	0.35325429
111	0.35456395
112	0.35476640
113	0.35165632
114	0.35570440
115	0.35490605
116	0.35497764
117	0.35640058
118	0.35346600
119	0.35423246
120	0.35507005
121	0.35164204
122	0.35638747
123	0.35569939
124	0.35535854
125	0.35646260
126	0.35434425
127	0.35346362
128	0.35541728
129	0.35415325
130	0.35450765
131	0.35653964
132	0.35668236
133	0.35654601
134	0.35559839
135	0.35395491
136	0.35895848
137	0.35722196
138	0.35368648
139	0.35833591
140	0.35730502
141	0.35714057
142	0.35725045
143	0.35521689
144	0.35551411
145	0.35660994
146	0.35302407
147	0.35683197
148	0.35783431
149	0.35574499
150	0.35633960
151	0.35514984
152	0.35344899
153	0.35732597
154	0.35463864
155	0.35386059
156	0.35421467
157	0.35537890
158	0.35606495
159	0.35545018
160	0.35346249
161	0.35467964
162	0.35561034
163	0.35111114
164	0.35744813
165	0.35555270
166	0.35611513
167	0.35555679
168	0.35436833
169	0.35472363
170	0.35610434
171	0.35212994
172	0.35697538
173	0.35656032
174	0.35486278
175	0.35461429
176	0.35529298
177	0.35446757
178	0.35606006
179	0.35505113
180	0.35472658
181	0.35619041
182	0.35713509
183	0.35764968
184	0.35702989
185	0.35595286
186	0.35746929
187	0.35759696
188	0.35384238
189	0.35791102
190	0.35837787
191	0.35701954
192	0.35759953
193	0.35737139
194	0.35379878
195	0.35746393
196	0.35440236
197	0.35843462
198	0.35754839
199	0.35831407
200	0.35771954
201	0.35693666
202	0.35547242
203	0.35647032
204	0.35672167
205	0.35403797
206	0.35791579
207	0.35714957
208	0.35690710
209	0.35660151
210	0.35513735
211	0.35573864
212	0.35714814
213	0.35177550
214	0.35777706
215	0.35685202
216	0.35693049
217	0.35716936
218	0.35584506
219	0.35596851
220	0.35868558
221	0.35476926
222	0.35761672
223	0.35952979
224	0.35739478
225	0.35794809
226	0.35722664
227	0.35535103
228	0.35735524
229	0.35654733
230	0.35643756
231	0.35837778
232	0.35755914
233	0.35943282
234	0.35804018
235	0.35537642
236	0.35675198
237	0.35857603
238	0.35402402
239	0.35920376
240	0.35870329
241	0.35988247
242	0.36028495
243	0.35702616
244	0.35701889
245	0.35867292
246	0.35450086
247	0.35936663
248	0.35918051
249	0.35854420
250	0.35866600
251	0.35755607
252	0.35626763
253	0.35872573
254	0.35730872
255	0.35745335
256	0.35930666
257	0.35825339
258	0.35971618
259	0.35973224
260	0.35572082
261	0.35691354
262	0.36034635
263	0.35473537
264	0.35931015
265	0.35929090
266	0.35884812
267	0.35924697
268	0.35750023
269	0.35740837
270	0.36033061
271	0.35521862
272	0.35969880
273	0.35965112
274	0.36015859
275	0.35931152
276	0.35712790
277	0.35644007
278	0.35822982
279	0.35744295
280	0.35600197
281	0.35932332
282	0.35857901
283	0.35850966
284	0.35907254
285	0.35614401
286	0.35873333
287	0.35846844
288	0.35478696
289	0.35899526
290	0.35948408
291	0.35878989
292	0.36050686
293	0.35760847
294	0.35731152
295	0.35955822
296	0.35667241
297	0.36083126
298	0.36030036
299	0.35959125
300	0.36781427
301	0.35925442
302	0.35673639
303	0.35925454
304	0.35834441
305	0.35762370
306	0.35908252
307	0.35857478
308	0.35998717
309	0.36032695
310	0.35829780
311	0.35929835
312	0.35912910
313	0.35509166
314	0.36118403
315	0.36054149
316	0.35851783
317	0.35964388
318	0.35747340
319	0.35857037
320	0.36031371
321	0.35488451
322	0.35989955
323	0.35949770
324	0.35842875
325	0.35923484
326	0.35861805
327	0.35607848
328	0.35740823
329	0.36073318
330	0.35812140
331	0.35951677
332	0.35818046
333	0.35911319
334	0.35930213
335	0.35674632
336	0.35839954
337	0.35967362
338	0.35681328
339	0.36018956
340	0.35932225
341	0.35976648
342	0.36094263
343	0.35819569
344	0.35862753
345	0.35991567
346	0.35668796
347	0.36005390
348	0.35983369
349	0.36015770
350	0.35988986
351	0.35986048
352	0.35776237
353	0.35905090
354	0.35776615
355	0.35815740
356	0.36009508
357	0.36038727
358	0.36210328
359	0.36048239
360	0.35734442
361	0.35949299
362	0.35981691
363	0.35556811
364	0.36000186
365	0.36028409
366	0.35941395
367	0.35894540
368	0.35952929
369	0.35938525
370	0.36069119
371	0.35597700
372	0.36009732
373	0.35997555
374	0.35937560
375	0.36059293
376	0.35896888
377	0.35256320
378	0.35954276
379	0.35815704
380	0.35870457
381	0.36049095
382	0.35918096
383	0.35987136
384	0.35886556
385	0.35677803
386	0.35822362
387	0.36036420
388	0.35567492
389	0.36023921
390	0.35980821
391	0.35923305
392	0.36112857
393	0.35781610
394	0.35799327
395	0.36179617
396	0.35687736
397	0.36227593
398	0.35995129
399	0.36018887
400	0.36027414
401	0.35916528
402	0.35841647
403	0.36096665
404	0.35835636
405	0.35773021
406	0.36016259
407	0.36063775
408	0.36058626
409	0.36004573
410	0.35749838
411	0.35878021
412	0.36007214
413	0.35677582
414	0.36102623
415	0.35998681
416	0.36038950
417	0.36005256
418	0.35824084
419	0.35880607
420	0.36102423
421	0.35567376
422	0.36176813
423	0.36048192
424	0.36059576
425	0.36102444
426	0.35838458
427	0.35744140
428	0.36022502
429	0.35825288
430	0.35950816
431	0.36019981
432	0.36000389
433	0.36056334
434	0.36052233
435	0.35239786
436	0.35932532
437	0.35934895
438	0.35669380
439	0.36088338
440	0.36048353
441	0.36067459
442	0.36098987
443	0.35811445
444	0.36109480
445	0.36074120
446	0.35759333
447	0.36099124
448	0.36077124
449	0.36141297
450	0.36020374
451	0.35979295
452	0.35720387
453	0.36052158
454	0.35795361
455	0.35905370
456	0.36096588
457	0.35982469
458	0.36018836
459	0.36049682
460	0.35657722
461	0.35923126
462	0.35959554
463	0.35673469
464	0.35553202
465	0.36024028
466	0.36072987
467	0.36028630
468	0.35867837
469	0.35940701
470	0.36062658
471	0.35617292
472	0.36227062
473	0.36270139
474	0.36183873
475	0.36103013
476	0.35950640
477	0.35824621
478	0.36073983
479	0.35917622
480	0.35995355
481	0.36145791
482	0.35991919
483	0.36094764
484	0.36108968
485	0.35771647
486	0.36049739
487	0.36063313
488	0.35664585
489	0.36142120
490	0.36167562
491	0.36093205
492	0.36072141
493	0.35637614
494	0.35887489
495	0.36069945
496	0.35663939
497	0.36161539
498	0.36070892
499	0.35984620
500	0.36036494
501	0.36099550
502	0.35810643
503	0.36199892
504	0.35801107
505	0.35986573
506	0.35997429
507	0.36053205
508	0.36041823
509	0.36086413
510	0.35803017
511	0.36092722
512	0.36178595
513	0.35637772
514	0.36102650
515	0.36183503
516	0.36114126
517	0.36080602
518	0.35940742
519	0.35982156
520	0.36170834
521	0.35675681
522	0.36047846
523	0.36122310
524	0.36052519
525	0.36146501
526	0.35963008
527	0.35834879
528	0.36129624
529	0.35906586
530	0.36074194
531	0.36165699
532	0.36004153
533	0.36180559
534	0.36073118
535	0.35723370
536	0.36014804
537	0.35990271
538	0.35640821
539	0.36212665
540	0.36039078
541	0.36055714
542	0.36169875
543	0.35876572
544	0.35968766
545	0.36019793
546	0.35739154
547	0.36177495
548	0.36124805
549	0.36042047
550	0.36123997
551	0.35887390
552	0.35847524
553	0.36035541
554	0.35817999
555	0.35976270
556	0.36104915
557	0.36050591
558	0.36146763
559	0.36010823
560	0.35754558
561	0.35946184
562	0.36060765
563	0.35621667
564	0.36075610
565	0.36097735
566	0.36110592
567	0.36086690
568	0.35858110
569	0.35863498
570	0.36224693
571	0.35643795
572	0.36158469
573	0.36029994
574	0.36051786
575	0.36186072
576	0.36064658
577	0.35846674
578	0.36074752
579	0.35930267
580	0.36214471
581	0.36121708
582	0.36121717
583	0.36146402
584	0.36139071
585	0.35827437
586	0.36050242
587	0.36107606
588	0.35851112
589	0.36148858
590	0.36070251
591	0.36136872
592	0.36264735
593	0.35932145
594	0.35944170
595	0.36122531
596	0.35754189
597	0.36150995
598	0.36170965
599	0.36288694
600	0.36164939
601	0.35987306
602	0.35839289
603	0.36130655
604	0.35908708
605	0.36003175
606	0.36086586
607	0.36071792
608	0.35965103
609	0.36007959
610	0.35872197
611	0.36007327
612	0.36189014
613	0.35737306
614	0.36184573
615	0.36172304
616	0.36244881
617	0.36019117
618	0.36016932
619	0.36059999
620	0.36092490
621	0.35674849
622	0.36305073
623	0.36230385
624	0.36140659
625	0.36231089
626	0.36026642
627	0.36122316
628	0.36427516
629	0.35926116
630	0.36095935
631	0.36162388
632	0.36073628
633	0.36145085
634	0.36102682
635	0.35823852
636	0.36150235
637	0.36063862
638	0.35707110
639	0.36237195
640	0.36112288
641	0.36196545
642	0.36104590
643	0.36012518
644	0.36017114
645	0.36216438
646	0.35717496
647	0.36230031
648	0.36224326
649	0.36102015
650	0.36104348
651	0.36019781
652	0.36003929
653	0.36101836
654	0.35928482
655	0.36097038
656	0.36302111
657	0.36025801
658	0.36212301
659	0.36129722
660	0.35799626
661	0.36096320
662	0.36102688
663	0.35807273
664	0.36274731
665	0.36304331
666	0.36226889
667	0.36294651
668	0.35967645
669	0.36130315
670	0.36208540
671	0.35706991
672	0.36320439
673	0.36183721
674	0.36167833
675	0.36264035
676	0.36041421
677	0.36010012
678	0.36176559
679	0.35908183
680	0.36180964
681	0.36205605
682	0.36149171
683	0.36186051
684	0.36127135
685	0.35791039
686	0.36216548
687	0.36058900
688	0.35801551
689	0.36269778
690	0.36167023
691	0.36125264
692	0.36237565
693	0.35937801
694	0.36129239
695	0.36085224
696	0.35755181
697	0.36273661
698	0.36169210
699	0.36036432
700	0.36120963
701	0.36057431
702	0.35885000
703	0.36101809
704	0.35852727
705	0.36287096
706	0.36126444
707	0.36061567
708	0.36061463
709	0.36156055
710	0.35828525
711	0.36027604
712	0.36109421
713	0.35811794
714	0.36180314
715	0.36132133
716	0.36155877
717	0.36218929
718	0.35968822
719	0.36079323
720	0.36247092
721	0.35727283
722	0.36247680
723	0.36112639
724	0.36095124
725	0.36236876
726	0.36002448
727	0.35844266
728	0.36052838
729	0.35852975
730	0.36159378
731	0.36228737
732	0.36031511
733	0.36546257
734	0.36042339
735	0.35959825
736	0.36110348
737	0.36133793
738	0.35895026
739	0.36206728
740	0.36236662
741	0.36250049
742	0.36233577
743	0.35856625
744	0.36174315
745	0.36160073
746	0.35559547
747	0.36289084
748	0.36150378
749	0.36118859
750	0.36152059
751	0.36030266
752	0.35934421
753	0.36268038
754	0.35875046
755	0.36180770
756	0.36186478
757	0.36078537
758	0.36118865
759	0.36060143
760	0.35893080
761	0.36065030
762	0.35965431
763	0.36179909
764	0.36196631
765	0.36090770
766	0.36102566
767	0.36094141
768	0.35845876
769	0.36037222
770	0.36226234
771	0.35721111
772	0.36319220
773	0.36216682
774	0.36214313
775	0.36256689
776	0.36016101
777	0.36011600
778	0.36221138
779	0.35941216
780	0.36223742
781	0.36287931
782	0.36195946
783	0.36192816
784	0.36143827
785	0.35941797
786	0.36148107
787	0.36133301
788	0.35833389
789	0.36255670
790	0.36206433
791	0.36034814
792	0.36603433
793	0.35882518
794	0.36023253
795	0.36173779
796	0.35662693
797	0.36183265
798	0.36224225
799	0.36152712
800	0.36049232
801	0.36067036
802	0.35903913
803	0.36304638
804	0.35860050
805	0.36255455
806	0.36294210
807	0.36180696
808	0.36250290
809	0.36144629
810	0.35982704
811	0.36111197
812	0.36091122
813	0.35953525
814	0.36222553
815	0.36083347
816	0.36224487
817	0.36213070
818	0.35990819
819	0.36120379
820	0.36326823
821	0.35928205
822	0.36239046
823	0.36296383
824	0.36198574
825	0.36277837
826	0.36053276
827	0.35999075
828	0.36190075
829	0.35915229
830	0.36221129
831	0.36208618
832	0.36132076
833	0.36219430
834	0.36104360
835	0.35942340
836	0.36149552
837	0.36132550
838	0.35846677
839	0.36099675
840	0.35994604
841	0.36289740
842	0.36246616
843	0.35990959
844	0.36009535
845	0.36162671
846	0.35794404
847	0.36307746
848	0.36224437
849	0.36148441
850	0.36078718
851	0.35992590
852	0.35937127
853	0.36297399
854	0.35928527
855	0.36235383
856	0.36281171
857	0.36190391
858	0.36257964
859	0.36224288
860	0.35948554
861	0.36112776
862	0.36087048
863	0.35917395
864	0.36300182
865	0.36284322
866	0.36278975
867	0.36194941
868	0.35855058
869	0.36006573
870	0.36292484
871	0.35765097
872	0.36244994
873	0.36331722
874	0.36133677
875	0.36171934
876	0.35998613
877	0.36027619
878	0.36072806
879	0.35717684
880	0.36237177
881	0.36210173
882	0.36149436
883	0.36126426
884	0.36198384
885	0.35978296
886	0.36320612
887	0.36201435
888	0.35968551
889	0.36314988
890	0.36297485
891	0.36275434
892	0.36342415
893	0.36033002
894	0.36088797
895	0.36196122
896	0.35804895
897	0.36169618
898	0.35721740
899	0.36280683
900	0.36196458
901	0.36099958
902	0.36061510
903	0.36333758
904	0.35858580
905	0.36238056
906	0.36307830
907	0.36283857
908	0.36097398
909	0.36103535
910	0.36027917
911	0.36201137
912	0.36149067
913	0.35917333
914	0.36157483
915	0.36219093
916	0.36113879
917	0.36186638
918	0.35866758
919	0.36164299
920	0.36189091
921	0.35752913
922	0.36277372
923	0.36385423
924	0.36186764
925	0.36308822
926	0.36204964
927	0.35412905
928	0.36125860
929	0.35977533
930	0.36286488
931	0.36297569
932	0.36160260
933	0.36188304
934	0.36181501
935	0.36077824
936	0.36531192
937	0.36226296
938	0.36039621
939	0.36199206
940	0.36235830
941	0.36251813
942	0.36308309
943	0.35937643
944	0.36130750
945	0.36269552
946	0.35874626
947	0.36331972
948	0.36251667
949	0.36183748
950	0.36252344
951	0.36097839
952	0.36074787
953	0.36238065
954	0.35925338
955	0.36300999
956	0.35844320
957	0.36250868
958	0.36302495
959	0.36146066
960	0.35952502
961	0.36149219
962	0.36108637
963	0.35961625
964	0.36332661
965	0.36198065
966	0.36438552
967	0.36317191
968	0.36056438
969	0.36218289
970	0.36277065
971	0.35806835
972	0.36257514
973	0.36297053
974	0.36164686
975	0.36620262
976	0.35956892
977	0.36093214
978	0.36247855
979	0.35880941
980	0.36336148
981	0.36250529
982	0.36206868
983	0.36251435
984	0.36104441
985	0.35962611
986	0.36200869
987	0.36060944
988	0.35922256
989	0.36216432
990	0.36191514
991	0.36200640
992	0.36391386
993	0.36051363
994	0.36064216
995	0.36281785
996	0.35812432
997	0.36283487
998	0.36326814
999	0.36163849
1000	0.36366948
1001	0.36170238
1002	0.36130446
1003	0.36425355
1004	0.35992247
1005	0.36295259
1006	0.36446786
1007	0.36287567
1008	0.36394790
1009	0.36196110
1010	0.36044729
1011	0.36272281
1012	0.36273241
1013	0.36000967
1014	0.36086273
1015	0.36323488
1016	0.36412242
1017	0.36300084
1018	0.36104569
1019	0.36257538
1020	0.36390010
1021	0.35920706
1022	0.36319599
1023	0.36377051
1024	0.36211720
1025	0.36327413
1026	0.36109710
1027	0.36103955
1028	0.36334905
1029	0.35923165
1030	0.36373484
1031	0.36291078
1032	0.36042488
1033	0.36209682
1034	0.36156133
1035	0.35989597
1036	0.36195725
1037	0.36062196
1038	0.35988742
1039	0.36209786
1040	0.36147618
1041	0.36207268
1042	0.36316612
1043	0.36152291
1044	0.36116990
1045	0.36381322
1046	0.35835657
1047	0.36412543
1048	0.36359560
1049	0.36312699
1050	0.36346883
1051	0.36250660
1052	0.36218768
1053	0.36415210
1054	0.35945791
1055	0.36473423
1056	0.36488461
1057	0.36367691
1058	0.36485395
1059	0.36319041
1060	0.36135298
1061	0.36301810
1062	0.36482900
1063	0.36288500
1064	0.36455294
1065	0.36411259
1066	0.36409089
1067	0.36364067
1068	0.36115319
1069	0.36256653
1070	0.36388186
1071	0.35829681
1072	0.36334133
1073	0.36323029
1074	0.36257246
1075	0.36356279
1076	0.36187243
1077	0.36190557
1078	0.36289603
1079	0.35977700
1080	0.36396360
1081	0.36343527
1082	0.36470002
1083	0.36279851
1084	0.36272091
1085	0.36043054
1086	0.36369276
1087	0.36178830
1088	0.36180857
1089	0.36338413
1090	0.36409995
1091	0.36050802
1092	0.36506838
1093	0.36134204
1094	0.36297745
1095	0.36404467
1096	0.35897279
1097	0.36450267
1098	0.36411446
1099	0.36363813
1100	0.36261928
1101	0.36226600
1102	0.36218840
1103	0.36493808
1104	0.36066684
1105	0.36495066
1106	0.36483020
1107	0.36430395
1108	0.36502311
1109	0.36311707
1110	0.36190820
1111	0.36354160
1112	0.36252311
1113	0.36291444
1114	0.36471012
1115	0.36438221
1116	0.36485520
1117	0.36558196
1118	0.36256725
1119	0.36539549
1120	0.36473164
1121	0.36128828
1122	0.36532333
1123	0.36465824
1124	0.36436874
1125	0.36571866
1126	0.36221284
1127	0.36245021
1128	0.36442903
1129	0.36077520
1130	0.36629066
1131	0.36474568
1132	0.36448985
1133	0.36459288
1134	0.36404875
1135	0.36235774
1136	0.36497733
1137	0.36182323
1138	0.36100924
1139	0.36283430
1140	0.36390039
1141	0.36428425
1142	0.36362454
1143	0.36128318
1144	0.36323225
1145	0.36337227
1146	0.35965040
1147	0.36398020
1148	0.36346313
1149	0.36365637
1150	0.36316827
1151	0.36286557
1152	0.36204877
1153	0.36405331
1154	0.35929084
1155	0.36464033
1156	0.36417162
1157	0.36443040
1158	0.36502880
1159	0.36484963
1160	0.36206239
1161	0.36426267
1162	0.36338168
1163	0.36370096
1164	0.36638969
1165	0.36444551
1166	0.36628187
1167	0.36631569
1168	0.36349064
1169	0.36502543
1170	0.36641580
1171	0.36152273
1172	0.36593089
1173	0.36555460
1174	0.36562634
1175	0.36640379
1176	0.36391911
1177	0.36356038
1178	0.36581084
1179	0.36231124
1180	0.36534062
1181	0.36470690
1182	0.36393201
1183	0.36461952
1184	0.36328322
1185	0.36189082
1186	0.36345524
1187	0.36234766
1188	0.36323515
1189	0.36426336
1190	0.36395684
1191	0.36367595
1192	0.36359158
1193	0.36121607
1194	0.36216903
1195	0.36399162
1196	0.36081716
1197	0.36433384
1198	0.36339599
1199	0.36492062
1200	0.36445603
1201	0.36319652
1202	0.36319229
1203	0.36579868
1204	0.36060348
1205	0.36526161
1206	0.36437348
1207	0.36557570
1208	0.36567217
1209	0.36364409
1210	0.36241561
1211	0.36404029
1212	0.36415136
1213	0.36366245
1214	0.36564240
1215	0.36463049
1216	0.36629823
1217	0.36518219
1218	0.36376974
1219	0.36630270
1220	0.36632103
1221	0.36134884
1222	0.36614788
1223	0.36594433
1224	0.36535850
1225	0.36720973
1226	0.36833271
1227	0.36369708
1228	0.36546457
1229	0.36081323
1230	0.36481959
1231	0.36512676
1232	0.36511651
1233	0.36454684
1234	0.36380163
1235	0.36240512
1236	0.36531830
1237	0.36181983
1238	0.36293405
1239	0.36493084
1240	0.36438319
1241	0.36549231
1242	0.36520860
1243	0.36221808
1244	0.36494780
1245	0.36532235
1246	0.36076224
1247	0.36608940
1248	0.36479160
1249	0.36518139
1250	0.36596698
1251	0.36397713
1252	0.36391056
1253	0.36665490
1254	0.36004958
1255	0.36884171
1256	0.36680055
1257	0.36562738
1258	0.36570442
1259	0.36460933
1260	0.36119047
1261	0.36474943
1262	0.36403149
1263	0.36391878
1264	0.36623806
1265	0.36410570
1266	0.36516297
1267	0.36457384
1268	0.36217874
1269	0.36512589
1270	0.36422518
1271	0.36123088
1272	0.36652392
1273	0.36571136
1274	0.36596271
1275	0.36632776
1276	0.36392835
1277	0.36565012
1278	0.36592302
1279	0.36170462
1280	0.36808905
1281	0.36698946
1282	0.36499879
1283	0.36642361
1284	0.36527961
1285	0.36370507
1286	0.36536321
1287	0.36391062
1288	0.36488473
1289	0.36678380
1290	0.36558357
1291	0.36659157
1292	0.36572337
1293	0.36268017
1294	0.36454228
1295	0.36558062
1296	0.36189488
1297	0.36692834
1298	0.36653614
1299	0.36603013
1300	0.36634645
1301	0.36428526
1302	0.36401507
1303	0.36253375
1304	0.36231336
1305	0.36648315
1306	0.36684310
1307	0.36571404
1308	0.36618173
1309	0.36380652
1310	0.36341107
1311	0.36461315
1312	0.36345917
1313	0.36287802
1314	0.36582282
1315	0.36460415
1316	0.36521378
1317	0.36427999
1318	0.36308342
1319	0.36430800
1320	0.36571574
1321	0.36344230
1322	0.36625803
1323	0.36832625
1324	0.36603525
1325	0.36832994
1326	0.36478302
1327	0.36642134
1328	0.36664563
1329	0.36286587
1330	0.36784416
1331	0.36676785
1332	0.36586925
1333	0.36785448
1334	0.36637193
1335	0.36485368
1336	0.36697263
1337	0.36464062
1338	0.36602071
1339	0.36767673
1340	0.36675867
1341	0.36647066
1342	0.36618066
1343	0.36344606
1344	0.36535537
1345	0.36575410
1346	0.36160067
1347	0.36562118
1348	0.36653975
1349	0.36677274
1350	0.36679596
1351	0.36400184
1352	0.36578068
1353	0.36707893
1354	0.36165881
1355	0.36673903
1356	0.36651295
1357	0.36613920
1358	0.36695102
1359	0.36539042
1360	0.36433670
1361	0.36034319
1362	0.36457148
1363	0.36600214
1364	0.36780113
1365	0.36543906
1366	0.36688724
1367	0.36730894
1368	0.36370718
1369	0.36648667
1370	0.36617002
1371	0.36196730
1372	0.36785263
1373	0.36742020
1374	0.36775318
1375	0.36719775
1376	0.36539042
1377	0.36480460
1378	0.36645439
1379	0.36390522
1380	0.36740226
1381	0.36728540
1382	0.36760619
1383	0.36750281
1384	0.36629066
1385	0.36532027
1386	0.36701649
1387	0.36511764
1388	0.36663213
1389	0.36830223
1390	0.36309928
1391	0.36667478
1392	0.36589295
1393	0.36341920
1394	0.36582661
1395	0.36534101
1396	0.36300841
1397	0.36662260
1398	0.36717495
1399	0.36830747
1400	0.36691910
1401	0.36464819
1402	0.36614823
1403	0.36719236
1404	0.36213920
1405	0.36667660
1406	0.36728394
1407	0.36714178
1408	0.36655292
1409	0.36637750
1410	0.36550918
1411	0.36648691
1412	0.36406302
1413	0.36715832
1414	0.36731216
1415	0.36700621
1416	0.36721912
1417	0.36645079
1418	0.36382544
1419	0.36601079
1420	0.36703590
1421	0.36328503
1422	0.36751002
1423	0.36727765
1424	0.36707518
1425	0.36869860
1426	0.36493194
1427	0.36595976
1428	0.36691523
1429	0.36422354
1430	0.36778519
1431	0.36679456
1432	0.36733148
1433	0.36698741
1434	0.36627677
1435	0.36490905
1436	0.36752626
1437	0.36476663
1438	0.37057310
1439	0.36809286
1440	0.36724344
1441	0.36725163
1442	0.36732802
1443	0.36505178
1444	0.36658591
1445	0.36540839
1446	0.36425471
1447	0.36719653
1448	0.36878452
1449	0.36695585
1450	0.36659074
1451	0.36533806
1452	0.36577439
1453	0.36804861
1454	0.36344689
1455	0.36844441
1456	0.36748084
1457	0.36747411
1458	0.36733493
1459	0.36685222
1460	0.36509719
1461	0.36723959
1462	0.36490494
1463	0.36702049
1464	0.36826867
1465	0.36658317
1466	0.36793011
1467	0.37024760
1468	0.36496210
1469	0.36766851
1470	0.36748117
1471	0.36288387
1472	0.36778039
1473	0.36684453
1474	0.36757818
1475	0.36856252
1476	0.36582464
1477	0.36317831
1478	0.36767259
1479	0.36271903
1480	0.36908919
1481	0.36810160
1482	0.36743751
1483	0.36743951
1484	0.36714724
1485	0.36552033
1486	0.36778250
1487	0.36428440
1488	0.36726555
1489	0.36784610
1490	0.36743200
1491	0.36750954
1492	0.36742446
1493	0.36460963
1494	0.36717045
1495	0.36807212
1496	0.36888570
1497	0.36884102
1498	0.36727461
1499	0.36807218
1500	0.36674049
1501	0.36586785
1502	0.36689088
1503	0.36898077
1504	0.36349598
1505	0.36999321
1506	0.37002355
1507	0.36741179
1508	0.36900651
1509	0.36589330
1510	0.36486316
1511	0.36770749
1512	0.36492744
1513	0.36725709
1514	0.36802879
1515	0.36737955
1516	0.36930981
1517	0.36720315
1518	0.36540538
1519	0.36804625
1520	0.36794943
1521	0.36454421
1522	0.36834008
1523	0.36800614
1524	0.36728251
1525	0.37257662
1526	0.36644897
1527	0.36730275
1528	0.36807588
1529	0.36369103
1530	0.36911574
1531	0.36937624
1532	0.36796468
1533	0.36819291
1534	0.36640257
1535	0.36662936
1536	0.36848864
1537	0.36442521
1538	0.36806545
1539	0.36854413
1540	0.36794227
1541	0.36864018
1542	0.36818227
1543	0.36669514
1544	0.36857718
1545	0.36826366
1546	0.36575490
1547	0.37012526
1548	0.36873668
1549	0.36907858
1550	0.36838716
1551	0.36773750
1552	0.36631343
1553	0.36917445
1554	0.36956051
1555	0.36894304
1556	0.36838612
1557	0.36759344
1558	0.36848995
1559	0.36717543
1560	0.36530161
1561	0.36753154
1562	0.36557040
1563	0.36600682
1564	0.36797369
1565	0.36739725
1566	0.36721948
1567	0.36717656
1568	0.36481327
1569	0.36763978
1570	0.36680290
1571	0.36516389
1572	0.36756605
1573	0.36791047
1574	0.36804771
1575	0.36900339
1576	0.36490542
1577	0.36740419
1578	0.36804801
1579	0.36481127
1580	0.36883032
1581	0.36850509
1582	0.36899966
1583	0.36664382
1584	0.36818698
1585	0.36681139
1586	0.36988971
1587	0.36499578
1588	0.36859003
1589	0.36939079
1590	0.36807409
1591	0.36768129
1592	0.36789644
1593	0.36620054
1594	0.36884442
1595	0.36776912
1596	0.36478984
1597	0.36879170
1598	0.36758706
1599	0.36802119
1600	0.36856973
1601	0.36525464
1602	0.36424333
1603	0.36867937
1604	0.36410823
1605	0.36904475
1606	0.36894032
1607	0.36969382
1608	0.36974970
1609	0.36763132
1610	0.36640939
1611	0.36858755
1612	0.36520487
1613	0.36846372
1614	0.36865440
1615	0.36820486
1616	0.36859792
1617	0.36735117
1618	0.36510569
1619	0.36788854
1620	0.36714354
1621	0.36640397
1622	0.36869538
1623	0.36836755
1624	0.36783621
1625	0.36826938
1626	0.36573002
1627	0.36662897
1628	0.36825097
1629	0.36453530
1630	0.36752775
1631	0.36973643
1632	0.36896294
1633	0.36849868
1634	0.36787856
1635	0.36704189
1636	0.36860353
1637	0.36556962
1638	0.36879486
1639	0.36861274
1640	0.36778826
1641	0.37129030
1642	0.36796126
1643	0.36446273
1644	0.36742699
1645	0.36703026
1646	0.36477864
1647	0.36845243
1648	0.36870041
1649	0.36814323
1650	0.36719880
1651	0.36692396
1652	0.36744085
1653	0.36854059
1654	0.36432120
1655	0.36946273
1656	0.36914048
1657	0.36962140
1658	0.36964989
1659	0.36706245
1660	0.36657250
1661	0.36770529
1662	0.36530879
1663	0.36905470
1664	0.36976108
1665	0.36852813
1666	0.36943060
1667	0.36775148
1668	0.36670974
1669	0.36873665
1670	0.36672220
1671	0.36626694
1672	0.36869544
1673	0.36744249
1674	0.36793032
1675	0.36910847
1676	0.36546579
1677	0.36745000
1678	0.36725044
1679	0.36474496
1680	0.36846390
1681	0.36820275
1682	0.36772007
1683	0.36881891
1684	0.36703554
1685	0.36758503
1686	0.36892503
1687	0.36535251
1688	0.36884916
1689	0.36593613
1690	0.36791393
1691	0.36835125
1692	0.36773017
1693	0.36489856
1694	0.36809385
1695	0.36796728
1696	0.36556873
1697	0.36914048
1698	0.36915022
1699	0.36796111
1700	0.36850134
1701	0.36690313
1702	0.36819604
1703	0.37000424
1704	0.36489034
1705	0.36943343
1706	0.36929819
1707	0.36909384
1708	0.37018996
1709	0.36640677
1710	0.36665800
1711	0.36822090
1712	0.36612740
1713	0.36927971
1714	0.36841333
1715	0.36718887
1716	0.36902425
1717	0.36698002
1718	0.36709759
1719	0.36866704
1720	0.36758152
1721	0.36567906
1722	0.36909604
1723	0.36785844
1724	0.36930278
1725	0.36885688
1726	0.36827177
1727	0.36761272
1728	0.36827770
1729	0.36443985
1730	0.36808339
1731	0.36830652
1732	0.36836365
1733	0.36886260
1734	0.36704096
1735	0.36691728
1736	0.36907914
1737	0.36548418
1738	0.36964801
1739	0.36854759
1740	0.36931238
1741	0.36977091
1742	0.36817583
1743	0.36689904
1744	0.36884147
1745	0.36805117
1746	0.36722845
1747	0.36677369
1748	0.36824116
1749	0.36992046
1750	0.36902481
1751	0.36781788
1752	0.36865014
1753	0.36925504
1754	0.36482072
1755	0.37047568
1756	0.36986437
1757	0.36859134
1758	0.37047246
1759	0.36767414
1760	0.36601153
1761	0.36798269
1762	0.36566210
1763	0.36874282
1764	0.36919188
1765	0.36932334
1766	0.36728397
1767	0.36908752
1768	0.36682442
1769	0.36950493
1770	0.36762011
1771	0.36706871
1772	0.36949036
1773	0.36854830
1774	0.36916527
1775	0.36955023
1776	0.36392489
1777	0.36806068
1778	0.36879238
1779	0.36485347
1780	0.36902916
1781	0.36866942
1782	0.36793473
1783	0.36810553
1784	0.36754230
1785	0.36706397
1786	0.36945605
1787	0.36516505
1788	0.36918613
1789	0.37034339
1790	0.36939180
1791	0.36932915
1792	0.36820492
1793	0.36589381
1794	0.37154618
1795	0.36837524
1796	0.36697513
1797	0.37031880
1798	0.36834300
1799	0.36965477
1800	0.36965111
1801	0.36822182
1802	0.36947462
1803	0.37028402
1804	0.36468044
1805	0.37142068
1806	0.36989981
1807	0.36918020
1808	0.37102839
1809	0.36814156
1810	0.36762434
1811	0.37021977
1812	0.36635831
1813	0.37045297
1814	0.37059879
1815	0.37012714
1816	0.37005612
1817	0.36870015
1818	0.36681956
1819	0.36805427
1820	0.36917460
1821	0.36708361
1822	0.37012443
1823	0.36989373
1824	0.37260669
1825	0.36914906
1826	0.36710247
1827	0.36799601
1828	0.36887929
1829	0.36534286
1830	0.36937547
1831	0.36849540
1832	0.36852795
1833	0.36942503
1834	0.36779064
1835	0.36816257
1836	0.36988783
1837	0.36534587
1838	0.36935529
1839	0.36980164
1840	0.36938095
1841	0.36954957
1842	0.36890626
1843	0.36744422
1844	0.36873475
1845	0.36815339
1846	0.36761317
1847	0.37047780
1848	0.36853704
1849	0.36936045
1850	0.36985013
1851	0.36844987
1852	0.36984485
1853	0.37183669
1854	0.36516812
1855	0.37098449
1856	0.37030125
1857	0.37043089
1858	0.37180090
1859	0.36984560
1860	0.36884043
1861	0.36901313
1862	0.36735022
1863	0.36872968
1864	0.36972269
1865	0.36940947
1866	0.36965185
1867	0.36860862
1868	0.36733389
1869	0.36955950
1870	0.36856499
1871	0.36741409
1872	0.36966926
1873	0.36805362
1874	0.36991566
1875	0.36941835
1876	0.36715463
1877	0.36849147
1878	0.36860359
1879	0.36457959
1880	0.37022275
1881	0.37046403
1882	0.37103155
1883	0.36970848
1884	0.36809891
1885	0.36856040
1886	0.36982083
1887	0.36592561
1888	0.37000164
1889	0.36920825
1890	0.36839625
1891	0.36990923
1892	0.36927390
1893	0.36731020
1894	0.36930633
1895	0.36877799
1896	0.36873356
1897	0.37102959
1898	0.37064806
1899	0.36910984
1900	0.36952171
1901	0.36786735
1902	0.37003344
1903	0.37042320
1904	0.36604169
1905	0.37004027
1906	0.37019980
1907	0.37006721
1908	0.36989245
1909	0.36786243
1910	0.36654019
1911	0.37128678
1912	0.36695549
1913	0.37032005
1914	0.37080479
1915	0.36912826
1916	0.36974564
1917	0.36824781
1918	0.36823857
1919	0.37000069
1920	0.36805651
1921	0.36842108
1922	0.36990187
1923	0.36876839
1924	0.36923754
1925	0.36951837
1926	0.36772954
1927	0.36927912
1928	0.36958951
1929	0.36309105
1930	0.37189138
1931	0.36995524
1932	0.36961392
1933	0.36928552
1934	0.36732781
1935	0.36806270
1936	0.36992168
1937	0.36570776
1938	0.37026337
1939	0.36965680
1940	0.36946416
1941	0.37067842
1942	0.36958417
1943	0.36747080
1944	0.36872670
1945	0.36732778
1946	0.36773422
1947	0.36946708
1948	0.36971164
1949	0.36872041
1950	0.36796579
1951	0.36633113
1952	0.36911133
1953	0.37023237
1954	0.36498290
1955	0.36937055
1956	0.36934572
1957	0.36942956
1958	0.37147632
1959	0.36389524
1960	0.36835954
1961	0.36951706
1962	0.36488053
1963	0.37038958
1964	0.37064499
1965	0.37003946
1966	0.36916304
1967	0.36838886
1968	0.36863095
1969	0.36853078
1970	0.36792675
1971	0.36780494
1972	0.36956656
1973	0.36990988
1974	0.37034625
1975	0.36953241
1976	0.36792174
1977	0.36812085
1978	0.37007806
1979	0.36499193
1980	0.36918715
1981	0.36870730
1982	0.36944383
1983	0.36884788
1984	0.36767116
1985	0.36728790
1986	0.36834291
1987	0.36564538
1988	0.36551738
1989	0.36927199
1990	0.36854604
1991	0.36949912
1992	0.36777776
1993	0.36643359
1994	0.36894369
1995	0.36638683
1996	0.36896625
1997	0.37008730
1998	0.36791825
1999	0.36867687
2000	0.36841375
2001	0.36579159
2002	0.36877748
2003	0.36940807
2004	0.36431059
2005	0.36925057
2006	0.36933312
2007	0.36952123
2008	0.37048072
2009	0.36688420
2010	0.36764649
2011	0.36902213
2012	0.36465296
2013	0.37061775
2014	0.36981949
2015	0.36853665
2016	0.36738124
2017	0.36633185
2018	0.36784059
2019	0.36943629
2020	0.36649597
2021	0.36852449
2022	0.36971596
2023	0.36941144
2024	0.36929530
2025	0.36978474
2026	0.36601138
2027	0.36923969
2028	0.36799529
2029	0.36547127
2030	0.36920151
2031	0.36874431
2032	0.36907220
2033	0.36778995
2034	0.36677638
2035	0.36817768
2036	0.37005216
2037	0.36529383
2038	0.36851749
2039	0.36879003
2040	0.36785141
2041	0.36819175
2042	0.36692765
2043	0.36644685
2044	0.36785483
2045	0.36585951
2046	0.36595371
2047	0.36835647
2048	0.36815119
2049	0.36839893
2050	0.36746019
2051	0.36497328
2052	0.36622250
2053	0.36756778
2054	0.36570165
2055	0.36872759
2056	0.36800298
2057	0.36824960
2058	0.36969227
2059	0.36695480
2060	0.36768347
2061	0.36768314
2062	0.36575589
2063	0.36982051
2064	0.36948422
2065	0.36808753
2066	0.36833656
2067	0.36727446
2068	0.36752528
2069	0.36846745
2070	0.36609137
2071	0.36666980
2072	0.36813211
2073	0.36784074
2074	0.36742720
2075	0.36701795
2076	0.36522007
2077	0.36688930
2078	0.36758038
2079	0.36362433
2080	0.36717212
2081	0.36719388
2082	0.36721870
2083	0.36672142
2084	0.36510339
2085	0.36467111
2086	0.36804149
2087	0.36367461
2088	0.36717716
2089	0.36718437
2090	0.36636195
2091	0.36763105
2092	0.36514482
2093	0.36434716
2094	0.36566326
2095	0.36456671
2096	0.36610106
2097	0.36824366
2098	0.36800501
2099	0.36870632
2100	0.36730495
2101	0.36559469
2102	0.36765683
2103	0.36785668
2104	0.36373591
2105	0.36851457
2106	0.36729187
2107	0.36731800
2108	0.36852458
2109	0.36533621
2110	0.36613250
2111	0.36759692
2112	0.36215478
2113	0.36776680
2114	0.36719647
2115	0.36650157
2116	0.36682200
2117	0.36572012
2118	0.36429819
2119	0.36685458
2120	0.36385804
2121	0.36598262
2122	0.36616960
2123	0.36885616
2124	0.36693385
2125	0.36623994
2126	0.36349836
2127	0.36549759
2128	0.36618575
2129	0.36252016
2130	0.36683130
2131	0.36766014
2132	0.36651927
2133	0.36520776
2134	0.36570612
2135	0.36591035
2136	0.36753890
2137	0.36299697
2138	0.36824456
2139	0.36720014
2140	0.36649224
2141	0.36809170
2142	0.36619881
2143	0.36478695
2144	0.36670911
2145	0.36507884
2146	0.36577764
2147	0.36717916
2148	0.36584482
2149	0.36736256
2150	0.36617741
2151	0.36550990
2152	0.36361101
2153	0.36703202
2154	0.36271060
2155	0.36731514
2156	0.36682782
2157	0.36662441
2158	0.36691260
2159	0.36418977
2160	0.36449632
2161	0.36514720
2162	0.36214858
2163	0.36695233
2164	0.36702174
2165	0.36578307
2166	0.36642066
2167	0.36528653
2168	0.36372814
2169	0.36636153
2170	0.36356342
2171	0.36483133
2172	0.36614454
2173	0.36696222
2174	0.36689341
2175	0.36598769
2176	0.36305931
2177	0.36557609
2178	0.36619127
2179	0.36316583
2180	0.36854377
2181	0.36556885
2182	0.36621282
2183	0.36686888
2184	0.36588493
2185	0.36548141
2186	0.36779678
2187	0.36330804
2188	0.36756420
2189	0.36643425
2190	0.36612293
2191	0.36849603
2192	0.36574739
2193	0.36380962
2194	0.36677662
2195	0.36371502
2196	0.36636400
2197	0.36657512
2198	0.36624858
2199	0.36627144
2200	0.36425889
2201	0.36312315
2202	0.36546585
2203	0.36530346
2204	0.36337811
2205	0.36618179
2206	0.36660245
2207	0.36626902
2208	0.36719459
2209	0.36433831
2210	0.36820194
2211	0.36661261
2212	0.36205712
2213	0.36693889
2214	0.36703867
2215	0.36559001
2216	0.36658984
2217	0.36620396
2218	0.36575308
2219	0.36675966
2220	0.36538142
2221	0.36620781
2222	0.36717975
2223	0.36610597
2224	0.36596578
2225	0.36685646
2226	0.36435169
2227	0.36580110
2228	0.36356172
2229	0.36115912
2230	0.36744788
2231	0.36638546
2232	0.36617097
2233	0.36731067
2234	0.36551702
2235	0.36654308
2236	0.36818102
2237	0.36354816
2238	0.36737913
2239	0.36795849
2240	0.36660609
2241	0.36757922
2242	0.36606994
2243	0.36425862
2244	0.36648178
2245	0.36516631
2246	0.36697778
2247	0.36616927
2248	0.36581916
2249	0.36552384
2250	0.36515445
2251	0.36320931
2252	0.36635751
2253	0.36584398
2254	0.36309001
2255	0.36673278
2256	0.36631644
2257	0.36682513
2258	0.36735481
2259	0.36345911
2260	0.36550412
2261	0.36563504
2262	0.36230424
2263	0.36707205
2264	0.36687291
2265	0.36591572
2266	0.36712450
2267	0.36633673
2268	0.36544165
2269	0.36729449
2270	0.36371833
2271	0.36765423
2272	0.36798033
2273	0.36712140
2274	0.36792848
2275	0.36667299
2276	0.36378574
2277	0.36599755
2278	0.36521077
2279	0.36352536
2280	0.36662975
2281	0.36719963
2282	0.36672521
2283	0.36608404
2284	0.36558408
2285	0.36649787
2286	0.36678588
2287	0.36029404
2288	0.36795396
2289	0.36616465
2290	0.36599565
2291	0.36708862
2292	0.36527395
2293	0.36551717
2294	0.36663893
2295	0.36472550
2296	0.36737502
2297	0.36593643
2298	0.36670154
2299	0.36638048
2300	0.36610377
2301	0.36417350
2302	0.36649108
2303	0.36611640
2304	0.36415353
2305	0.36739817
2306	0.36681500
2307	0.36662674
2308	0.36754435
2309	0.36455175
2310	0.36518127
2311	0.36685917
2312	0.36239800
2313	0.36667997
2314	0.36678559
2315	0.36619869
2316	0.36908546
2317	0.36481568
2318	0.36530563
2319	0.36678749
2320	0.36416635
2321	0.36726412
2322	0.36750594
2323	0.36749420
2324	0.37003317
2325	0.36653510
2326	0.36240420
2327	0.36602879
2328	0.36586821
2329	0.36294261
2330	0.36731339
2331	0.36656055
2332	0.36658865
2333	0.36688253
2334	0.36440733
2335	0.36705545
2336	0.36737445
2337	0.36205351
2338	0.36802384
2339	0.36830738
2340	0.36661273
2341	0.36780906
2342	0.36535111
2343	0.36552513
2344	0.36642352
2345	0.36103007
2346	0.36628729
2347	0.36819267
2348	0.36673924
2349	0.36686918
2350	0.36619473
2351	0.36468273
2352	0.36688617
2353	0.36710507
2354	0.36287594
2355	0.36777395
2356	0.36766133
2357	0.36733854
2358	0.36689901
2359	0.36395895
2360	0.36656734
2361	0.36695042
2362	0.36276188
2363	0.36938810
2364	0.36586389
2365	0.36688858
2366	0.36631510
2367	0.36566669
2368	0.36490712
2369	0.36660668
2370	0.36323282
2371	0.36652291
2372	0.36647460
2373	0.36693981
2374	0.36452213
2375	0.36644685
2376	0.36338297
2377	0.36538240
2378	0.36531731
2379	0.36374155
2380	0.36601377
2381	0.36568224
2382	0.36637241
2383	0.36661997
2384	0.36552095
2385	0.36607471
2386	0.36690831
2387	0.36205560
2388	0.36775047
2389	0.36750531
2390	0.36692369
2391	0.36891243
2392	0.36681041
2393	0.36380070
2394	0.36811927
2395	0.36410275
2396	0.36742646
2397	0.36756331
2398	0.36759466
2399	0.36796352
2400	0.36669821
2401	0.36446464
2402	0.36501718
2403	0.36543921
2404	0.36497697
2405	0.36718044
2406	0.36751097
2407	0.36752790
2408	0.36746395
2409	0.36531514
2410	0.36589363
2411	0.36731917
2412	0.36277667
2413	0.36643645
2414	0.36750492
2415	0.36546785
2416	0.36570862
2417	0.36475587
2418	0.36519751
2419	0.36614048
2420	0.36359191
2421	0.36731872
2422	0.36923993
2423	0.36543217
2424	0.36631107
2425	0.36556685
2426	0.36370951
2427	0.36599463
2428	0.36581200
2429	0.36372197
2430	0.36584252
2431	0.36695176
2432	0.36848009
2433	0.36687776
2434	0.36496854
2435	0.36654937
2436	0.36832500
2437	0.36336842
2438	0.36845896
2439	0.36857405
2440	0.36790818
2441	0.36816975
2442	0.36659548
2443	0.36612317
2444	0.36681616
2445	0.36435068
2446	0.36686164
2447	0.36773461
2448	0.36663261
2449	0.36687523
2450	0.36635005
2451	0.36408731
2452	0.36616614
2453	0.36681706
2454	0.36350879
2455	0.36747029
2456	0.36674342
2457	0.36700064
2458	0.36677888
2459	0.36252099
2460	0.36601818
2461	0.36715326
2462	0.36257720
2463	0.36702731
2464	0.36743718
2465	0.36648679
2466	0.36641246
2467	0.36535281
2468	0.36504236
2469	0.36755979
2470	0.36291429
2471	0.36678904
2472	0.36715445
2473	0.36699849
2474	0.36721852
2475	0.36555228
2476	0.36437660
2477	0.36627340
2478	0.36524037
2479	0.36504939
2480	0.36986747
2481	0.36655432
2482	0.36715770
2483	0.36742017
2484	0.36433062
2485	0.36571303
2486	0.36727881
2487	0.36218375
2488	0.36648712
2489	0.36630106
2490	0.36695731
2491	0.36816153
2492	0.36580378
2493	0.36540043
2494	0.36652628
2495	0.36312297
2496	0.36679491
2497	0.36751425
2498	0.36699012
2499	0.37041023
2500	0.36611205
2501	0.36461490
2502	0.36654344
2503	0.36561885
2504	0.36410591
2505	0.36722770
2506	0.36655763
2507	0.36625695
2508	0.36611661
2509	0.36731061
2510	0.36644721
2511	0.36648425
2512	0.36286610
2513	0.36746249
2514	0.36730361
2515	0.36720130
2516	0.36715740
2517	0.36462533
2518	0.36595696
2519	0.36744788
2520	0.36327392
2521	0.36739787
2522	0.36716974
2523	0.36656529
2524	0.36698684
2525	0.36544704
2526	0.36353481
2527	0.36525971
2528	0.36565265
2529	0.36278164
2530	0.36585447
2531	0.36551067
2532	0.36631739
2533	0.36491585
2534	0.36370632
2535	0.36540285
2536	0.36611813
2537	0.36215097
2538	0.36846566
2539	0.36634266
2540	0.36624768
2541	0.36777347
2542	0.36514288
2543	0.36446121
2544	0.36586127
2545	0.36233312
2546	0.36641628
2547	0.36657423
2548	0.36552233
2549	0.36667800
2550	0.36460391
2551	0.36369127
2552	0.36681336
2553	0.36530143
2554	0.36425304
2555	0.36592323
2556	0.36612380
2557	0.36597759
2558	0.36686799
2559	0.36449885
2560	0.36583692
2561	0.36635834
2562	0.36237815
2563	0.36654946
2564	0.36674118
2565	0.36684066
2566	0.36781713
2567	0.36478525
2568	0.36447102
2569	0.36721319
2570	0.36272562
2571	0.36616156
2572	0.36604124
2573	0.36514476
2574	0.36647502
2575	0.36539140
2576	0.36271876
2577	0.36618581
2578	0.36460060
2579	0.36326054
2580	0.36533496
2581	0.36554530
2582	0.36589533
2583	0.36478871
2584	0.36265355
2585	0.36574408
2586	0.36285076
2587	0.36095524
2588	0.36577800
2589	0.36667138
2590	0.36591965
2591	0.36666623
2592	0.36453420
2593	0.36436608
2594	0.36591703
2595	0.36263502
2596	0.36724079
2597	0.36697733
2598	0.36559197
2599	0.36563626
2600	0.36546147
2601	0.36394489
2602	0.36672866
2603	0.36448744
2604	0.36427724
2605	0.36587963
2606	0.36587128
2607	0.36598817
2608	0.36708122
2609	0.36440593
2610	0.36410862
2611	0.36475542
2612	0.36160725
2613	0.36570582
2614	0.36572251
2615	0.36736295
2616	0.36578521
2617	0.36436406
2618	0.36410037
2619	0.36531809
2620	0.36237335
2621	0.36684546
2622	0.36591825
2623	0.36759123
2624	0.36624032
2625	0.36607823
2626	0.36352840
2627	0.36476472
2628	0.36395374
2629	0.36283392
2630	0.36473238
2631	0.36456174
2632	0.36573613
2633	0.36459526
2634	0.36337638
2635	0.36370474
2636	0.36542341
2637	0.36170051
2638	0.36556339
2639	0.36499047
2640	0.36572570
2641	0.36585978
2642	0.36340028
2643	0.36261982
2644	0.36408988
2645	0.36244103
2646	0.36607820
2647	0.36642805
2648	0.36546624
2649	0.36535883
2650	0.36439157
2651	0.36367401
2652	0.36492965
2653	0.36382145
2654	0.36241862
2655	0.36529106
2656	0.36566585
2657	0.36501089
2658	0.36588031
2659	0.36236125
2660	0.36468959
2661	0.36482319
2662	0.36205697
2663	0.36428255
2664	0.36580622
2665	0.36505988
2666	0.36635071
2667	0.36464199
2668	0.36335883
2669	0.36555758
2670	0.36181322
2671	0.36489722
2672	0.36547846
2673	0.36463863
2674	0.36488283
2675	0.36398160
2676	0.36158609
2677	0.36403820
2678	0.36359000
2679	0.36317688
2680	0.36468431
2681	0.36404887
2682	0.36423060
2683	0.36430156
2684	0.36312768
2685	0.36366597
2686	0.36495864
2687	0.36113110
2688	0.36491534
2689	0.36514422
2690	0.36390397
2691	0.36341128
2692	0.36319631
2693	0.36315411
2694	0.36464903
2695	0.36136895
2696	0.36521778
2697	0.36494595
2698	0.36402762
2699	0.36436084
2700	0.36359665
2701	0.36134583
2702	0.36570638
2703	0.36275852
2704	0.36270174
2705	0.36483654
2706	0.36378345
2707	0.36512402
2708	0.36590341
2709	0.36148992
2710	0.36487514
2711	0.36433920
2712	0.36049816
2713	0.36471516
2714	0.36478385
2715	0.36543259
2716	0.36513698
2717	0.36337370
2718	0.36358762
2719	0.36587593
2720	0.36110705
2721	0.36658624
2722	0.36408266
2723	0.36379811
2724	0.36512780
2725	0.36337805
2726	0.36290026
2727	0.36413771
2728	0.36259788
2729	0.36239359
2730	0.36388469
2731	0.36298192
2732	0.36446506
2733	0.36455852
2734	0.36234283
2735	0.36462456
2736	0.36480168
2737	0.36072671
2738	0.36518240
2739	0.36492214
2740	0.36406395
2741	0.36537209
2742	0.36289474
2743	0.36269611
2744	0.36418602
2745	0.36089221
2746	0.36469641
2747	0.36398876
2748	0.36342448
2749	0.36628065
2750	0.36099774
2751	0.36190176
2752	0.36384547
2753	0.36154383
2754	0.36238310
2755	0.36454329
2756	0.36366510
2757	0.36499721
2758	0.36320916
2759	0.36070877
2760	0.36092600
2761	0.36328909
2762	0.36167729
2763	0.36372709
2764	0.36397693
2765	0.36392111
2766	0.36397624
2767	0.36289483
2768	0.36327973
2769	0.36615855
2770	0.36101085
2771	0.36516798
2772	0.36528865
2773	0.36548999
2774	0.36508968
2775	0.36342001
2776	0.36206245
2777	0.36400944
2778	0.36257777
2779	0.36318392
2780	0.36482689
2781	0.36355680
2782	0.36431530
2783	0.36368278
2784	0.36128235
2785	0.36276838
2786	0.36433110
2787	0.35978481
2788	0.36494488
2789	0.36390671
2790	0.36416158
2791	0.36525625
2792	0.36201915
2793	0.36205840
2794	0.36382437
2795	0.36123392
2796	0.36552638
2797	0.36503345
2798	0.36366147
2799	0.36531204
2800	0.36238852
2801	0.36226955
2802	0.36453274
2803	0.36204183
2804	0.36225197
2805	0.36419538
2806	0.36344275
2807	0.36585179
2808	0.36474925
2809	0.36097649
2810	0.36348608
2811	0.36412090
2812	0.36098185
2813	0.36425367
2814	0.36412752
2815	0.36456499
2816	0.36463904
2817	0.36233380
2818	0.36433181
2819	0.36426014
2820	0.36100772
2821	0.36477488
2822	0.36516005
2823	0.36485258
2824	0.36492050
2825	0.36251011
2826	0.36286840
2827	0.36716989
2828	0.36271942
2829	0.36315474
2830	0.36498964
2831	0.36411926
2832	0.36472103
2833	0.36354604
2834	0.36239278
2835	0.36337003
2836	0.36432591
2837	0.36062869
2838	0.36498541
2839	0.36481008
2840	0.36394763
2841	0.36453044
2842	0.36186188
2843	0.36320904
2844	0.36449048
2845	0.36010116
2846	0.36552590
2847	0.36381429
2848	0.36377019
2849	0.36447325
2850	0.36364576
2851	0.36253640
2852	0.36505064
2853	0.36347696
2854	0.36351642
2855	0.36608800
2856	0.36431164
2857	0.36429605
2858	0.36452293
2859	0.36200756
2860	0.36345583
2861	0.36432129
2862	0.36130089
2863	0.36440825
2864	0.36493865
2865	0.36410686
2866	0.36386889
2867	0.36213583
2868	0.36286476
2869	0.36458218
2870	0.36092964
2871	0.36494720
2872	0.36568683
2873	0.36425698
2874	0.36448687
2875	0.36424914
2876	0.36201444
2877	0.36317506
2878	0.36231163
2879	0.36349997
2880	0.36517963
2881	0.36426738
2882	0.36430484
2883	0.36439145
2884	0.36172447
2885	0.37390006
2886	0.36467811
2887	0.36004227
2888	0.36468822
2889	0.36424750
2890	0.36451709
2891	0.36460203
2892	0.36325589
2893	0.36241242
2894	0.36441919
2895	0.36106560
2896	0.36442855
2897	0.36483333
2898	0.36406550
2899	0.36462629
2900	0.36312810
2901	0.36215892
2902	0.36520565
2903	0.36183104
2904	0.36351678
2905	0.36404440
2906	0.36418203
2907	0.36486259
2908	0.36418936
2909	0.36148676
2910	0.36408216
2911	0.36385545
2912	0.36051667
2913	0.36281416
2914	0.36784625
2915	0.36468041
2916	0.36469096
2917	0.36316106
2918	0.36455545
2919	0.36505577
2920	0.36044124
2921	0.36469522
2922	0.36478537
2923	0.36462647
2924	0.36334637
2925	0.36384952
2926	0.36215785
2927	0.36433551
2928	0.36200076
2929	0.36402583
2930	0.36466721
2931	0.36364359
2932	0.36483625
2933	0.36376804
2934	0.36178660
2935	0.36287814
2936	0.36462486
2937	0.36077660
2938	0.36413640
2939	0.36509413
2940	0.36443442
2941	0.36441427
2942	0.36089674
2943	0.36316574
2944	0.36312923
2945	0.36008766
2946	0.36351737
2947	0.36380383
2948	0.36274940
2949	0.36409721
2950	0.36216179
2951	0.36167136
2952	0.36412656
2953	0.35994351
2954	0.36285955
2955	0.36423466
2956	0.36440375
2957	0.36548716
2958	0.36460656
2959	0.36099797
2960	0.36414516
2961	0.36217296
2962	0.35855296
2963	0.36434111
2964	0.36427635
2965	0.36512366
2966	0.36308709
2967	0.36237758
2968	0.36300719
2969	0.36462048
2970	0.36077690
2971	0.36601907
2972	0.36388719
2973	0.36474216
2974	0.36412823
2975	0.36262140
2976	0.36185396
2977	0.36314490
2978	0.36152834
2979	0.36272311
2980	0.36489755
2981	0.36415777
2982	0.36501318
2983	0.36270499
2984	0.36192760
2985	0.36299455
2986	0.36333367
2987	0.36063835
2988	0.36405140
2989	0.36343813
2990	0.36268339
2991	0.36264554
2992	0.36150044
2993	0.36187568
2994	0.36391646
2995	0.35993159
2996	0.36392894
2997	0.36469382
2998	0.36361304
2999	0.36335513
3000	0.36119261