	C:\Users\jkuzm\OneDrive - University of Massachusetts\HRSL x UMILL-PUMA Fatigue - Fatigue\Data\F01\FR3_static1.c3d _ImpedanceExport
	FP1
	COFP
	ORIGINAL
ITEM	Z
1	-0.05047484
2	-0.05046681
3	-0.05045244
4	-0.05046112
5	-0.05046257
6	-0.05044781
7	-0.05044949
8	-0.05045114
9	-0.05044501
10	-0.05045422
11	-0.05044335
12	-0.05044914
13	-0.05046501
14	-0.05044525
15	-0.05044802
16	-0.05044798
17	-0.05045108
18	-0.05045727
19	-0.05045458
20	-0.05044923
21	-0.05046179
22	-0.05044627
23	-0.05044673
24	-0.05044832
25	-0.05044509
26	-0.05044994
27	-0.05045535
28	-0.05044997
29	-0.05044810
30	-0.05047486
31	-0.05044335
32	-0.05044236
33	-0.05044197
34	-0.05044960
35	-0.05045447
36	-0.05044948
37	-0.05044273
38	-0.05046182
39	-0.05044368
40	-0.05044151
41	-0.05044959
42	-0.05044211
43	-0.05045760
44	-0.05045781
45	-0.05045160
46	-0.05046092
47	-0.05044907
48	-0.05044437
49	-0.05044267
50	-0.05045079
51	-0.05045022
52	-0.05045880
53	-0.05044688
54	-0.05045055
55	-0.05045416
56	-0.05044766
57	-0.05044738
58	-0.05045167
59	-0.05044565
60	-0.05045103
61	-0.05045359
62	-0.05044922
63	-0.05046346
64	-0.05043869
65	-0.05043864
66	-0.05044667
67	-0.05044390
68	-0.05045393
69	-0.05045905
70	-0.05044892
71	-0.05046062
72	-0.05044807
73	-0.05044547
74	-0.05044807
75	-0.05044524
76	-0.05044990
77	-0.05046099
78	-0.05045290
79	-0.05045200
80	-0.05045499
81	-0.05044683
82	-0.05045070
83	-0.05044207
84	-0.05043983
85	-0.05045325
86	-0.05044715
87	-0.05044208
88	-0.05046974
89	-0.05044203
90	-0.05044295
91	-0.05044098
92	-0.05044230
93	-0.05044722
94	-0.05045028
95	-0.05044354
96	-0.05045671
97	-0.05044315
98	-0.05044011
99	-0.05044729
100	-0.05044360
101	-0.05044516
102	-0.05045485
103	-0.05044384
104	-0.05045183
105	-0.05045567
106	-0.05044168
107	-0.05044300
108	-0.05044740
109	-0.05044547
110	-0.05045443
111	-0.05044943
112	-0.05044878
113	-0.05046191
114	-0.05044446
115	-0.05044827
116	-0.05044731
117	-0.05044147
118	-0.05045330
119	-0.05045000
120	-0.05044789
121	-0.05046145
122	-0.05044058
123	-0.05044392
124	-0.05044500
125	-0.05044012
126	-0.05044997
127	-0.05045301
128	-0.05044508
129	-0.05045035
130	-0.05044826
131	-0.05043953
132	-0.05043831
133	-0.05043907
134	-0.05044390
135	-0.05044938
136	-0.05042672
137	-0.05043589
138	-0.05045055
139	-0.05043060
140	-0.05043533
141	-0.05043592
142	-0.05043577
143	-0.05044429
144	-0.05044261
145	-0.05043895
146	-0.05045391
147	-0.05043757
148	-0.05043278
149	-0.05044273
150	-0.05044079
151	-0.05044543
152	-0.05045285
153	-0.05043583
154	-0.05044828
155	-0.05045158
156	-0.05045149
157	-0.05044508
158	-0.05044251
159	-0.05044477
160	-0.05045275
161	-0.05044772
162	-0.05044368
163	-0.05046383
164	-0.05043557
165	-0.05044458
166	-0.05044201
167	-0.05044482
168	-0.05044894
169	-0.05044725
170	-0.05044212
171	-0.05045880
172	-0.05043718
173	-0.05043979
174	-0.05044689
175	-0.05044872
176	-0.05044426
177	-0.05044752
178	-0.05044166
179	-0.05044504
180	-0.05044704
181	-0.05044077
182	-0.05043587
183	-0.05043497
184	-0.05043731
185	-0.05043995
186	-0.05043432
187	-0.05043399
188	-0.05044987
189	-0.05043271
190	-0.05042984
191	-0.05043651
192	-0.05043443
193	-0.05043369
194	-0.05045132
195	-0.05043485
196	-0.05044689
197	-0.05042987
198	-0.05043404
199	-0.05042993
200	-0.05043385
201	-0.05043643
202	-0.05044198
203	-0.05043975
204	-0.05043639
205	-0.05045010
206	-0.05043275
207	-0.05043588
208	-0.05043750
209	-0.05043885
210	-0.05044388
211	-0.05044260
212	-0.05043638
213	-0.05045991
214	-0.05043328
215	-0.05043770
216	-0.05043694
217	-0.05043724
218	-0.05044077
219	-0.05044065
220	-0.05042926
221	-0.05044545
222	-0.05043455
223	-0.05042560
224	-0.05043527
225	-0.05043287
226	-0.05043493
227	-0.05044360
228	-0.05043546
229	-0.05043772
230	-0.05043887
231	-0.05043010
232	-0.05043376
233	-0.05042579
234	-0.05043184
235	-0.05044280
236	-0.05043743
237	-0.05042868
238	-0.05044889
239	-0.05042630
240	-0.05042839
241	-0.05042403
242	-0.05042033
243	-0.05043487
244	-0.05043529
245	-0.05042843
246	-0.05044603
247	-0.05042493
248	-0.05042592
249	-0.05042888
250	-0.05042872
251	-0.05043339
252	-0.05043755
253	-0.05042780
254	-0.05043378
255	-0.05043335
256	-0.05042560
257	-0.05043016
258	-0.05042321
259	-0.05042321
260	-0.05044172
261	-0.05043592
262	-0.05041980
263	-0.05044529
264	-0.05042595
265	-0.05042595
266	-0.05042771
267	-0.05042697
268	-0.05043347
269	-0.05043437
270	-0.05042225
271	-0.05044345
272	-0.05042382
273	-0.05042459
274	-0.05042134
275	-0.05042607
276	-0.05043466
277	-0.05043767
278	-0.05043071
279	-0.05043333
280	-0.05044129
281	-0.05042480
282	-0.05042884
283	-0.05042984
284	-0.05042589
285	-0.05043919
286	-0.05042789
287	-0.05042904
288	-0.05044511
289	-0.05042786
290	-0.05042385
291	-0.05042830
292	-0.05041999
293	-0.05043183
294	-0.05043381
295	-0.05042379
296	-0.05043525
297	-0.05041750
298	-0.05042065
299	-0.05042299
300	-0.05038337
301	-0.05042425
302	-0.05043555
303	-0.05042524
304	-0.05042801
305	-0.05043219
306	-0.05042600
307	-0.05042836
308	-0.05042221
309	-0.05042002
310	-0.05042919
311	-0.05042496
312	-0.05042529
313	-0.05044366
314	-0.05041578
315	-0.05041908
316	-0.05042915
317	-0.05042394
318	-0.05043330
319	-0.05042768
320	-0.05042079
321	-0.05044445
322	-0.05042236
323	-0.05042421
324	-0.05042957
325	-0.05042595
326	-0.05042756
327	-0.05043944
328	-0.05043370
329	-0.05041629
330	-0.05043005
331	-0.05042414
332	-0.05043053
333	-0.05042622
334	-0.05042501
335	-0.05043561
336	-0.05042923
337	-0.05042244
338	-0.05043538
339	-0.05042138
340	-0.05042514
341	-0.05042271
342	-0.05041770
343	-0.05042868
344	-0.05042712
345	-0.05042192
346	-0.05043525
347	-0.05042158
348	-0.05042230
349	-0.05042071
350	-0.05042236
351	-0.05042101
352	-0.05043087
353	-0.05042645
354	-0.05043059
355	-0.05042929
356	-0.05042152
357	-0.05041891
358	-0.05040963
359	-0.05041902
360	-0.05043251
361	-0.05042311
362	-0.05042230
363	-0.05044050
364	-0.05042219
365	-0.05042017
366	-0.05042542
367	-0.05042766
368	-0.05042202
369	-0.05042326
370	-0.05041876
371	-0.05043846
372	-0.05042156
373	-0.05042210
374	-0.05042439
375	-0.05041931
376	-0.05042589
377	-0.05045832
378	-0.05042414
379	-0.05042922
380	-0.05042711
381	-0.05041956
382	-0.05042568
383	-0.05042194
384	-0.05042714
385	-0.05043599
386	-0.05042994
387	-0.05041967
388	-0.05044052
389	-0.05042103
390	-0.05042253
391	-0.05042510
392	-0.05041631
393	-0.05043054
394	-0.05043013
395	-0.05041233
396	-0.05043380
397	-0.05041090
398	-0.05042185
399	-0.05041989
400	-0.05042077
401	-0.05042425
402	-0.05042725
403	-0.05041721
404	-0.05042803
405	-0.05043019
406	-0.05042129
407	-0.05041757
408	-0.05041814
409	-0.05042113
410	-0.05043165
411	-0.05042666
412	-0.05042033
413	-0.05043479
414	-0.05041682
415	-0.05042192
416	-0.05041907
417	-0.05042166
418	-0.05042876
419	-0.05042671
420	-0.05041764
421	-0.05044098
422	-0.05041356
423	-0.05041965
424	-0.05041806
425	-0.05041680
426	-0.05042844
427	-0.05043259
428	-0.05042102
429	-0.05042893
430	-0.05042379
431	-0.05042073
432	-0.05042168
433	-0.05041911
434	-0.05041908
435	-0.05045695
436	-0.05042419
437	-0.05042421
438	-0.05043470
439	-0.05041727
440	-0.05041889
441	-0.05041729
442	-0.05041627
443	-0.05042881
444	-0.05041593
445	-0.05041736
446	-0.05043011
447	-0.05041635
448	-0.05041764
449	-0.05041420
450	-0.05042072
451	-0.05042137
452	-0.05043330
453	-0.05041874
454	-0.05043005
455	-0.05042529
456	-0.05041712
457	-0.05042217
458	-0.05042099
459	-0.05041924
460	-0.05043648
461	-0.05042473
462	-0.05042321
463	-0.05043583
464	-0.05044451
465	-0.05042057
466	-0.05041837
467	-0.05042088
468	-0.05042668
469	-0.05042366
470	-0.05041843
471	-0.05043765
472	-0.05041008
473	-0.05040908
474	-0.05041230
475	-0.05041715
476	-0.05042278
477	-0.05042856
478	-0.05041805
479	-0.05042393
480	-0.05042056
481	-0.05041395
482	-0.05042108
483	-0.05041693
484	-0.05041621
485	-0.05043036
486	-0.05041813
487	-0.05041819
488	-0.05043511
489	-0.05041509
490	-0.05041317
491	-0.05041680
492	-0.05041795
493	-0.05043819
494	-0.05042562
495	-0.05041863
496	-0.05043527
497	-0.05041408
498	-0.05041827
499	-0.05042196
500	-0.05041999
501	-0.05041513
502	-0.05042874
503	-0.05041228
504	-0.05042963
505	-0.05042100
506	-0.05042179
507	-0.05041854
508	-0.05041974
509	-0.05041689
510	-0.05042907
511	-0.05041488
512	-0.05041143
513	-0.05043716
514	-0.05041681
515	-0.05041287
516	-0.05041631
517	-0.05041773
518	-0.05042284
519	-0.05042102
520	-0.05041364
521	-0.05043422
522	-0.05042020
523	-0.05041573
524	-0.05041877
525	-0.05041511
526	-0.05042230
527	-0.05042819
528	-0.05041585
529	-0.05042391
530	-0.05041663
531	-0.05041389
532	-0.05042096
533	-0.05041311
534	-0.05041768
535	-0.05043318
536	-0.05042073
537	-0.05042153
538	-0.05043709
539	-0.05041168
540	-0.05041928
541	-0.05041797
542	-0.05041378
543	-0.05042603
544	-0.05042210
545	-0.05042079
546	-0.05043216
547	-0.05041324
548	-0.05041583
549	-0.05041896
550	-0.05041587
551	-0.05042656
552	-0.05042722
553	-0.05042032
554	-0.05042896
555	-0.05042269
556	-0.05041698
557	-0.05041863
558	-0.05041476
559	-0.05042154
560	-0.05043221
561	-0.05042330
562	-0.05041809
563	-0.05043797
564	-0.05041825
565	-0.05041758
566	-0.05041647
567	-0.05041823
568	-0.05042692
569	-0.05042524
570	-0.05041067
571	-0.05043622
572	-0.05041430
573	-0.05042056
574	-0.05041872
575	-0.05041313
576	-0.05041714
577	-0.05042746
578	-0.05041801
579	-0.05042313
580	-0.05041034
581	-0.05041499
582	-0.05041525
583	-0.05041503
584	-0.05041432
585	-0.05042782
586	-0.05041858
587	-0.05041589
588	-0.05042592
589	-0.05041469
590	-0.05041750
591	-0.05041466
592	-0.05040929
593	-0.05042307
594	-0.05042356
595	-0.05041590
596	-0.05043136
597	-0.05041425
598	-0.05041314
599	-0.05040761
600	-0.05041435
601	-0.05042109
602	-0.05042800
603	-0.05041605
604	-0.05042422
605	-0.05042088
606	-0.05041778
607	-0.05041758
608	-0.05042287
609	-0.05042075
610	-0.05042572
611	-0.05042087
612	-0.05041233
613	-0.05043257
614	-0.05041270
615	-0.05041290
616	-0.05040949
617	-0.05042117
618	-0.05041867
619	-0.05041789
620	-0.05041697
621	-0.05043488
622	-0.05040696
623	-0.05041035
624	-0.05041428
625	-0.05041067
626	-0.05041878
627	-0.05041489
628	-0.05040026
629	-0.05042338
630	-0.05041652
631	-0.05041391
632	-0.05041747
633	-0.05041479
634	-0.05041613
635	-0.05042781
636	-0.05041398
637	-0.05041786
638	-0.05043350
639	-0.05041026
640	-0.05041548
641	-0.05041167
642	-0.05041727
643	-0.05041950
644	-0.05042001
645	-0.05041111
646	-0.05043425
647	-0.05041089
648	-0.05041128
649	-0.05041614
650	-0.05041782
651	-0.05042012
652	-0.05041957
653	-0.05041709
654	-0.05042367
655	-0.05041634
656	-0.05040758
657	-0.05042048
658	-0.05041165
659	-0.05041447
660	-0.05042954
661	-0.05041616
662	-0.05041624
663	-0.05042876
664	-0.05040824
665	-0.05040683
666	-0.05041048
667	-0.05040770
668	-0.05042145
669	-0.05041419
670	-0.05041188
671	-0.05043291
672	-0.05040653
673	-0.05041289
674	-0.05041288
675	-0.05040895
676	-0.05041852
677	-0.05041981
678	-0.05041368
679	-0.05042423
680	-0.05041238
681	-0.05041168
682	-0.05041408
683	-0.05041280
684	-0.05041534
685	-0.05043013
686	-0.05041287
687	-0.05041823
688	-0.05042902
689	-0.05040848
690	-0.05041271
691	-0.05041548
692	-0.05040962
693	-0.05042286
694	-0.05041324
695	-0.05041760
696	-0.05043073
697	-0.05040842
698	-0.05041359
699	-0.05041965
700	-0.05041595
701	-0.05041752
702	-0.05042617
703	-0.05041705
704	-0.05042826
705	-0.05040617
706	-0.05041602
707	-0.05041838
708	-0.05041894
709	-0.05041361
710	-0.05042843
711	-0.05041968
712	-0.05041594
713	-0.05042906
714	-0.05041320
715	-0.05041506
716	-0.05041367
717	-0.05041124
718	-0.05042145
719	-0.05041632
720	-0.05040943
721	-0.05043285
722	-0.05040981
723	-0.05041686
724	-0.05041633
725	-0.05041039
726	-0.05041979
727	-0.05042734
728	-0.05041929
729	-0.05042665
730	-0.05041323
731	-0.05041030
732	-0.05041940
733	-0.05039628
734	-0.05041848
735	-0.05042105
736	-0.05041509
737	-0.05041403
738	-0.05042396
739	-0.05041126
740	-0.05040941
741	-0.05040892
742	-0.05040971
743	-0.05042545
744	-0.05041149
745	-0.05041350
746	-0.05044004
747	-0.05040732
748	-0.05041429
749	-0.05041541
750	-0.05041416
751	-0.05041851
752	-0.05042366
753	-0.05040846
754	-0.05042530
755	-0.05041196
756	-0.05041259
757	-0.05041710
758	-0.05041569
759	-0.05041850
760	-0.05042474
761	-0.05041795
762	-0.05042275
763	-0.05041054
764	-0.05041110
765	-0.05041711
766	-0.05041634
767	-0.05041682
768	-0.05042658
769	-0.05041835
770	-0.05041024
771	-0.05043272
772	-0.05040665
773	-0.05041051
774	-0.05040983
775	-0.05040881
776	-0.05041850
777	-0.05041898
778	-0.05041092
779	-0.05042179
780	-0.05040965
781	-0.05040737
782	-0.05041130
783	-0.05041165
784	-0.05041298
785	-0.05042169
786	-0.05041361
787	-0.05041395
788	-0.05042687
789	-0.05040863
790	-0.05041026
791	-0.05041832
792	-0.05039066
793	-0.05042477
794	-0.05041880
795	-0.05041229
796	-0.05043451
797	-0.05041200
798	-0.05041030
799	-0.05041329
800	-0.05041976
801	-0.05041661
802	-0.05042493
803	-0.05040630
804	-0.05042538
805	-0.05040801
806	-0.05040655
807	-0.05041160
808	-0.05040853
809	-0.05041284
810	-0.05041937
811	-0.05041421
812	-0.05041494
813	-0.05042123
814	-0.05040975
815	-0.05041690
816	-0.05040936
817	-0.05041008
818	-0.05041926
819	-0.05041385
820	-0.05040497
821	-0.05041964
822	-0.05040960
823	-0.05040602
824	-0.05041078
825	-0.05040742
826	-0.05041603
827	-0.05041894
828	-0.05041123
829	-0.05042254
830	-0.05040935
831	-0.05040984
832	-0.05041299
833	-0.05040997
834	-0.05041477
835	-0.05042138
836	-0.05041292
837	-0.05041308
838	-0.05042546
839	-0.05041535
840	-0.05042103
841	-0.05040595
842	-0.05040827
843	-0.05041888
844	-0.05041920
845	-0.05041238
846	-0.05042749
847	-0.05040554
848	-0.05040947
849	-0.05041242
850	-0.05041649
851	-0.05041898
852	-0.05042171
853	-0.05040588
854	-0.05042154
855	-0.05040879
856	-0.05040647
857	-0.05041069
858	-0.05040810
859	-0.05040868
860	-0.05042092
861	-0.05041455
862	-0.05041507
863	-0.05042280
864	-0.05040593
865	-0.05040612
866	-0.05040701
867	-0.05041092
868	-0.05042502
869	-0.05041974
870	-0.05040620
871	-0.05042923
872	-0.05040926
873	-0.05040436
874	-0.05041349
875	-0.05041318
876	-0.05041917
877	-0.05041737
878	-0.05041672
879	-0.05043113
880	-0.05040850
881	-0.05041002
882	-0.05041193
883	-0.05041403
884	-0.05040948
885	-0.05041923
886	-0.05040437
887	-0.05040937
888	-0.05041992
889	-0.05040415
890	-0.05040545
891	-0.05040642
892	-0.05040371
893	-0.05041612
894	-0.05041468
895	-0.05041028
896	-0.05042685
897	-0.05041001
898	-0.05043430
899	-0.05040589
900	-0.05041089
901	-0.05041401
902	-0.05041533
903	-0.05040405
904	-0.05042507
905	-0.05040849
906	-0.05040530
907	-0.05040641
908	-0.05041611
909	-0.05041493
910	-0.05041685
911	-0.05040979
912	-0.05041159
913	-0.05042267
914	-0.05041261
915	-0.05040928
916	-0.05041461
917	-0.05041136
918	-0.05042460
919	-0.05041149
920	-0.05041155
921	-0.05042908
922	-0.05040659
923	-0.05040161
924	-0.05041061
925	-0.05040557
926	-0.05040878
927	-0.05044845
928	-0.05041439
929	-0.05041874
930	-0.05040574
931	-0.05040566
932	-0.05041154
933	-0.05041056
934	-0.05041026
935	-0.05041333
936	-0.05039461
937	-0.05040707
938	-0.05041567
939	-0.05040992
940	-0.05040791
941	-0.05040729
942	-0.05040464
943	-0.05042095
944	-0.05041297
945	-0.05040588
946	-0.05042345
947	-0.05040360
948	-0.05040727
949	-0.05041066
950	-0.05040799
951	-0.05041355
952	-0.05041471
953	-0.05040861
954	-0.05042129
955	-0.05040434
956	-0.05042814
957	-0.05040708
958	-0.05040494
959	-0.05041130
960	-0.05041977
961	-0.05041193
962	-0.05041265
963	-0.05041919
964	-0.05040265
965	-0.05040930
966	-0.05039771
967	-0.05040381
968	-0.05041452
969	-0.05040768
970	-0.05040568
971	-0.05042582
972	-0.05040709
973	-0.05040481
974	-0.05040981
975	-0.05038866
976	-0.05042029
977	-0.05041332
978	-0.05040773
979	-0.05042318
980	-0.05040335
981	-0.05040782
982	-0.05040920
983	-0.05040785
984	-0.05041414
985	-0.05042031
986	-0.05041005
987	-0.05041613
988	-0.05042189
989	-0.05040993
990	-0.05041011
991	-0.05041010
992	-0.05040099
993	-0.05041504
994	-0.05041540
995	-0.05040555
996	-0.05042625
997	-0.05040537
998	-0.05040309
999	-0.05041121
1000	-0.05040164
1001	-0.05040873
1002	-0.05041099
1003	-0.05039874
1004	-0.05041668
1005	-0.05040432
1006	-0.05039703
1007	-0.05040485
1008	-0.05040013
1009	-0.05040811
1010	-0.05041484
1011	-0.05040554
1012	-0.05040437
1013	-0.05041737
1014	-0.05041570
1015	-0.05040258
1016	-0.05039885
1017	-0.05040445
1018	-0.05041171
1019	-0.05040552
1020	-0.05040022
1021	-0.05042028
1022	-0.05040415
1023	-0.05040141
1024	-0.05040880
1025	-0.05040387
1026	-0.05041249
1027	-0.05041287
1028	-0.05040371
1029	-0.05042136
1030	-0.05040108
1031	-0.05040553
1032	-0.05041612
1033	-0.05041054
1034	-0.05041157
1035	-0.05041826
1036	-0.05040996
1037	-0.05041514
1038	-0.05041820
1039	-0.05040878
1040	-0.05041177
1041	-0.05040916
1042	-0.05040329
1043	-0.05040992
1044	-0.05041265
1045	-0.05040085
1046	-0.05042489
1047	-0.05039970
1048	-0.05040129
1049	-0.05040348
1050	-0.05040237
1051	-0.05040513
1052	-0.05040677
1053	-0.05039822
1054	-0.05041901
1055	-0.05039532
1056	-0.05039497
1057	-0.05039997
1058	-0.05039559
1059	-0.05040213
1060	-0.05041019
1061	-0.05040267
1062	-0.05039390
1063	-0.05040345
1064	-0.05039643
1065	-0.05039845
1066	-0.05039908
1067	-0.05040154
1068	-0.05041113
1069	-0.05040552
1070	-0.05039989
1071	-0.05042372
1072	-0.05040305
1073	-0.05040322
1074	-0.05040592
1075	-0.05040193
1076	-0.05040841
1077	-0.05040806
1078	-0.05040509
1079	-0.05041766
1080	-0.05039890
1081	-0.05040183
1082	-0.05039626
1083	-0.05040586
1084	-0.05040499
1085	-0.05041517
1086	-0.05040078
1087	-0.05040915
1088	-0.05040878
1089	-0.05040259
1090	-0.05039925
1091	-0.05041683
1092	-0.05039461
1093	-0.05041061
1094	-0.05040373
1095	-0.05039947
1096	-0.05042164
1097	-0.05039760
1098	-0.05039898
1099	-0.05040196
1100	-0.05040619
1101	-0.05040644
1102	-0.05040663
1103	-0.05039512
1104	-0.05041354
1105	-0.05039537
1106	-0.05039549
1107	-0.05039763
1108	-0.05039456
1109	-0.05040340
1110	-0.05040818
1111	-0.05040118
1112	-0.05040507
1113	-0.05040329
1114	-0.05039565
1115	-0.05039714
1116	-0.05039501
1117	-0.05039132
1118	-0.05040377
1119	-0.05039230
1120	-0.05039534
1121	-0.05040957
1122	-0.05039258
1123	-0.05039525
1124	-0.05039662
1125	-0.05039081
1126	-0.05040569
1127	-0.05040462
1128	-0.05039741
1129	-0.05041225
1130	-0.05038773
1131	-0.05039476
1132	-0.05039656
1133	-0.05039669
1134	-0.05039855
1135	-0.05040526
1136	-0.05039427
1137	-0.05040858
1138	-0.05041318
1139	-0.05040559
1140	-0.05039984
1141	-0.05039822
1142	-0.05040126
1143	-0.05041088
1144	-0.05040302
1145	-0.05040301
1146	-0.05041886
1147	-0.05040058
1148	-0.05040303
1149	-0.05040310
1150	-0.05040447
1151	-0.05040377
1152	-0.05040780
1153	-0.05039969
1154	-0.05041989
1155	-0.05039602
1156	-0.05039814
1157	-0.05039572
1158	-0.05039388
1159	-0.05039345
1160	-0.05040607
1161	-0.05039702
1162	-0.05039992
1163	-0.05039909
1164	-0.05038663
1165	-0.05039591
1166	-0.05038705
1167	-0.05038784
1168	-0.05039862
1169	-0.05039260
1170	-0.05038674
1171	-0.05040770
1172	-0.05038980
1173	-0.05039112
1174	-0.05039050
1175	-0.05038768
1176	-0.05039713
1177	-0.05039936
1178	-0.05039027
1179	-0.05040492
1180	-0.05039286
1181	-0.05039604
1182	-0.05039962
1183	-0.05039675
1184	-0.05040218
1185	-0.05040826
1186	-0.05040288
1187	-0.05040628
1188	-0.05040251
1189	-0.05039817
1190	-0.05039970
1191	-0.05040188
1192	-0.05040189
1193	-0.05041150
1194	-0.05040810
1195	-0.05039907
1196	-0.05041350
1197	-0.05039779
1198	-0.05040218
1199	-0.05039451
1200	-0.05039773
1201	-0.05040145
1202	-0.05040198
1203	-0.05039106
1204	-0.05041314
1205	-0.05039233
1206	-0.05039726
1207	-0.05039033
1208	-0.05039034
1209	-0.05039955
1210	-0.05040496
1211	-0.05039847
1212	-0.05039662
1213	-0.05039934
1214	-0.05038998
1215	-0.05039568
1216	-0.05038795
1217	-0.05039289
1218	-0.05039808
1219	-0.05038762
1220	-0.05038808
1221	-0.05040969
1222	-0.05038941
1223	-0.05039017
1224	-0.05039258
1225	-0.05038359
1226	-0.05037622
1227	-0.05039971
1228	-0.05039314
1229	-0.05041273
1230	-0.05039547
1231	-0.05039379
1232	-0.05039376
1233	-0.05039752
1234	-0.05039940
1235	-0.05040597
1236	-0.05039294
1237	-0.05040814
1238	-0.05040333
1239	-0.05039417
1240	-0.05039666
1241	-0.05039127
1242	-0.05039293
1243	-0.05040577
1244	-0.05039413
1245	-0.05039320
1246	-0.05041249
1247	-0.05038853
1248	-0.05039568
1249	-0.05039368
1250	-0.05039068
1251	-0.05039800
1252	-0.05039852
1253	-0.05038703
1254	-0.05041539
1255	-0.05037615
1256	-0.05038640
1257	-0.05039119
1258	-0.05039133
1259	-0.05039647
1260	-0.05041184
1261	-0.05039635
1262	-0.05039818
1263	-0.05039866
1264	-0.05038903
1265	-0.05040026
1266	-0.05039408
1267	-0.05039614
1268	-0.05040653
1269	-0.05039405
1270	-0.05039821
1271	-0.05041021
1272	-0.05038704
1273	-0.05039048
1274	-0.05038861
1275	-0.05038800
1276	-0.05039836
1277	-0.05038945
1278	-0.05038975
1279	-0.05040743
1280	-0.05037888
1281	-0.05038431
1282	-0.05039368
1283	-0.05038847
1284	-0.05039056
1285	-0.05039851
1286	-0.05039229
1287	-0.05039844
1288	-0.05039392
1289	-0.05038591
1290	-0.05039087
1291	-0.05038655
1292	-0.05039151
1293	-0.05040409
1294	-0.05039561
1295	-0.05039204
1296	-0.05040802
1297	-0.05038607
1298	-0.05038777
1299	-0.05038982
1300	-0.05038927
1301	-0.05039731
1302	-0.05039793
1303	-0.05040960
1304	-0.05040558
1305	-0.05038850
1306	-0.05038658
1307	-0.05039136
1308	-0.05039035
1309	-0.05040007
1310	-0.05040114
1311	-0.05039724
1312	-0.05040087
1313	-0.05040392
1314	-0.05039077
1315	-0.05039589
1316	-0.05039366
1317	-0.05039748
1318	-0.05040167
1319	-0.05039720
1320	-0.05039024
1321	-0.05039918
1322	-0.05038832
1323	-0.05037837
1324	-0.05038936
1325	-0.05037890
1326	-0.05039357
1327	-0.05038632
1328	-0.05038678
1329	-0.05040228
1330	-0.05038046
1331	-0.05038451
1332	-0.05039093
1333	-0.05038118
1334	-0.05038749
1335	-0.05039399
1336	-0.05038554
1337	-0.05039531
1338	-0.05038908
1339	-0.05038254
1340	-0.05038660
1341	-0.05038823
1342	-0.05038901
1343	-0.05040155
1344	-0.05039304
1345	-0.05039071
1346	-0.05040974
1347	-0.05039255
1348	-0.05038772
1349	-0.05038606
1350	-0.05038680
1351	-0.05039861
1352	-0.05039037
1353	-0.05038509
1354	-0.05040862
1355	-0.05038752
1356	-0.05038788
1357	-0.05038867
1358	-0.05038589
1359	-0.05039205
1360	-0.05039565
1361	-0.05041829
1362	-0.05039494
1363	-0.05038879
1364	-0.05038122
1365	-0.05039218
1366	-0.05038588
1367	-0.05038342
1368	-0.05039979
1369	-0.05038736
1370	-0.05038966
1371	-0.05040810
1372	-0.05038137
1373	-0.05038363
1374	-0.05038144
1375	-0.05038526
1376	-0.05039175
1377	-0.05039502
1378	-0.05038817
1379	-0.05039762
1380	-0.05038358
1381	-0.05038387
1382	-0.05038209
1383	-0.05038368
1384	-0.05038734
1385	-0.05039196
1386	-0.05038548
1387	-0.05039323
1388	-0.05038692
1389	-0.05037973
1390	-0.05040485
1391	-0.05038727
1392	-0.05039044
1393	-0.05040126
1394	-0.05039045
1395	-0.05039278
1396	-0.05040198
1397	-0.05038668
1398	-0.05038448
1399	-0.05037928
1400	-0.05038627
1401	-0.05039484
1402	-0.05038787
1403	-0.05038433
1404	-0.05040633
1405	-0.05038716
1406	-0.05038406
1407	-0.05038443
1408	-0.05038881
1409	-0.05038753
1410	-0.05039127
1411	-0.05038798
1412	-0.05039758
1413	-0.05038389
1414	-0.05038369
1415	-0.05038527
1416	-0.05038494
1417	-0.05038804
1418	-0.05039858
1419	-0.05039131
1420	-0.05038494
1421	-0.05040192
1422	-0.05038360
1423	-0.05038432
1424	-0.05038501
1425	-0.05037808
1426	-0.05039365
1427	-0.05038949
1428	-0.05038626
1429	-0.05039641
1430	-0.05038162
1431	-0.05038642
1432	-0.05038303
1433	-0.05038549
1434	-0.05038696
1435	-0.05039370
1436	-0.05038209
1437	-0.05039535
1438	-0.05036481
1439	-0.05038003
1440	-0.05038317
1441	-0.05038361
1442	-0.05038359
1443	-0.05039283
1444	-0.05038682
1445	-0.05039278
1446	-0.05039640
1447	-0.05038385
1448	-0.05037652
1449	-0.05038540
1450	-0.05038805
1451	-0.05039189
1452	-0.05039035
1453	-0.05038064
1454	-0.05039986
1455	-0.05037878
1456	-0.05038388
1457	-0.05038283
1458	-0.05038407
1459	-0.05038597
1460	-0.05039341
1461	-0.05038485
1462	-0.05039452
1463	-0.05038466
1464	-0.05037976
1465	-0.05038704
1466	-0.05038162
1467	-0.05036794
1468	-0.05039384
1469	-0.05038178
1470	-0.05038322
1471	-0.05040256
1472	-0.05038191
1473	-0.05038641
1474	-0.05038283
1475	-0.05037859
1476	-0.05038955
1477	-0.05040381
1478	-0.05038223
1479	-0.05040375
1480	-0.05037574
1481	-0.05038039
1482	-0.05038313
1483	-0.05038410
1484	-0.05038343
1485	-0.05039193
1486	-0.05038206
1487	-0.05039769
1488	-0.05038344
1489	-0.05038197
1490	-0.05038354
1491	-0.05038362
1492	-0.05038363
1493	-0.05039553
1494	-0.05038442
1495	-0.05038145
1496	-0.05037345
1497	-0.05037669
1498	-0.05038503
1499	-0.05038075
1500	-0.05038778
1501	-0.05038973
1502	-0.05038579
1503	-0.05037681
1504	-0.05040092
1505	-0.05037192
1506	-0.05037187
1507	-0.05038411
1508	-0.05037675
1509	-0.05039086
1510	-0.05039486
1511	-0.05038234
1512	-0.05039413
1513	-0.05038428
1514	-0.05038146
1515	-0.05038381
1516	-0.05037462
1517	-0.05038446
1518	-0.05039155
1519	-0.05038053
1520	-0.05038085
1521	-0.05039585
1522	-0.05038005
1523	-0.05038111
1524	-0.05038422
1525	-0.05035935
1526	-0.05038724
1527	-0.05038418
1528	-0.05038122
1529	-0.05039931
1530	-0.05037627
1531	-0.05037441
1532	-0.05038116
1533	-0.05038106
1534	-0.05038808
1535	-0.05038632
1536	-0.05037944
1537	-0.05039651
1538	-0.05038055
1539	-0.05037877
1540	-0.05038094
1541	-0.05037835
1542	-0.05038025
1543	-0.05038553
1544	-0.05037764
1545	-0.05037991
1546	-0.05039042
1547	-0.05037054
1548	-0.05037767
1549	-0.05037563
1550	-0.05037976
1551	-0.05038090
1552	-0.05038890
1553	-0.05037640
1554	-0.05037054
1555	-0.05037711
1556	-0.05037971
1557	-0.05038274
1558	-0.05037947
1559	-0.05038433
1560	-0.05039304
1561	-0.05038428
1562	-0.05039153
1563	-0.05039066
1564	-0.05038167
1565	-0.05038444
1566	-0.05038572
1567	-0.05038541
1568	-0.05039506
1569	-0.05038332
1570	-0.05038689
1571	-0.05039331
1572	-0.05038392
1573	-0.05038178
1574	-0.05038137
1575	-0.05037694
1576	-0.05039502
1577	-0.05038309
1578	-0.05038123
1579	-0.05039458
1580	-0.05037791
1581	-0.05037939
1582	-0.05037727
1583	-0.05038881
1584	-0.05037979
1585	-0.05038580
1586	-0.05037240
1587	-0.05039409
1588	-0.05037848
1589	-0.05037517
1590	-0.05038106
1591	-0.05038392
1592	-0.05038139
1593	-0.05038841
1594	-0.05037681
1595	-0.05038220
1596	-0.05039563
1597	-0.05037825
1598	-0.05038371
1599	-0.05038156
1600	-0.05037930
1601	-0.05039350
1602	-0.05040116
1603	-0.05037872
1604	-0.05039772
1605	-0.05037666
1606	-0.05037701
1607	-0.05037339
1608	-0.05037381
1609	-0.05038233
1610	-0.05038805
1611	-0.05037937
1612	-0.05039285
1613	-0.05037958
1614	-0.05037880
1615	-0.05038070
1616	-0.05037910
1617	-0.05038460
1618	-0.05039408
1619	-0.05038211
1620	-0.05038533
1621	-0.05038796
1622	-0.05037886
1623	-0.05037973
1624	-0.05038260
1625	-0.05038106
1626	-0.05039120
1627	-0.05038749
1628	-0.05038035
1629	-0.05039589
1630	-0.05038211
1631	-0.05037316
1632	-0.05037708
1633	-0.05037969
1634	-0.05038113
1635	-0.05038472
1636	-0.05037951
1637	-0.05039159
1638	-0.05037739
1639	-0.05037911
1640	-0.05038266
1641	-0.05036584
1642	-0.05038198
1643	-0.05039742
1644	-0.05038444
1645	-0.05038649
1646	-0.05039629
1647	-0.05037958
1648	-0.05037874
1649	-0.05038100
1650	-0.05038613
1651	-0.05038510
1652	-0.05038346
1653	-0.05037984
1654	-0.05039762
1655	-0.05037511
1656	-0.05037621
1657	-0.05037308
1658	-0.05037423
1659	-0.05038489
1660	-0.05038665
1661	-0.05038346
1662	-0.05039298
1663	-0.05037672
1664	-0.05037355
1665	-0.05037920
1666	-0.05037452
1667	-0.05038315
1668	-0.05038565
1669	-0.05037922
1670	-0.05038745
1671	-0.05038861
1672	-0.05037918
1673	-0.05038462
1674	-0.05038259
1675	-0.05037690
1676	-0.05039231
1677	-0.05038348
1678	-0.05038623
1679	-0.05039562
1680	-0.05037984
1681	-0.05038073
1682	-0.05038378
1683	-0.05037882
1684	-0.05038566
1685	-0.05038219
1686	-0.05037784
1687	-0.05039294
1688	-0.05037633
1689	-0.05039272
1690	-0.05038170
1691	-0.05038010
1692	-0.05038278
1693	-0.05039533
1694	-0.05038095
1695	-0.05038114
1696	-0.05039185
1697	-0.05037628
1698	-0.05037582
1699	-0.05038209
1700	-0.05037959
1701	-0.05038539
1702	-0.05038038
1703	-0.05037239
1704	-0.05039465
1705	-0.05037524
1706	-0.05037537
1707	-0.05037478
1708	-0.05037171
1709	-0.05038805
1710	-0.05038695
1711	-0.05038097
1712	-0.05038910
1713	-0.05037554
1714	-0.05037983
1715	-0.05038552
1716	-0.05037722
1717	-0.05038527
1718	-0.05038425
1719	-0.05037871
1720	-0.05038323
1721	-0.05039126
1722	-0.05037680
1723	-0.05038257
1724	-0.05037556
1725	-0.05037802
1726	-0.05037774
1727	-0.05038299
1728	-0.05038042
1729	-0.05039653
1730	-0.05038184
1731	-0.05038087
1732	-0.05037954
1733	-0.05037836
1734	-0.05038552
1735	-0.05038558
1736	-0.05037649
1737	-0.05039172
1738	-0.05037322
1739	-0.05037946
1740	-0.05037514
1741	-0.05037295
1742	-0.05038055
1743	-0.05038522
1744	-0.05037740
1745	-0.05038066
1746	-0.05038354
1747	-0.05038809
1748	-0.05038092
1749	-0.05037284
1750	-0.05037720
1751	-0.05038108
1752	-0.05037770
1753	-0.05037577
1754	-0.05039499
1755	-0.05036918
1756	-0.05037219
1757	-0.05037842
1758	-0.05036967
1759	-0.05038208
1760	-0.05038963
1761	-0.05038210
1762	-0.05039011
1763	-0.05037785
1764	-0.05037575
1765	-0.05037500
1766	-0.05038667
1767	-0.05037627
1768	-0.05038567
1769	-0.05037395
1770	-0.05038257
1771	-0.05038457
1772	-0.05037436
1773	-0.05037869
1774	-0.05037645
1775	-0.05037491
1776	-0.05039997
1777	-0.05038042
1778	-0.05037819
1779	-0.05039449
1780	-0.05037674
1781	-0.05037882
1782	-0.05038197
1783	-0.05038164
1784	-0.05038287
1785	-0.05038511
1786	-0.05037510
1787	-0.05039403
1788	-0.05037569
1789	-0.05037071
1790	-0.05037484
1791	-0.05037519
1792	-0.05037971
1793	-0.05038979
1794	-0.05036560
1795	-0.05037927
1796	-0.05038508
1797	-0.05036958
1798	-0.05037967
1799	-0.05037330
1800	-0.05037392
1801	-0.05037837
1802	-0.05037359
1803	-0.05037073
1804	-0.05039439
1805	-0.05036417
1806	-0.05037229
1807	-0.05037530
1808	-0.05036720
1809	-0.05037903
1810	-0.05038180
1811	-0.05037059
1812	-0.05038762
1813	-0.05036952
1814	-0.05036918
1815	-0.05037072
1816	-0.05037175
1817	-0.05037749
1818	-0.05038562
1819	-0.05038084
1820	-0.05037497
1821	-0.05038477
1822	-0.05037174
1823	-0.05037266
1824	-0.05035800
1825	-0.05037612
1826	-0.05038464
1827	-0.05038075
1828	-0.05037740
1829	-0.05039261
1830	-0.05037522
1831	-0.05037982
1832	-0.05037883
1833	-0.05037531
1834	-0.05038198
1835	-0.05037940
1836	-0.05037282
1837	-0.05039244
1838	-0.05037507
1839	-0.05037307
1840	-0.05037485
1841	-0.05037420
1842	-0.05037659
1843	-0.05038256
1844	-0.05037723
1845	-0.05037996
1846	-0.05038171
1847	-0.05036933
1848	-0.05037816
1849	-0.05037464
1850	-0.05037217
1851	-0.05037733
1852	-0.05037197
1853	-0.05036184
1854	-0.05039238
1855	-0.05036726
1856	-0.05037009
1857	-0.05036894
1858	-0.05036366
1859	-0.05037075
1860	-0.05037563
1861	-0.05037732
1862	-0.05038284
1863	-0.05037832
1864	-0.05037289
1865	-0.05037428
1866	-0.05037386
1867	-0.05037826
1868	-0.05038328
1869	-0.05037348
1870	-0.05037769
1871	-0.05038410
1872	-0.05037341
1873	-0.05038114
1874	-0.05037236
1875	-0.05037493
1876	-0.05038398
1877	-0.05037820
1878	-0.05037809
1879	-0.05039587
1880	-0.05037050
1881	-0.05036964
1882	-0.05036564
1883	-0.05037376
1884	-0.05037932
1885	-0.05037703
1886	-0.05037265
1887	-0.05038945
1888	-0.05037170
1889	-0.05037566
1890	-0.05038009
1891	-0.05037244
1892	-0.05037470
1893	-0.05038300
1894	-0.05037405
1895	-0.05037633
1896	-0.05037624
1897	-0.05036614
1898	-0.05036845
1899	-0.05037617
1900	-0.05037317
1901	-0.05037987
1902	-0.05037098
1903	-0.05036950
1904	-0.05038781
1905	-0.05037138
1906	-0.05037046
1907	-0.05037120
1908	-0.05037281
1909	-0.05038038
1910	-0.05038657
1911	-0.05036560
1912	-0.05038395
1913	-0.05037022
1914	-0.05036746
1915	-0.05037555
1916	-0.05037281
1917	-0.05037952
1918	-0.05037863
1919	-0.05037085
1920	-0.05037986
1921	-0.05037774
1922	-0.05037249
1923	-0.05037721
1924	-0.05037527
1925	-0.05037389
1926	-0.05038071
1927	-0.05037430
1928	-0.05037286
1929	-0.05040182
1930	-0.05036142
1931	-0.05037164
1932	-0.05037309
1933	-0.05037560
1934	-0.05038312
1935	-0.05038005
1936	-0.05037243
1937	-0.05039040
1938	-0.05037053
1939	-0.05037394
1940	-0.05037409
1941	-0.05036891
1942	-0.05037314
1943	-0.05038280
1944	-0.05037808
1945	-0.05038376
1946	-0.05038148
1947	-0.05037403
1948	-0.05037207
1949	-0.05037755
1950	-0.05038129
1951	-0.05038701
1952	-0.05037480
1953	-0.05036989
1954	-0.05039339
1955	-0.05037481
1956	-0.05037433
1957	-0.05037348
1958	-0.05036541
1959	-0.05040028
1960	-0.05037780
1961	-0.05037392
1962	-0.05039362
1963	-0.05036953
1964	-0.05036778
1965	-0.05037078
1966	-0.05037557
1967	-0.05037823
1968	-0.05037617
1969	-0.05037813
1970	-0.05037996
1971	-0.05038063
1972	-0.05037386
1973	-0.05037124
1974	-0.05036928
1975	-0.05037333
1976	-0.05037930
1977	-0.05038071
1978	-0.05037054
1979	-0.05039333
1980	-0.05037553
1981	-0.05037813
1982	-0.05037412
1983	-0.05037743
1984	-0.05038106
1985	-0.05038318
1986	-0.05038015
1987	-0.05039059
1988	-0.05039411
1989	-0.05037498
1990	-0.05037784
1991	-0.05037432
1992	-0.05038125
1993	-0.05038730
1994	-0.05037608
1995	-0.05038838
1996	-0.05037467
1997	-0.05037128
1998	-0.05038141
1999	-0.05037795
2000	-0.05037905
2001	-0.05039015
2002	-0.05037658
2003	-0.05037433
2004	-0.05039656
2005	-0.05037550
2006	-0.05037401
2007	-0.05037250
2008	-0.05036986
2009	-0.05038482
2010	-0.05038114
2011	-0.05037577
2012	-0.05039515
2013	-0.05036742
2014	-0.05037135
2015	-0.05037746
2016	-0.05038280
2017	-0.05038809
2018	-0.05037907
2019	-0.05037324
2020	-0.05038659
2021	-0.05037732
2022	-0.05037271
2023	-0.05037309
2024	-0.05037408
2025	-0.05037166
2026	-0.05038884
2027	-0.05037408
2028	-0.05038087
2029	-0.05039024
2030	-0.05037507
2031	-0.05037729
2032	-0.05037544
2033	-0.05038230
2034	-0.05038567
2035	-0.05037706
2036	-0.05037057
2037	-0.05039175
2038	-0.05037862
2039	-0.05037744
2040	-0.05038130
2041	-0.05038032
2042	-0.05038546
2043	-0.05038646
2044	-0.05038154
2045	-0.05039004
2046	-0.05039021
2047	-0.05037878
2048	-0.05037945
2049	-0.05037842
2050	-0.05038301
2051	-0.05039310
2052	-0.05038813
2053	-0.05038203
2054	-0.05038830
2055	-0.05037711
2056	-0.05038049
2057	-0.05037891
2058	-0.05037252
2059	-0.05038384
2060	-0.05038045
2061	-0.05038260
2062	-0.05038878
2063	-0.05037145
2064	-0.05037357
2065	-0.05037976
2066	-0.05037887
2067	-0.05038289
2068	-0.05038094
2069	-0.05037810
2070	-0.05038824
2071	-0.05038588
2072	-0.05037959
2073	-0.05038081
2074	-0.05038287
2075	-0.05038571
2076	-0.05039227
2077	-0.05038507
2078	-0.05038253
2079	-0.05039937
2080	-0.05038413
2081	-0.05038429
2082	-0.05038414
2083	-0.05038754
2084	-0.05039334
2085	-0.05039531
2086	-0.05038008
2087	-0.05039892
2088	-0.05038421
2089	-0.05038472
2090	-0.05038797
2091	-0.05038255
2092	-0.05039362
2093	-0.05039626
2094	-0.05039215
2095	-0.05039547
2096	-0.05038879
2097	-0.05037947
2098	-0.05038020
2099	-0.05037694
2100	-0.05038365
2101	-0.05039021
2102	-0.05038152
2103	-0.05038045
2104	-0.05039913
2105	-0.05037787
2106	-0.05038372
2107	-0.05038359
2108	-0.05037861
2109	-0.05039185
2110	-0.05038801
2111	-0.05038293
2112	-0.05040699
2113	-0.05038159
2114	-0.05038439
2115	-0.05038781
2116	-0.05038639
2117	-0.05039047
2118	-0.05039635
2119	-0.05038592
2120	-0.05039914
2121	-0.05038961
2122	-0.05038904
2123	-0.05037528
2124	-0.05038565
2125	-0.05038930
2126	-0.05040040
2127	-0.05039197
2128	-0.05038929
2129	-0.05040461
2130	-0.05038604
2131	-0.05038229
2132	-0.05038658
2133	-0.05039418
2134	-0.05038937
2135	-0.05038943
2136	-0.05038300
2137	-0.05040216
2138	-0.05037926
2139	-0.05038454
2140	-0.05038708
2141	-0.05038025
2142	-0.05038808
2143	-0.05039445
2144	-0.05038659
2145	-0.05039352
2146	-0.05039080
2147	-0.05038472
2148	-0.05039076
2149	-0.05038409
2150	-0.05038960
2151	-0.05039116
2152	-0.05040144
2153	-0.05038494
2154	-0.05040376
2155	-0.05038440
2156	-0.05038612
2157	-0.05038724
2158	-0.05038626
2159	-0.05039774
2160	-0.05039649
2161	-0.05039418
2162	-0.05040664
2163	-0.05038575
2164	-0.05038591
2165	-0.05039129
2166	-0.05038880
2167	-0.05039304
2168	-0.05039932
2169	-0.05038778
2170	-0.05040167
2171	-0.05039478
2172	-0.05038958
2173	-0.05038481
2174	-0.05038523
2175	-0.05039010
2176	-0.05040251
2177	-0.05039145
2178	-0.05038924
2179	-0.05040205
2180	-0.05037857
2181	-0.05039299
2182	-0.05038910
2183	-0.05038665
2184	-0.05038891
2185	-0.05039134
2186	-0.05038184
2187	-0.05040113
2188	-0.05038264
2189	-0.05038882
2190	-0.05038870
2191	-0.05037834
2192	-0.05039052
2193	-0.05039947
2194	-0.05038655
2195	-0.05039969
2196	-0.05038778
2197	-0.05038736
2198	-0.05038892
2199	-0.05039026
2200	-0.05039954
2201	-0.05040280
2202	-0.05039242
2203	-0.05039370
2204	-0.05040079
2205	-0.05038968
2206	-0.05038754
2207	-0.05038880
2208	-0.05038488
2209	-0.05039781
2210	-0.05038009
2211	-0.05038716
2212	-0.05040769
2213	-0.05038586
2214	-0.05038505
2215	-0.05039290
2216	-0.05038845
2217	-0.05038899
2218	-0.05039008
2219	-0.05038719
2220	-0.05039209
2221	-0.05038798
2222	-0.05038509
2223	-0.05039008
2224	-0.05039106
2225	-0.05038663
2226	-0.05039732
2227	-0.05039109
2228	-0.05040226
2229	-0.05041312
2230	-0.05038381
2231	-0.05038843
2232	-0.05038978
2233	-0.05038427
2234	-0.05039138
2235	-0.05038676
2236	-0.05038025
2237	-0.05039984
2238	-0.05038400
2239	-0.05038117
2240	-0.05038724
2241	-0.05038336
2242	-0.05038896
2243	-0.05039745
2244	-0.05038800
2245	-0.05039310
2246	-0.05038505
2247	-0.05038957
2248	-0.05039129
2249	-0.05039287
2250	-0.05039506
2251	-0.05040241
2252	-0.05038801
2253	-0.05039155
2254	-0.05040233
2255	-0.05038715
2256	-0.05038903
2257	-0.05038702
2258	-0.05038415
2259	-0.05040106
2260	-0.05039217
2261	-0.05039357
2262	-0.05040673
2263	-0.05038543
2264	-0.05038700
2265	-0.05039082
2266	-0.05038615
2267	-0.05038933
2268	-0.05039167
2269	-0.05038509
2270	-0.05040100
2271	-0.05038232
2272	-0.05038152
2273	-0.05038499
2274	-0.05038145
2275	-0.05038766
2276	-0.05040037
2277	-0.05039021
2278	-0.05039466
2279	-0.05040106
2280	-0.05038824
2281	-0.05038544
2282	-0.05038790
2283	-0.05039116
2284	-0.05039166
2285	-0.05038742
2286	-0.05038679
2287	-0.05041660
2288	-0.05038157
2289	-0.05039038
2290	-0.05039003
2291	-0.05038607
2292	-0.05039291
2293	-0.05039147
2294	-0.05038777
2295	-0.05039509
2296	-0.05038385
2297	-0.05039122
2298	-0.05038716
2299	-0.05038962
2300	-0.05039048
2301	-0.05039776
2302	-0.05038792
2303	-0.05039043
2304	-0.05039815
2305	-0.05038245
2306	-0.05038742
2307	-0.05038806
2308	-0.05038403
2309	-0.05039687
2310	-0.05039401
2311	-0.05038768
2312	-0.05040634
2313	-0.05038822
2314	-0.05038755
2315	-0.05038969
2316	-0.05037628
2317	-0.05039628
2318	-0.05039315
2319	-0.05038793
2320	-0.05039884
2321	-0.05038480
2322	-0.05038399
2323	-0.05038329
2324	-0.05036986
2325	-0.05038912
2326	-0.05040702
2327	-0.05039052
2328	-0.05039177
2329	-0.05040382
2330	-0.05038470
2331	-0.05038849
2332	-0.05038774
2333	-0.05038681
2334	-0.05039634
2335	-0.05038413
2336	-0.05038461
2337	-0.05040787
2338	-0.05038144
2339	-0.05038033
2340	-0.05038798
2341	-0.05038311
2342	-0.05039300
2343	-0.05039220
2344	-0.05038898
2345	-0.05041417
2346	-0.05038921
2347	-0.05038068
2348	-0.05038762
2349	-0.05038736
2350	-0.05038995
2351	-0.05039595
2352	-0.05038651
2353	-0.05038525
2354	-0.05040426
2355	-0.05038281
2356	-0.05038347
2357	-0.05038483
2358	-0.05038744
2359	-0.05039987
2360	-0.05038758
2361	-0.05038718
2362	-0.05040478
2363	-0.05037484
2364	-0.05039392
2365	-0.05038719
2366	-0.05039091
2367	-0.05039234
2368	-0.05039516
2369	-0.05038868
2370	-0.05040310
2371	-0.05038847
2372	-0.05038949
2373	-0.05038683
2374	-0.05039845
2375	-0.05038883
2376	-0.05040306
2377	-0.05039436
2378	-0.05039423
2379	-0.05040044
2380	-0.05039190
2381	-0.05039306
2382	-0.05038961
2383	-0.05038910
2384	-0.05039246
2385	-0.05039014
2386	-0.05038691
2387	-0.05040787
2388	-0.05038279
2389	-0.05038374
2390	-0.05038667
2391	-0.05037716
2392	-0.05038678
2393	-0.05040202
2394	-0.05038134
2395	-0.05039893
2396	-0.05038328
2397	-0.05038385
2398	-0.05038339
2399	-0.05038235
2400	-0.05038767
2401	-0.05039721
2402	-0.05039477
2403	-0.05039405
2404	-0.05039492
2405	-0.05038606
2406	-0.05038438
2407	-0.05038415
2408	-0.05038552
2409	-0.05039291
2410	-0.05039115
2411	-0.05038555
2412	-0.05040511
2413	-0.05038991
2414	-0.05038459
2415	-0.05039458
2416	-0.05039363
2417	-0.05039710
2418	-0.05039413
2419	-0.05039131
2420	-0.05040207
2421	-0.05038507
2422	-0.05037525
2423	-0.05039420
2424	-0.05039064
2425	-0.05039391
2426	-0.05040113
2427	-0.05039165
2428	-0.05039172
2429	-0.05040076
2430	-0.05039233
2431	-0.05038692
2432	-0.05038043
2433	-0.05038779
2434	-0.05039525
2435	-0.05038848
2436	-0.05038076
2437	-0.05040246
2438	-0.05038070
2439	-0.05037942
2440	-0.05038275
2441	-0.05038223
2442	-0.05038743
2443	-0.05038969
2444	-0.05038767
2445	-0.05039750
2446	-0.05038652
2447	-0.05038313
2448	-0.05038836
2449	-0.05038803
2450	-0.05038980
2451	-0.05039850
2452	-0.05039089
2453	-0.05038726
2454	-0.05040213
2455	-0.05038512
2456	-0.05038776
2457	-0.05038638
2458	-0.05038852
2459	-0.05040776
2460	-0.05039059
2461	-0.05038673
2462	-0.05040599
2463	-0.05038649
2464	-0.05038456
2465	-0.05038926
2466	-0.05039032
2467	-0.05039365
2468	-0.05039527
2469	-0.05038618
2470	-0.05040528
2471	-0.05038793
2472	-0.05038669
2473	-0.05038679
2474	-0.05038623
2475	-0.05039421
2476	-0.05039836
2477	-0.05039047
2478	-0.05039578
2479	-0.05039532
2480	-0.05037298
2481	-0.05038977
2482	-0.05038610
2483	-0.05038519
2484	-0.05039832
2485	-0.05039235
2486	-0.05038580
2487	-0.05040798
2488	-0.05039018
2489	-0.05039093
2490	-0.05038677
2491	-0.05038191
2492	-0.05039168
2493	-0.05039321
2494	-0.05038922
2495	-0.05040437
2496	-0.05038771
2497	-0.05038403
2498	-0.05038712
2499	-0.05036821
2500	-0.05039079
2501	-0.05039609
2502	-0.05038898
2503	-0.05039327
2504	-0.05039895
2505	-0.05038591
2506	-0.05038879
2507	-0.05039035
2508	-0.05039033
2509	-0.05038344
2510	-0.05038820
2511	-0.05038942
2512	-0.05040418
2513	-0.05038504
2514	-0.05038570
2515	-0.05038565
2516	-0.05038646
2517	-0.05039739
2518	-0.05039105
2519	-0.05038523
2520	-0.05040375
2521	-0.05038515
2522	-0.05038704
2523	-0.05038912
2524	-0.05038760
2525	-0.05039484
2526	-0.05040256
2527	-0.05039503
2528	-0.05039243
2529	-0.05040566
2530	-0.05039319
2531	-0.05039421
2532	-0.05039061
2533	-0.05039763
2534	-0.05040167
2535	-0.05039369
2536	-0.05039144
2537	-0.05040857
2538	-0.05038110
2539	-0.05039061
2540	-0.05039015
2541	-0.05038350
2542	-0.05039473
2543	-0.05039803
2544	-0.05039294
2545	-0.05040750
2546	-0.05038873
2547	-0.05038907
2548	-0.05039366
2549	-0.05038836
2550	-0.05039791
2551	-0.05040098
2552	-0.05038734
2553	-0.05039464
2554	-0.05039868
2555	-0.05039289
2556	-0.05039100
2557	-0.05039178
2558	-0.05038793
2559	-0.05039787
2560	-0.05039153
2561	-0.05039051
2562	-0.05040681
2563	-0.05038939
2564	-0.05038834
2565	-0.05038751
2566	-0.05038467
2567	-0.05039630
2568	-0.05039760
2569	-0.05038572
2570	-0.05040610
2571	-0.05039074
2572	-0.05039149
2573	-0.05039531
2574	-0.05038970
2575	-0.05039424
2576	-0.05040536
2577	-0.05039028
2578	-0.05039765
2579	-0.05040347
2580	-0.05039509
2581	-0.05039404
2582	-0.05039241
2583	-0.05039812
2584	-0.05040681
2585	-0.05039236
2586	-0.05040832
2587	-0.05041393
2588	-0.05039306
2589	-0.05038858
2590	-0.05039181
2591	-0.05038889
2592	-0.05039809
2593	-0.05039796
2594	-0.05039259
2595	-0.05040666
2596	-0.05038432
2597	-0.05038673
2598	-0.05039318
2599	-0.05039366
2600	-0.05039372
2601	-0.05040044
2602	-0.05038778
2603	-0.05039803
2604	-0.05039774
2605	-0.05039239
2606	-0.05039230
2607	-0.05039151
2608	-0.05038689
2609	-0.05039744
2610	-0.05039933
2611	-0.05039732
2612	-0.05041062
2613	-0.05039273
2614	-0.05039281
2615	-0.05038427
2616	-0.05039332
2617	-0.05039885
2618	-0.05039949
2619	-0.05039511
2620	-0.05040731
2621	-0.05038689
2622	-0.05039221
2623	-0.05038273
2624	-0.05039051
2625	-0.05039077
2626	-0.05040190
2627	-0.05039699
2628	-0.05040039
2629	-0.05040515
2630	-0.05039777
2631	-0.05039867
2632	-0.05039270
2633	-0.05039801
2634	-0.05040243
2635	-0.05040214
2636	-0.05039491
2637	-0.05041027
2638	-0.05039418
2639	-0.05039691
2640	-0.05039249
2641	-0.05039319
2642	-0.05040294
2643	-0.05040640
2644	-0.05040146
2645	-0.05040702
2646	-0.05039090
2647	-0.05038957
2648	-0.05039424
2649	-0.05039500
2650	-0.05039870
2651	-0.05040055
2652	-0.05039677
2653	-0.05040063
2654	-0.05040687
2655	-0.05039478
2656	-0.05039281
2657	-0.05039607
2658	-0.05039219
2659	-0.05040761
2660	-0.05039663
2661	-0.05039672
2662	-0.05040832
2663	-0.05040047
2664	-0.05039234
2665	-0.05039596
2666	-0.05039006
2667	-0.05039694
2668	-0.05040231
2669	-0.05039347
2670	-0.05040963
2671	-0.05039623
2672	-0.05039416
2673	-0.05039734
2674	-0.05039725
2675	-0.05040051
2676	-0.05041118
2677	-0.05040025
2678	-0.05040222
2679	-0.05040371
2680	-0.05039806
2681	-0.05040149
2682	-0.05040060
2683	-0.05040012
2684	-0.05040373
2685	-0.05040195
2686	-0.05039697
2687	-0.05041283
2688	-0.05039701
2689	-0.05039548
2690	-0.05040095
2691	-0.05040263
2692	-0.05040271
2693	-0.05040369
2694	-0.05039822
2695	-0.05041187
2696	-0.05039460
2697	-0.05039645
2698	-0.05040068
2699	-0.05039936
2700	-0.05040276
2701	-0.05041195
2702	-0.05039287
2703	-0.05040594
2704	-0.05040543
2705	-0.05039734
2706	-0.05040215
2707	-0.05039486
2708	-0.05039161
2709	-0.05041102
2710	-0.05039476
2711	-0.05039986
2712	-0.05041595
2713	-0.05039769
2714	-0.05039691
2715	-0.05039406
2716	-0.05039599
2717	-0.05040284
2718	-0.05040133
2719	-0.05039225
2720	-0.05041223
2721	-0.05038699
2722	-0.05040072
2723	-0.05040157
2724	-0.05039549
2725	-0.05040362
2726	-0.05040453
2727	-0.05039965
2728	-0.05040646
2729	-0.05040745
2730	-0.05040123
2731	-0.05040625
2732	-0.05039907
2733	-0.05039898
2734	-0.05040755
2735	-0.05039727
2736	-0.05039737
2737	-0.05041474
2738	-0.05039533
2739	-0.05039655
2740	-0.05040052
2741	-0.05039494
2742	-0.05040528
2743	-0.05040592
2744	-0.05040061
2745	-0.05041412
2746	-0.05039754
2747	-0.05040104
2748	-0.05040347
2749	-0.05039144
2750	-0.05041584
2751	-0.05040980
2752	-0.05040183
2753	-0.05041155
2754	-0.05040724
2755	-0.05039900
2756	-0.05040198
2757	-0.05039602
2758	-0.05040520
2759	-0.05041480
2760	-0.05041487
2761	-0.05040445
2762	-0.05040947
2763	-0.05040265
2764	-0.05040108
2765	-0.05040126
2766	-0.05040146
2767	-0.05040514
2768	-0.05040435
2769	-0.05039069
2770	-0.05041324
2771	-0.05039478
2772	-0.05039519
2773	-0.05039341
2774	-0.05039606
2775	-0.05040281
2776	-0.05040841
2777	-0.05040055
2778	-0.05040700
2779	-0.05040392
2780	-0.05039737
2781	-0.05040319
2782	-0.05039921
2783	-0.05040260
2784	-0.05041291
2785	-0.05040610
2786	-0.05039972
2787	-0.05041919
2788	-0.05039604
2789	-0.05040201
2790	-0.05039963
2791	-0.05039573
2792	-0.05040904
2793	-0.05040882
2794	-0.05040190
2795	-0.05041215
2796	-0.05039326
2797	-0.05039641
2798	-0.05040260
2799	-0.05039515
2800	-0.05040777
2801	-0.05040785
2802	-0.05039857
2803	-0.05040951
2804	-0.05040776
2805	-0.05040071
2806	-0.05040340
2807	-0.05039145
2808	-0.05039862
2809	-0.05041400
2810	-0.05040277
2811	-0.05040046
2812	-0.05041323
2813	-0.05040005
2814	-0.05040078
2815	-0.05039841
2816	-0.05039797
2817	-0.05040755
2818	-0.05039835
2819	-0.05040016
2820	-0.05041353
2821	-0.05039755
2822	-0.05039552
2823	-0.05039679
2824	-0.05039680
2825	-0.05040761
2826	-0.05040557
2827	-0.05038304
2828	-0.05040674
2829	-0.05040403
2830	-0.05039653
2831	-0.05040051
2832	-0.05039822
2833	-0.05040384
2834	-0.05040719
2835	-0.05040351
2836	-0.05040045
2837	-0.05041533
2838	-0.05039698
2839	-0.05039729
2840	-0.05040125
2841	-0.05039928
2842	-0.05041042
2843	-0.05040395
2844	-0.05039942
2845	-0.05041850
2846	-0.05039366
2847	-0.05040200
2848	-0.05040179
2849	-0.05039892
2850	-0.05040242
2851	-0.05040648
2852	-0.05039591
2853	-0.05040260
2854	-0.05040249
2855	-0.05039243
2856	-0.05039982
2857	-0.05039940
2858	-0.05039919
2859	-0.05040948
2860	-0.05040312
2861	-0.05039989
2862	-0.05041150
2863	-0.05039931
2864	-0.05039671
2865	-0.05039986
2866	-0.05040245
2867	-0.05040909
2868	-0.05040561
2869	-0.05039863
2870	-0.05041385
2871	-0.05039573
2872	-0.05039298
2873	-0.05039959
2874	-0.05039963
2875	-0.05039944
2876	-0.05040984
2877	-0.05040501
2878	-0.05040783
2879	-0.05040223
2880	-0.05039482
2881	-0.05039955
2882	-0.05039971
2883	-0.05039971
2884	-0.05041087
2885	-0.05035150
2886	-0.05039833
2887	-0.05041825
2888	-0.05039813
2889	-0.05040015
2890	-0.05039861
2891	-0.05039951
2892	-0.05040392
2893	-0.05040817
2894	-0.05040009
2895	-0.05041405
2896	-0.05039948
2897	-0.05039763
2898	-0.05040082
2899	-0.05039896
2900	-0.05040482
2901	-0.05040864
2902	-0.05039547
2903	-0.05041147
2904	-0.05040243
2905	-0.05040107
2906	-0.05039994
2907	-0.05039710
2908	-0.05040041
2909	-0.05041154
2910	-0.05039961
2911	-0.05040200
2912	-0.05041577
2913	-0.05040537
2914	-0.05038165
2915	-0.05039850
2916	-0.05039861
2917	-0.05040403
2918	-0.05039711
2919	-0.05039667
2920	-0.05041672
2921	-0.05039757
2922	-0.05039769
2923	-0.05039734
2924	-0.05040461
2925	-0.05040145
2926	-0.05040849
2927	-0.05039924
2928	-0.05040958
2929	-0.05039992
2930	-0.05039829
2931	-0.05040293
2932	-0.05039724
2933	-0.05040249
2934	-0.05041029
2935	-0.05040635
2936	-0.05039885
2937	-0.05041543
2938	-0.05040148
2939	-0.05039707
2940	-0.05039975
2941	-0.05040076
2942	-0.05041553
2943	-0.05040253
2944	-0.05040652
2945	-0.05041869
2946	-0.05040386
2947	-0.05040238
2948	-0.05040759
2949	-0.05040151
2950	-0.05040959
2951	-0.05041199
2952	-0.05040099
2953	-0.05042016
2954	-0.05040558
2955	-0.05040034
2956	-0.05039966
2957	-0.05039426
2958	-0.05039887
2959	-0.05041409
2960	-0.05039946
2961	-0.05040876
2962	-0.05042723
2963	-0.05039966
2964	-0.05039966
2965	-0.05039568
2966	-0.05040561
2967	-0.05040757
2968	-0.05040504
2969	-0.05039803
2970	-0.05041425
2971	-0.05039132
2972	-0.05040121
2973	-0.05039759
2974	-0.05040115
2975	-0.05040708
2976	-0.05041058
2977	-0.05040530
2978	-0.05041159
2979	-0.05040619
2980	-0.05039629
2981	-0.05040069
2982	-0.05039662
2983	-0.05040760
2984	-0.05040960
2985	-0.05040554
2986	-0.05040474
2987	-0.05041535
2988	-0.05040119
2989	-0.05040450
2990	-0.05040645
2991	-0.05040973
2992	-0.05041217
2993	-0.05041045
2994	-0.05040212
2995	-0.05041941
2996	-0.05040162
2997	-0.05039809
2998	-0.05040307
2999	-0.05040448
3000	-0.05041424