	C:\Users\jkuzm\OneDrive - University of Massachusetts\HRSL x UMILL-PUMA Fatigue - Fatigue\Data\F01\FR3_static2.c3d _ImpedanceExport
	LCAL2
	TARGET
	ORIGINAL
ITEM	Y
1	0.24854471
2	0.24856628
3	0.24853881
4	0.24856785
5	0.24854204
6	0.24852142
7	0.24852398
8	0.24845079
9	0.24847786
10	0.24850248
11	0.24851356
12	0.24845637
13	0.24849515
14	0.24847692
15	0.24850763
16	0.24850540
17	0.24851605
18	0.24851903
19	0.24850015
20	0.24847648
21	0.24848646
22	0.24848309
23	0.24848486
24	0.24846329
25	0.24848959
26	0.24850473
27	0.24847932
28	0.24848607
29	0.24851067
30	0.24853796
31	0.24849179
32	0.24851546
33	0.24849826
34	0.24848512
35	0.24849816
36	0.24848342
37	0.24853308
38	0.24848332
39	0.24850979
40	0.24849348
41	0.24850462
42	0.24851543
43	0.24848418
44	0.24851306
45	0.24849251
46	0.24847265
47	0.24850188
48	0.24851429
49	0.24851999
50	0.24851948
51	0.24850670
52	0.24851130
53	0.24849744
54	0.24852887
55	0.24852131
56	0.24850473
57	0.24851331
58	0.24851067
59	0.24850121
60	0.24852343
61	0.24852490
62	0.24851871
63	0.24850507
64	0.24854045
65	0.24850324
66	0.24851762
67	0.24853027
68	0.24850774
69	0.24852309
70	0.24854654
71	0.24851601
72	0.24856061
73	0.24854058
74	0.24852875
75	0.24854785
76	0.24852011
77	0.24851045
78	0.24854852
79	0.24853720
80	0.24855085
81	0.24852955
82	0.24855834
83	0.24851289
84	0.24852519
85	0.24852823
86	0.24854051
87	0.24851403
88	0.24856018
89	0.24852109
90	0.24850005
91	0.24853283
92	0.24853858
93	0.24852625
94	0.24854912
95	0.24854659
96	0.24852802
97	0.24855496
98	0.24854445
99	0.24852388
100	0.24851440
101	0.24853577
102	0.24853536
103	0.24854113
104	0.24855536
105	0.24854541
106	0.24856837
107	0.24855269
108	0.24854630
109	0.24857114
110	0.24858245
111	0.24856125
112	0.24858113
113	0.24857180
114	0.24856427
115	0.24855205
116	0.24856684
117	0.24858460
118	0.24855277
119	0.24857920
120	0.24854937
121	0.24856889
122	0.24857591
123	0.24853639
124	0.24855028
125	0.24854906
126	0.24858353
127	0.24857447
128	0.24858128
129	0.24857529
130	0.24860184
131	0.24859482
132	0.24858822
133	0.24858959
134	0.24860343
135	0.24859740
136	0.24860379
137	0.24859978
138	0.24861602
139	0.24856775
140	0.24860425
141	0.24860902
142	0.24861640
143	0.24861781
144	0.24863207
145	0.24857078
146	0.24859521
147	0.24863800
148	0.24859247
149	0.24860722
150	0.24863422
151	0.24859415
152	0.24860416
153	0.24855423
154	0.24859071
155	0.24859062
156	0.24858278
157	0.24858809
158	0.24861784
159	0.24862203
160	0.24863411
161	0.24862289
162	0.24863371
163	0.24860895
164	0.24862808
165	0.24856901
166	0.24862307
167	0.24861985
168	0.24862343
169	0.24862629
170	0.24863020
171	0.24863432
172	0.24861926
173	0.24866834
174	0.24865170
175	0.24864101
176	0.24862489
177	0.24864556
178	0.24866934
179	0.24865291
180	0.24865972
181	0.24862809
182	0.24865209
183	0.24868168
184	0.24866503
185	0.24867621
186	0.24867094
187	0.24865609
188	0.24868633
189	0.24868433
190	0.24867447
191	0.24866831
192	0.24867387
193	0.24869157
194	0.24864601
195	0.24868457
196	0.24868505
197	0.24863264
198	0.24868074
199	0.24867670
200	0.24868208
201	0.24869405
202	0.24867480
203	0.24870235
204	0.24870715
205	0.24863476
206	0.24871771
207	0.24869531
208	0.24869137
209	0.24868089
210	0.24866955
211	0.24865788
212	0.24871738
213	0.24870729
214	0.24872625
215	0.24872224
216	0.24872789
217	0.24872418
218	0.24868973
219	0.24870668
220	0.24872948
221	0.24869402
222	0.24871998
223	0.24873540
224	0.24873523
225	0.24870649
226	0.24871320
227	0.24872662
228	0.24870841
229	0.24875332
230	0.24874887
231	0.24874249
232	0.24872813
233	0.24873117
234	0.24871558
235	0.24873847
236	0.24873292
237	0.24875382
238	0.24876717
239	0.24873085
240	0.24876612
241	0.24875148
242	0.24874711
243	0.24875768
244	0.24877453
245	0.24879006
246	0.24879910
247	0.24876034
248	0.24876949
249	0.24876188
250	0.24876015
251	0.24876022
252	0.24878111
253	0.24877703
254	0.24877892
255	0.24877308
256	0.24876107
257	0.24877860
258	0.24876510
259	0.24878587
260	0.24877049
261	0.24878471
262	0.24878304
263	0.24876300
264	0.24876781
265	0.24875610
266	0.24875708
267	0.24877028
268	0.24875630
269	0.24880597
270	0.24878193
271	0.24875788
272	0.24879578
273	0.24876115
274	0.24878326
275	0.24875596
276	0.24874739
277	0.24875848
278	0.24876940
279	0.24878234
280	0.24877447
281	0.24877228
282	0.24879023
283	0.24876995
284	0.24875468
285	0.24877486
286	0.24876595
287	0.24877053
288	0.24874251
289	0.24879135
290	0.24880159
291	0.24881576
292	0.24874578
293	0.24880013
294	0.24880370
295	0.24874341
296	0.24877101
297	0.24874936
298	0.24875392
299	0.24877653
300	0.24879231
301	0.24877998
302	0.24877851
303	0.24880688
304	0.24876541
305	0.24879308
306	0.24879399
307	0.24879998
308	0.24877585
309	0.24875805
310	0.24876857
311	0.24882290
312	0.24874337
313	0.24878477
314	0.24881259
315	0.24877620
316	0.24880213
317	0.24881072
318	0.24878500
319	0.24878164
320	0.24874625
321	0.24879418
322	0.24881069
323	0.24879460
324	0.24880373
325	0.24881087
326	0.24878365
327	0.24882640
328	0.24882518
329	0.24883439
330	0.24880330
331	0.24884295
332	0.24876630
333	0.24882613
334	0.24880679
335	0.24880046
336	0.24881797
337	0.24881817
338	0.24884062
339	0.24883802
340	0.24878521
341	0.24882668
342	0.24881427
343	0.24884155
344	0.24877681
345	0.24883994
346	0.24883129
347	0.24882062
348	0.24882345
349	0.24882858
350	0.24886398
351	0.24883096
352	0.24880008
353	0.24884833
354	0.24883747
355	0.24883841
356	0.24885374
357	0.24884264
358	0.24884850
359	0.24888887
360	0.24884415
361	0.24887323
362	0.24886292
363	0.24882966
364	0.24882780
365	0.24885871
366	0.24882860
367	0.24887675
368	0.24887535
369	0.24882506
370	0.24888891
371	0.24884854
372	0.24887158
373	0.24884275
374	0.24886221
375	0.24885885
376	0.24884008
377	0.24886298
378	0.24887015
379	0.24886234
380	0.24885665
381	0.24890159
382	0.24889040
383	0.24886654
384	0.24885251
385	0.24887018
386	0.24886744
387	0.24885744
388	0.24886580
389	0.24886890
390	0.24887034
391	0.24887627
392	0.24887235
393	0.24889044
394	0.24889123
395	0.24888720
396	0.24887729
397	0.24890085
398	0.24888906
399	0.24884748
400	0.24889377
401	0.24887644
402	0.24889195
403	0.24888678
404	0.24886060
405	0.24888293
406	0.24889286
407	0.24889262
408	0.24888672
409	0.24892771
410	0.24889493
411	0.24888183
412	0.24890994
413	0.24892309
414	0.24891064
415	0.24893516
416	0.24893782
417	0.24890272
418	0.24892560
419	0.24891692
420	0.24889587
421	0.24891971
422	0.24891108
423	0.24890658
424	0.24891213
425	0.24889058
426	0.24893107
427	0.24890286
428	0.24890275
429	0.24891202
430	0.24887200
431	0.24889188
432	0.24891894
433	0.24892730
434	0.24890235
435	0.24892022
436	0.24889585
437	0.24888732
438	0.24888086
439	0.24892019
440	0.24889447
441	0.24889509
442	0.24887215
443	0.24891214
444	0.24890603
445	0.24889702
446	0.24892128
447	0.24893346
448	0.24890494
449	0.24887373
450	0.24890645
451	0.24891262
452	0.24889721
453	0.24890384
454	0.24889219
455	0.24890313
456	0.24892691
457	0.24893484
458	0.24891953
459	0.24888386
460	0.24891660
461	0.24891564
462	0.24888743
463	0.24888720
464	0.24886097
465	0.24888392
466	0.24886912
467	0.24888591
468	0.24888922
469	0.24889535
470	0.24890785
471	0.24889433
472	0.24885781
473	0.24887839
474	0.24887070
475	0.24884936
476	0.24885178
477	0.24887022
478	0.24885297
479	0.24887829
480	0.24886081
481	0.24886069
482	0.24887548
483	0.24888091
484	0.24885657
485	0.24883780
486	0.24885477
487	0.24883017
488	0.24885175
489	0.24885397
490	0.24887212
491	0.24884345
492	0.24887840
493	0.24884342
494	0.24884120
495	0.24881710
496	0.24883401
497	0.24886209
498	0.24882981
499	0.24883470
500	0.24881172
501	0.24879169
502	0.24880140
503	0.24885342
504	0.24879052
505	0.24880110
506	0.24880289
507	0.24879168
508	0.24878457
509	0.24876864
510	0.24874909
511	0.24876976
512	0.24875806
513	0.24881002
514	0.24875480
515	0.24875477
516	0.24875124
517	0.24875867
518	0.24872394
519	0.24870972
520	0.24872389
521	0.24868605
522	0.24875914
523	0.24875310
524	0.24868226
525	0.24872263
526	0.24867763
527	0.24870715
528	0.24866270
529	0.24866591
530	0.24866834
531	0.24869165
532	0.24865882
533	0.24868569
534	0.24867611
535	0.24868611
536	0.24866451
537	0.24868573
538	0.24865691
539	0.24866258
540	0.24864514
541	0.24864982
542	0.24864605
543	0.24862793
544	0.24863920
545	0.24865623
546	0.24867654
547	0.24864157
548	0.24862595
549	0.24864188
550	0.24862617
551	0.24863374
552	0.24861221
553	0.24859928
554	0.24860580
555	0.24859793
556	0.24861723
557	0.24858893
558	0.24861577
559	0.24859972
560	0.24858402
561	0.24858597
562	0.24856365
563	0.24855144
564	0.24854094
565	0.24857171
566	0.24857664
567	0.24857825
568	0.24856696
569	0.24859791
570	0.24856861
571	0.24856672
572	0.24854191
573	0.24855207
574	0.24854097
575	0.24855396
576	0.24856706
577	0.24855155
578	0.24856779
579	0.24858826
580	0.24854608
581	0.24855664
582	0.24853285
583	0.24854809
584	0.24850830
585	0.24850729
586	0.24854304
587	0.24852537
588	0.24851683
589	0.24853803
590	0.24854074
591	0.24854591
592	0.24852045
593	0.24853809
594	0.24851030
595	0.24850939
596	0.24850649
597	0.24846780
598	0.24849173
599	0.24848530
600	0.24848612