	C:\Users\jkuzm\OneDrive - University of Massachusetts\HRSL x UMILL-PUMA Fatigue - Fatigue\Data\F01\FR3_static2.c3d _ImpedanceExport
	LMT5H
	TARGET
	ORIGINAL
ITEM	X
1	0.07057018
2	0.07057330
3	0.07057066
4	0.07058704
5	0.07056078
6	0.07056018
7	0.07055670
8	0.07057077
9	0.07057940
10	0.07055449
11	0.07056224
12	0.07058308
13	0.07056237
14	0.07056782
15	0.07056247
16	0.07056512
17	0.07057875
18	0.07057028
19	0.07058499
20	0.07056910
21	0.07055108
22	0.07055667
23	0.07056130
24	0.07057162
25	0.07055525
26	0.07055619
27	0.07055781
28	0.07055610
29	0.07056090
30	0.07058080
31	0.07056576
32	0.07059176
33	0.07059194
34	0.07056975
35	0.07056484
36	0.07057557
37	0.07055824
38	0.07056781
39	0.07057294
40	0.07056572
41	0.07055753
42	0.07057996
43	0.07055971
44	0.07056564
45	0.07055677
46	0.07055297
47	0.07055259
48	0.07055432
49	0.07054599
50	0.07056451
51	0.07056507
52	0.07055996
53	0.07055375
54	0.07055052
55	0.07054653
56	0.07055443
57	0.07054683
58	0.07057430
59	0.07054527
60	0.07055019
61	0.07054801
62	0.07056312
63	0.07054602
64	0.07054225
65	0.07054184
66	0.07056351
67	0.07055356
68	0.07055208
69	0.07055137
70	0.07056381
71	0.07056078
72	0.07054917
73	0.07055801
74	0.07056099
75	0.07055224
76	0.07057332
77	0.07056078
78	0.07056975
79	0.07058223
80	0.07055686
81	0.07057830
82	0.07057932
83	0.07059143
84	0.07055949
85	0.07055712
86	0.07056157
87	0.07055926
88	0.07056297
89	0.07057211
90	0.07055940
91	0.07057522
92	0.07058211
93	0.07056681
94	0.07058360
95	0.07055689
96	0.07057635
97	0.07056433
98	0.07057851
99	0.07057055
100	0.07056492
101	0.07056141
102	0.07057818
103	0.07058001
104	0.07059500
105	0.07056633
106	0.07059800
107	0.07058118
108	0.07059433
109	0.07059431
110	0.07059538
111	0.07057449
112	0.07056699
113	0.07056697
114	0.07057787
115	0.07058192
116	0.07057719
117	0.07060609
118	0.07059624
119	0.07059948
120	0.07061228
121	0.07056997
122	0.07057396
123	0.07059078
124	0.07056586
125	0.07057562
126	0.07059156
127	0.07059147
128	0.07057609
129	0.07058930
130	0.07055487
131	0.07056519
132	0.07057443
133	0.07056686
134	0.07055165
135	0.07057218
136	0.07055999
137	0.07057392
138	0.07056747
139	0.07055414
140	0.07055238
141	0.07057242
142	0.07054757
143	0.07055292
144	0.07053896
145	0.07054482
146	0.07055710
147	0.07054602
148	0.07055291
149	0.07055066
150	0.07055409
151	0.07055186
152	0.07055347
153	0.07056624
154	0.07055144
155	0.07054155
156	0.07056636
157	0.07053935
158	0.07056904
159	0.07056733
160	0.07055543
161	0.07055490
162	0.07055409
163	0.07054935
164	0.07055913
165	0.07055506
166	0.07055934
167	0.07054942
168	0.07055219
169	0.07056096
170	0.07057393
171	0.07056603
172	0.07055864
173	0.07056852
174	0.07056934
175	0.07055491
176	0.07057413
177	0.07059024
178	0.07058606
179	0.07057518
180	0.07059804
181	0.07057928
182	0.07059021
183	0.07058845
184	0.07060239
185	0.07059748
186	0.07060304
187	0.07060067
188	0.07058001
189	0.07060982
190	0.07060368
191	0.07060501
192	0.07059912
193	0.07060549
194	0.07059655
195	0.07060070
196	0.07058521
197	0.07058126
198	0.07059975
199	0.07058939
200	0.07058436
201	0.07060379
202	0.07059479
203	0.07057169
204	0.07058358
205	0.07058123
206	0.07057126
207	0.07057846
208	0.07057638
209	0.07055826
210	0.07057257
211	0.07057396
212	0.07058301
213	0.07058171
214	0.07057526
215	0.07057925
216	0.07057945
217	0.07057152
218	0.07057342
219	0.07058420
220	0.07055634
221	0.07057609
222	0.07055595
223	0.07056653
224	0.07056555
225	0.07056144
226	0.07056428
227	0.07057339
228	0.07055973
229	0.07057308
230	0.07056344
231	0.07057136
232	0.07058140
233	0.07057316
234	0.07056601
235	0.07057878
236	0.07057993
237	0.07055738
238	0.07056552
239	0.07055947
240	0.07056127
241	0.07056372
242	0.07055012
243	0.07054619
244	0.07056103
245	0.07055979
246	0.07055860
247	0.07055560
248	0.07055059
249	0.07055635
250	0.07055968
251	0.07056286
252	0.07054406
253	0.07056183
254	0.07055011
255	0.07054439
256	0.07054065
257	0.07056121
258	0.07055780
259	0.07055725
260	0.07056273
261	0.07057988
262	0.07054862
263	0.07056211
264	0.07056414
265	0.07055175
266	0.07056314
267	0.07055525
268	0.07055230
269	0.07056120
270	0.07057251
271	0.07057859
272	0.07057487
273	0.07054436
274	0.07058067
275	0.07056145
276	0.07055957
277	0.07056791
278	0.07056604
279	0.07056265
280	0.07055824
281	0.07056653
282	0.07057304
283	0.07057554
284	0.07054555
285	0.07054861
286	0.07055720
287	0.07053860
288	0.07055164
289	0.07055999
290	0.07057252
291	0.07056238
292	0.07054422
293	0.07057395
294	0.07056776
295	0.07056088
296	0.07057529
297	0.07056829
298	0.07057366
299	0.07055084
300	0.07057737
301	0.07058009
302	0.07056562
303	0.07056122
304	0.07058642
305	0.07058340
306	0.07055405
307	0.07056316
308	0.07055983
309	0.07056352
310	0.07055367
311	0.07056287
312	0.07054778
313	0.07055657
314	0.07057001
315	0.07057634
316	0.07055987
317	0.07055625
318	0.07057071
319	0.07057713
320	0.07055845
321	0.07056297
322	0.07057566
323	0.07056449
324	0.07055449
325	0.07056513
326	0.07057910
327	0.07056769
328	0.07056718
329	0.07055853
330	0.07058456
331	0.07058243
332	0.07058553
333	0.07056904
334	0.07056377
335	0.07058362
336	0.07056750
337	0.07055574
338	0.07057144
339	0.07056905
340	0.07057483
341	0.07055148
342	0.07058413
343	0.07056996
344	0.07059059
345	0.07055787
346	0.07058266
347	0.07059559
348	0.07057738
349	0.07057867
350	0.07058275
351	0.07057482
352	0.07057098
353	0.07057887
354	0.07055822
355	0.07057387
356	0.07057402
357	0.07057545
358	0.07057381
359	0.07057958
360	0.07058079
361	0.07056132
362	0.07057185
363	0.07057183
364	0.07057729
365	0.07057253
366	0.07057459
367	0.07058427
368	0.07059640
369	0.07058023
370	0.07058149
371	0.07058791
372	0.07059902
373	0.07059155
374	0.07058891
375	0.07060162
376	0.07058944
377	0.07057435
378	0.07059613
379	0.07058555
380	0.07059635
381	0.07059085
382	0.07058474
383	0.07058179
384	0.07057390
385	0.07057390
386	0.07056647
387	0.07057474
388	0.07056980
389	0.07058692
390	0.07057077
391	0.07057903
392	0.07056636
393	0.07057741
394	0.07060221
395	0.07057692
396	0.07058700
397	0.07058882
398	0.07057741
399	0.07058998
400	0.07056908
401	0.07058830
402	0.07058581
403	0.07059018
404	0.07057853
405	0.07059353
406	0.07057245
407	0.07059107
408	0.07056729
409	0.07056459
410	0.07059393
411	0.07057888
412	0.07059120
413	0.07056625
414	0.07057296
415	0.07057632
416	0.07057323
417	0.07057529
418	0.07058778
419	0.07056607
420	0.07056803
421	0.07057595
422	0.07055379
423	0.07055823
424	0.07056257
425	0.07056993
426	0.07056581
427	0.07056460
428	0.07056820
429	0.07056316
430	0.07056537
431	0.07056916
432	0.07057428
433	0.07057305
434	0.07056276
435	0.07057542
436	0.07056790
437	0.07058934
438	0.07058691
439	0.07058408
440	0.07057053
441	0.07057781
442	0.07057105
443	0.07056618
444	0.07058523
445	0.07057735
446	0.07059300
447	0.07056894
448	0.07058024
449	0.07058275
450	0.07058151
451	0.07057581
452	0.07057472
453	0.07058029
454	0.07056211
455	0.07058119
456	0.07057454
457	0.07057393
458	0.07057305
459	0.07057714
460	0.07057410
461	0.07058303
462	0.07057596
463	0.07058070
464	0.07056107
465	0.07056920
466	0.07056666
467	0.07057024
468	0.07057773
469	0.07056697
470	0.07057627
471	0.07058018
472	0.07056568
473	0.07058182
474	0.07057770
475	0.07056580
476	0.07058683
477	0.07058067
478	0.07057597
479	0.07059254
480	0.07058693
481	0.07059762
482	0.07058881
483	0.07061004
484	0.07058924
485	0.07059112
486	0.07060125
487	0.07057325
488	0.07058930
489	0.07058873
490	0.07057498
491	0.07058717
492	0.07058405
493	0.07060071
494	0.07059626
495	0.07060405
496	0.07059393
497	0.07058775
498	0.07058362
499	0.07059397
500	0.07057857
501	0.07058910
502	0.07059467
503	0.07058712
504	0.07057530
505	0.07058047
506	0.07059973
507	0.07059044
508	0.07059075
509	0.07059842
510	0.07058311
511	0.07057591
512	0.07060371
513	0.07060505
514	0.07060536
515	0.07058351
516	0.07059594
517	0.07059801
518	0.07059440
519	0.07059508
520	0.07059795
521	0.07058320
522	0.07059414
523	0.07058544
524	0.07058935
525	0.07057906
526	0.07058425
527	0.07058179
528	0.07057977
529	0.07059536
530	0.07058097
531	0.07055616
532	0.07056234
533	0.07058101
534	0.07056832
535	0.07057074
536	0.07055020
537	0.07057336
538	0.07057641
539	0.07057651
540	0.07057541
541	0.07056242
542	0.07057586
543	0.07056112
544	0.07055958
545	0.07056685
546	0.07057273
547	0.07056050
548	0.07057057
549	0.07057511
550	0.07057868
551	0.07056133
552	0.07054334
553	0.07055590
554	0.07054548
555	0.07053380
556	0.07053785
557	0.07054669
558	0.07053620
559	0.07056208
560	0.07056165
561	0.07056863
562	0.07055984
563	0.07055587
564	0.07057371
565	0.07055195
566	0.07057223
567	0.07056943
568	0.07057770
569	0.07059197
570	0.07060196
571	0.07056289
572	0.07059377
573	0.07059010
574	0.07058830
575	0.07059608
576	0.07057629
577	0.07058760
578	0.07059656
579	0.07057602
580	0.07058162
581	0.07057910
582	0.07059656
583	0.07058106
584	0.07056894
585	0.07057723
586	0.07058056
587	0.07057787
588	0.07058709
589	0.07057535
590	0.07056765
591	0.07059695
592	0.07058576
593	0.07059699
594	0.07058688
595	0.07058520
596	0.07057432
597	0.07057062
598	0.07056804
599	0.07057204
600	0.07057978