	C:\Users\jkuzm\OneDrive - University of Massachusetts\HRSL x UMILL-PUMA Fatigue - Fatigue\Data\F01\FR3_static2.c3d _ImpedanceExport
	LMT5H
	TARGET
	ORIGINAL
ITEM	Z
1	0.03415145
2	0.03416634
3	0.03415903
4	0.03415553
5	0.03416603
6	0.03416557
7	0.03418853
8	0.03418792
9	0.03419370
10	0.03419058
11	0.03419844
12	0.03420141
13	0.03420787
14	0.03418933
15	0.03418552
16	0.03419838
17	0.03416992
18	0.03419121
19	0.03418794
20	0.03419207
21	0.03421759
22	0.03420718
23	0.03422216
24	0.03417754
25	0.03420364
26	0.03417444
27	0.03416596
28	0.03417996
29	0.03414785
30	0.03416662
31	0.03422150
32	0.03417664
33	0.03419505
34	0.03415975
35	0.03416918
36	0.03413614
37	0.03415571
38	0.03414542
39	0.03416101
40	0.03416194
41	0.03415768
42	0.03417858
43	0.03418517
44	0.03417448
45	0.03420327
46	0.03417505
47	0.03416206
48	0.03415607
49	0.03416885
50	0.03415648
51	0.03418835
52	0.03421174
53	0.03417469
54	0.03418288
55	0.03416407
56	0.03419126
57	0.03417910
58	0.03419062
59	0.03419343
60	0.03415530
61	0.03417753
62	0.03419638
63	0.03416574
64	0.03416466
65	0.03418119
66	0.03418279
67	0.03416869
68	0.03416814
69	0.03419593
70	0.03416722
71	0.03416529
72	0.03414839
73	0.03416014
74	0.03419969
75	0.03415259
76	0.03419606
77	0.03418161
78	0.03416028
79	0.03418496
80	0.03414338
81	0.03414902
82	0.03419259
83	0.03414574
84	0.03416849
85	0.03415306
86	0.03417484
87	0.03416654
88	0.03417835
89	0.03422178
90	0.03418971
91	0.03418032
92	0.03418896
93	0.03414289
94	0.03413777
95	0.03418223
96	0.03419242
97	0.03418338
98	0.03419157
99	0.03417614
100	0.03419418
101	0.03419439
102	0.03417003
103	0.03421524
104	0.03420454
105	0.03419469
106	0.03420470
107	0.03421524
108	0.03419567
109	0.03421859
110	0.03421600
111	0.03422902
112	0.03422734
113	0.03421102
114	0.03422652
115	0.03420747
116	0.03421316
117	0.03419517
118	0.03422476
119	0.03421637
120	0.03423344
121	0.03422432
122	0.03424127
123	0.03423079
124	0.03419184
125	0.03420668
126	0.03422433
127	0.03420351
128	0.03417242
129	0.03421834
130	0.03417602
131	0.03419115
132	0.03422145
133	0.03418495
134	0.03420275
135	0.03417554
136	0.03419657
137	0.03418414
138	0.03415848
139	0.03416294
140	0.03416887
141	0.03419476
142	0.03419952
143	0.03421183
144	0.03420053
145	0.03417980
146	0.03416936
147	0.03417611
148	0.03417212
149	0.03417798
150	0.03418689
151	0.03419545
152	0.03419696
153	0.03418042
154	0.03420968
155	0.03417933
156	0.03417561
157	0.03416584
158	0.03416193
159	0.03415225
160	0.03415570
161	0.03415581
162	0.03415687
163	0.03415002
164	0.03415377
165	0.03417633
166	0.03418223
167	0.03419729
168	0.03416277
169	0.03416304
170	0.03413967
171	0.03414121
172	0.03416292
173	0.03417731
174	0.03416919
175	0.03416081
176	0.03419229
177	0.03416996
178	0.03417118
179	0.03418064
180	0.03420051
181	0.03416393
182	0.03415724
183	0.03415725
184	0.03418768
185	0.03419831
186	0.03419460
187	0.03418286
188	0.03418176
189	0.03421208
190	0.03418950
191	0.03416742
192	0.03417766
193	0.03417824
194	0.03416829
195	0.03417862
196	0.03418091
197	0.03417865
198	0.03416255
199	0.03416632
200	0.03417186
201	0.03416041
202	0.03417719
203	0.03414614
204	0.03415255
205	0.03412845
206	0.03414623
207	0.03414493
208	0.03416319
209	0.03416296
210	0.03417578
211	0.03416034
212	0.03416127
213	0.03416823
214	0.03416705
215	0.03413102
216	0.03416812
217	0.03414524
218	0.03415210
219	0.03416443
220	0.03414644
221	0.03414716
222	0.03414313
223	0.03414138
224	0.03413611
225	0.03412622
226	0.03413561
227	0.03412830
228	0.03411697
229	0.03414758
230	0.03414051
231	0.03416282
232	0.03413779
233	0.03414180
234	0.03412852
235	0.03414071
236	0.03413393
237	0.03413323
238	0.03412837
239	0.03412217
240	0.03411018
241	0.03412303
242	0.03414738
243	0.03415284
244	0.03413116
245	0.03411089
246	0.03411888
247	0.03415873
248	0.03411514
249	0.03412537
250	0.03413540
251	0.03414197
252	0.03413594
253	0.03411200
254	0.03415180
255	0.03413813
256	0.03411606
257	0.03412839
258	0.03411171
259	0.03411873
260	0.03411917
261	0.03409915
262	0.03411086
263	0.03412513
264	0.03410922
265	0.03410758
266	0.03412546
267	0.03411235
268	0.03409896
269	0.03411814
270	0.03410110
271	0.03410241
272	0.03410636
273	0.03411404
274	0.03409803
275	0.03410406
276	0.03410167
277	0.03412662
278	0.03410525
279	0.03409653
280	0.03409535
281	0.03408243
282	0.03405923
283	0.03407773
284	0.03408816
285	0.03409375
286	0.03408333
287	0.03407901
288	0.03407677
289	0.03406610
290	0.03405665
291	0.03407006
292	0.03408496
293	0.03405847
294	0.03407170
295	0.03406975
296	0.03406066
297	0.03407038
298	0.03407904
299	0.03406999
300	0.03406594
301	0.03405553
302	0.03403829
303	0.03408641
304	0.03408423
305	0.03407175
306	0.03409352
307	0.03405816
308	0.03407527
309	0.03408940
310	0.03406281
311	0.03407359
312	0.03405822
313	0.03405249
314	0.03405778
315	0.03403821
316	0.03404088
317	0.03407346
318	0.03407484
319	0.03406047
320	0.03404984
321	0.03406263
322	0.03403990
323	0.03404946
324	0.03403059
325	0.03404042
326	0.03404617
327	0.03404298
328	0.03404317
329	0.03403850
330	0.03405304
331	0.03406312
332	0.03403169
333	0.03404386
334	0.03403628
335	0.03401552
336	0.03402738
337	0.03401672
338	0.03402968
339	0.03401967
340	0.03401538
341	0.03404117
342	0.03402710
343	0.03403066
344	0.03402315
345	0.03404560
346	0.03402501
347	0.03400483
348	0.03401699
349	0.03400654
350	0.03402739
351	0.03402084
352	0.03401227
353	0.03401950
354	0.03403293
355	0.03402905
356	0.03402128
357	0.03397912
358	0.03400915
359	0.03399761
360	0.03402098
361	0.03398778
362	0.03400633
363	0.03401509
364	0.03401713
365	0.03403244
366	0.03402185
367	0.03399185
368	0.03398857
369	0.03399935
370	0.03398274
371	0.03400366
372	0.03397898
373	0.03400404
374	0.03401124
375	0.03402523
376	0.03399028
377	0.03399104
378	0.03400024
379	0.03400310
380	0.03398631
381	0.03402112
382	0.03398065
383	0.03400452
384	0.03399934
385	0.03398741
386	0.03401617
387	0.03401019
388	0.03401084
389	0.03400721
390	0.03400723
391	0.03401938
392	0.03403437
393	0.03400728
394	0.03401940
395	0.03400762
396	0.03405003
397	0.03401264
398	0.03403859
399	0.03401956
400	0.03400981
401	0.03401051
402	0.03399772
403	0.03400499
404	0.03404077
405	0.03399070
406	0.03402611
407	0.03400188
408	0.03398864
409	0.03401960
410	0.03400739
411	0.03398911
412	0.03399044
413	0.03398811
414	0.03401083
415	0.03400072
416	0.03399720
417	0.03401846
418	0.03399971
419	0.03400477
420	0.03401310
421	0.03399706
422	0.03398672
423	0.03397331
424	0.03397172
425	0.03398575
426	0.03398130
427	0.03400221
428	0.03398960
429	0.03399693
430	0.03400766
431	0.03399865
432	0.03399824
433	0.03403497
434	0.03397802
435	0.03401216
436	0.03401829
437	0.03400078
438	0.03399422
439	0.03403996
440	0.03399541
441	0.03400977
442	0.03400799
443	0.03399827
444	0.03403901
445	0.03398953
446	0.03399713
447	0.03402672
448	0.03400517
449	0.03402606
450	0.03402547
451	0.03403289
452	0.03402787
453	0.03404054
454	0.03402913
455	0.03403329
456	0.03401962
457	0.03402669
458	0.03402105
459	0.03401672
460	0.03403541
461	0.03404860
462	0.03404351
463	0.03405375
464	0.03406524
465	0.03403743
466	0.03404010
467	0.03403272
468	0.03401941
469	0.03402776
470	0.03403246
471	0.03401497
472	0.03403452
473	0.03406124
474	0.03403720
475	0.03402893
476	0.03405740
477	0.03406756
478	0.03403171
479	0.03404006
480	0.03402798
481	0.03403779
482	0.03405512
483	0.03406806
484	0.03406359
485	0.03404737
486	0.03406120
487	0.03404171
488	0.03405002
489	0.03406143
490	0.03405911
491	0.03407027
492	0.03404764
493	0.03407383
494	0.03406797
495	0.03404805
496	0.03408103
497	0.03406937
498	0.03407784
499	0.03408825
500	0.03407175
501	0.03407229
502	0.03408487
503	0.03410391
504	0.03409100
505	0.03411117
506	0.03409182
507	0.03409998
508	0.03411513
509	0.03409437
510	0.03409841
511	0.03410807
512	0.03411313
513	0.03411278
514	0.03410025
515	0.03411216
516	0.03412195
517	0.03412639
518	0.03411042
519	0.03411442
520	0.03411842
521	0.03409945
522	0.03411980
523	0.03412329
524	0.03410887
525	0.03410683
526	0.03411188
527	0.03411393
528	0.03413636
529	0.03413836
530	0.03412699
531	0.03412683
532	0.03412520
533	0.03411277
534	0.03411932
535	0.03409877
536	0.03410479
537	0.03411321
538	0.03413052
539	0.03413473
540	0.03414278
541	0.03414788
542	0.03416048
543	0.03411769
544	0.03413866
545	0.03412969
546	0.03413790
547	0.03412428
548	0.03412613
549	0.03415418
550	0.03415895
551	0.03413850
552	0.03412952
553	0.03414778
554	0.03413451
555	0.03412776
556	0.03413621
557	0.03412451
558	0.03413413
559	0.03412697
560	0.03412637
561	0.03411010
562	0.03413380
563	0.03412104
564	0.03412904
565	0.03413415
566	0.03412052
567	0.03413711
568	0.03411810
569	0.03414531
570	0.03412064
571	0.03414385
572	0.03413979
573	0.03416946
574	0.03413865
575	0.03415262
576	0.03416894
577	0.03416939
578	0.03415361
579	0.03414973
580	0.03416470
581	0.03414062
582	0.03416630
583	0.03416081
584	0.03416890
585	0.03416173
586	0.03417407
587	0.03419211
588	0.03420606
589	0.03417142
590	0.03417834
591	0.03420201
592	0.03417547
593	0.03421003
594	0.03418895
595	0.03421597
596	0.03418826
597	0.03422784
598	0.03418913
599	0.03422774
600	0.03422540