	C:\Users\jkuzm\OneDrive - University of Massachusetts\HRSL x UMILL-PUMA Fatigue - Fatigue\Data\F01\FR3_static2.c3d _ImpedanceExport
	LMT1H
	TARGET
	ORIGINAL
ITEM	Z
1	0.03375743
2	0.03376890
3	0.03376026
4	0.03375034
5	0.03386477
6	0.03387837
7	0.03386892
8	0.03386448
9	0.03389949
10	0.03394761
11	0.03388771
12	0.03388659
13	0.03392212
14	0.03388935
15	0.03390232
16	0.03389467
17	0.03390683
18	0.03393026
19	0.03391140
20	0.03390123
21	0.03391299
22	0.03391571
23	0.03389641
24	0.03391726
25	0.03390782
26	0.03389946
27	0.03390866
28	0.03394806
29	0.03390464
30	0.03391661
31	0.03394343
32	0.03393069
33	0.03387191
34	0.03388391
35	0.03390377
36	0.03388111
37	0.03390652
38	0.03389947
39	0.03388381
40	0.03390169
41	0.03389386
42	0.03395056
43	0.03389401
44	0.03391110
45	0.03391208
46	0.03392981
47	0.03390887
48	0.03389063
49	0.03391131
50	0.03390961
51	0.03390079
52	0.03390460
53	0.03389949
54	0.03389173
55	0.03392902
56	0.03390334
57	0.03387864
58	0.03389125
59	0.03392778
60	0.03394006
61	0.03390987
62	0.03394827
63	0.03388314
64	0.03394489
65	0.03389829
66	0.03391248
67	0.03387631
68	0.03387622
69	0.03386208
70	0.03388372
71	0.03389300
72	0.03386864
73	0.03385829
74	0.03387651
75	0.03387108
76	0.03387787
77	0.03385590
78	0.03388142
79	0.03388195
80	0.03386323
81	0.03389995
82	0.03389506
83	0.03387004
84	0.03389838
85	0.03389136
86	0.03391385
87	0.03392537
88	0.03389046
89	0.03389530
90	0.03392207
91	0.03387491
92	0.03388243
93	0.03392796
94	0.03388914
95	0.03391679
96	0.03393095
97	0.03390470
98	0.03391043
99	0.03390205
100	0.03390828
101	0.03389449
102	0.03387716
103	0.03389753
104	0.03388594
105	0.03386854
106	0.03387806
107	0.03388077
108	0.03390832
109	0.03391646
110	0.03390015
111	0.03389550
112	0.03388402
113	0.03393721
114	0.03391947
115	0.03390258
116	0.03389863
117	0.03389409
118	0.03395023
119	0.03393803
120	0.03391250
121	0.03388476
122	0.03393641
123	0.03388048
124	0.03388257
125	0.03389255
126	0.03389631
127	0.03389239
128	0.03392300
129	0.03393071
130	0.03391851
131	0.03391117
132	0.03386210
133	0.03388213
134	0.03386675
135	0.03388790
136	0.03385910
137	0.03390162
138	0.03386409
139	0.03389404
140	0.03390538
141	0.03390526
142	0.03390964
143	0.03387330
144	0.03388672
145	0.03390355
146	0.03385895
147	0.03390576
148	0.03387607
149	0.03392806
150	0.03389326
151	0.03388095
152	0.03393258
153	0.03391433
154	0.03386184
155	0.03385989
156	0.03384656
157	0.03385393
158	0.03384667
159	0.03384329
160	0.03383450
161	0.03388042
162	0.03388531
163	0.03382838
164	0.03384428
165	0.03382723
166	0.03383528
167	0.03382878
168	0.03378372
169	0.03380692
170	0.03377971
171	0.03386271
172	0.03378966
173	0.03380796
174	0.03379948
175	0.03379985
176	0.03379846
177	0.03377754
178	0.03380144
179	0.03378838
180	0.03380265
181	0.03379523
182	0.03378474
183	0.03384605
184	0.03380143
185	0.03380723
186	0.03379861
187	0.03378862
188	0.03379093
189	0.03380875
190	0.03380906
191	0.03380703
192	0.03380595
193	0.03380900
194	0.03378426
195	0.03378464
196	0.03379574
197	0.03377929
198	0.03379558
199	0.03380727
200	0.03378369
201	0.03379678
202	0.03380763
203	0.03375391
204	0.03375372
205	0.03375722
206	0.03376747
207	0.03377874
208	0.03374476
209	0.03375102
210	0.03377533
211	0.03373892
212	0.03377798
213	0.03374213
214	0.03374020
215	0.03374003
216	0.03373447
217	0.03373781
218	0.03370961
219	0.03372835
220	0.03370431
221	0.03377267
222	0.03372391
223	0.03373326
224	0.03373493
225	0.03371906
226	0.03373055
227	0.03372971
228	0.03372412
229	0.03371676
230	0.03372272
231	0.03371390
232	0.03369177
233	0.03372695
234	0.03371263
235	0.03372027
236	0.03370682
237	0.03370883
238	0.03372245
239	0.03371811
240	0.03370824
241	0.03370277
242	0.03371729
243	0.03370528
244	0.03371562
245	0.03367868
246	0.03367980
247	0.03368662
248	0.03366565
249	0.03369469
250	0.03367043
251	0.03366249
252	0.03369183
253	0.03369151
254	0.03369265
255	0.03372638
256	0.03367304
257	0.03369060
258	0.03366938
259	0.03368154
260	0.03366878
261	0.03365371
262	0.03367919
263	0.03367565
264	0.03364483
265	0.03366402
266	0.03366171
267	0.03366974
268	0.03367249
269	0.03364798
270	0.03365887
271	0.03366164
272	0.03367085
273	0.03370204
274	0.03367120
275	0.03367240
276	0.03365319
277	0.03362794
278	0.03363622
279	0.03364319
280	0.03366314
281	0.03366117
282	0.03364260
283	0.03363271
284	0.03361920
285	0.03362965
286	0.03363157
287	0.03361576
288	0.03359452
289	0.03360040
290	0.03362820
291	0.03359343
292	0.03359497
293	0.03359644
294	0.03358296
295	0.03359216
296	0.03359555
297	0.03360044
298	0.03361367
299	0.03358223
300	0.03359216
301	0.03357595
302	0.03358829
303	0.03360208
304	0.03357791
305	0.03359635
306	0.03358353
307	0.03359851
308	0.03357371
309	0.03359105
310	0.03359392
311	0.03357768
312	0.03356281
313	0.03357640
314	0.03356412
315	0.03356319
316	0.03357450
317	0.03358720
318	0.03355010
319	0.03353530
320	0.03355672
321	0.03354831
322	0.03354486
323	0.03354053
324	0.03355037
325	0.03353688
326	0.03353006
327	0.03354283
328	0.03351583
329	0.03350395
330	0.03351184
331	0.03353500
332	0.03351550
333	0.03349197
334	0.03349920
335	0.03350261
336	0.03349176
337	0.03349072
338	0.03349678
339	0.03348117
340	0.03346634
341	0.03347578
342	0.03345465
343	0.03348403
344	0.03345543
345	0.03345394
346	0.03347474
347	0.03346322
348	0.03346265
349	0.03346951
350	0.03345498
351	0.03345137
352	0.03344834
353	0.03345742
354	0.03342868
355	0.03343529
356	0.03343715
357	0.03342166
358	0.03343599
359	0.03343705
360	0.03340869
361	0.03343289
362	0.03345339
363	0.03343745
364	0.03345546
365	0.03343879
366	0.03341700
367	0.03339227
368	0.03343660
369	0.03342215
370	0.03342962
371	0.03342525
372	0.03342870
373	0.03344095
374	0.03343399
375	0.03342028
376	0.03341622
377	0.03341797
378	0.03339738
379	0.03342249
380	0.03339242
381	0.03343321
382	0.03342540
383	0.03345663
384	0.03343230
385	0.03342547
386	0.03342818
387	0.03342710
388	0.03342393
389	0.03342293
390	0.03341837
391	0.03341413
392	0.03342251
393	0.03345058
394	0.03344212
395	0.03342634
396	0.03343333
397	0.03343740
398	0.03343940
399	0.03342252
400	0.03346453
401	0.03343179
402	0.03343783
403	0.03343624
404	0.03343803
405	0.03343576
406	0.03342281
407	0.03341126
408	0.03342905
409	0.03341194
410	0.03341508
411	0.03338963
412	0.03341866
413	0.03340514
414	0.03340545
415	0.03338192
416	0.03339540
417	0.03339717
418	0.03340497
419	0.03338296
420	0.03337048
421	0.03339690
422	0.03337083
423	0.03337361
424	0.03336996
425	0.03338690
426	0.03339317
427	0.03341484
428	0.03342357
429	0.03339417
430	0.03337060
431	0.03339197
432	0.03339517
433	0.03338904
434	0.03339755
435	0.03337714
436	0.03338501
437	0.03339000
438	0.03340569
439	0.03341823
440	0.03339747
441	0.03341709
442	0.03340637
443	0.03341386
444	0.03339910
445	0.03338788
446	0.03341341
447	0.03340164
448	0.03341354
449	0.03339925
450	0.03342585
451	0.03342865
452	0.03341913
453	0.03341255
454	0.03343355
455	0.03342061
456	0.03341473
457	0.03344615
458	0.03343934
459	0.03344276
460	0.03344174
461	0.03346244
462	0.03345105
463	0.03345899
464	0.03346831
465	0.03342047
466	0.03345370
467	0.03345029
468	0.03343821
469	0.03348228
470	0.03347035
471	0.03346334
472	0.03347849
473	0.03346997
474	0.03344689
475	0.03347289
476	0.03346721
477	0.03348788
478	0.03347305
479	0.03345897
480	0.03345626
481	0.03345614
482	0.03346739
483	0.03346331
484	0.03348389
485	0.03348156
486	0.03348033
487	0.03347774
488	0.03348615
489	0.03347998
490	0.03348155
491	0.03348737
492	0.03351253
493	0.03350096
494	0.03351671
495	0.03349717
496	0.03351407
497	0.03354203
498	0.03354537
499	0.03355704
500	0.03354553
501	0.03356402
502	0.03360975
503	0.03356186
504	0.03355571
505	0.03357626
506	0.03358517
507	0.03359556
508	0.03359401
509	0.03358317
510	0.03360215
511	0.03362598
512	0.03360467
513	0.03361597
514	0.03361041
515	0.03364164
516	0.03361836
517	0.03363843
518	0.03363427
519	0.03362365
520	0.03367370
521	0.03362902
522	0.03367767
523	0.03367202
524	0.03367542
525	0.03370503
526	0.03369805
527	0.03371372
528	0.03368657
529	0.03367518
530	0.03368594
531	0.03368955
532	0.03369411
533	0.03367820
534	0.03371859
535	0.03369780
536	0.03370785
537	0.03372397
538	0.03372777
539	0.03371077
540	0.03372426
541	0.03372460
542	0.03374038
543	0.03372364
544	0.03373802
545	0.03374157
546	0.03374855
547	0.03374283
548	0.03377803
549	0.03378587
550	0.03376048
551	0.03379970
552	0.03377417
553	0.03376994
554	0.03381407
555	0.03380709
556	0.03378583
557	0.03381526
558	0.03380943
559	0.03377498
560	0.03379046
561	0.03380322
562	0.03377691
563	0.03378109
564	0.03380865
565	0.03377234
566	0.03378547
567	0.03377797
568	0.03380263
569	0.03380631
570	0.03383121
571	0.03380875
572	0.03384207
573	0.03380575
574	0.03380507
575	0.03381321
576	0.03380834
577	0.03384026
578	0.03381832
579	0.03379422
580	0.03381523
581	0.03382255
582	0.03386205
583	0.03382988
584	0.03389084
585	0.03384376
586	0.03385096
587	0.03384953
588	0.03384396
589	0.03387951
590	0.03390256
591	0.03390569
592	0.03390253
593	0.03386353
594	0.03390018
595	0.03388096
596	0.03386853
597	0.03390504
598	0.03389053
599	0.03387182
600	0.03390055