	C:\Users\jkuzm\OneDrive - University of Massachusetts\HRSL x UMILL-PUMA Fatigue - Fatigue\Data\F01\FR3_static2.c3d _ImpedanceExport
	RCAL1
	TARGET
	ORIGINAL
ITEM	Z
1	0.07464205
2	0.07461659
3	0.07460681
4	0.07458422
5	0.07456134
6	0.07459912
7	0.07460780
8	0.07455005
9	0.07454632
10	0.07455011
11	0.07455604
12	0.07453647
13	0.07452259
14	0.07457769
15	0.07452219
16	0.07452924
17	0.07457056
18	0.07454446
19	0.07456275
20	0.07458049
21	0.07457606
22	0.07455789
23	0.07459216
24	0.07458851
25	0.07462119
26	0.07464359
27	0.07460195
28	0.07462177
29	0.07466109
30	0.07465492
31	0.07466834
32	0.07464160
33	0.07464860
34	0.07466184
35	0.07467027
36	0.07463480
37	0.07466552
38	0.07465755
39	0.07467314
40	0.07465988
41	0.07470936
42	0.07467062
43	0.07469247
44	0.07467814
45	0.07467209
46	0.07471999
47	0.07468096
48	0.07475169
49	0.07473755
50	0.07474705
51	0.07472473
52	0.07473369
53	0.07474121
54	0.07474471
55	0.07473651
56	0.07472194
57	0.07476173
58	0.07473533
59	0.07475482
60	0.07477447
61	0.07479044
62	0.07477846
63	0.07476760
64	0.07476029
65	0.07475220
66	0.07478040
67	0.07478736
68	0.07484430
69	0.07477358
70	0.07480893
71	0.07481879
72	0.07481819
73	0.07478178
74	0.07483045
75	0.07480704
76	0.07479210
77	0.07482388
78	0.07479921
79	0.07478237
80	0.07479478
81	0.07481866
82	0.07477602
83	0.07483670
84	0.07484055
85	0.07483386
86	0.07479867
87	0.07479077
88	0.07482471
89	0.07478313
90	0.07478236
91	0.07473789
92	0.07475394
93	0.07473033
94	0.07476901
95	0.07473674
96	0.07473750
97	0.07476003
98	0.07476012
99	0.07472976
100	0.07475174
101	0.07473832
102	0.07474747
103	0.07475781
104	0.07475092
105	0.07479939
106	0.07473879
107	0.07474531
108	0.07475459
109	0.07477433
110	0.07474583
111	0.07474715
112	0.07480542
113	0.07475086
114	0.07475021
115	0.07476977
116	0.07480474
117	0.07483200
118	0.07479809
119	0.07478295
120	0.07476815
121	0.07479596
122	0.07480408
123	0.07479485
124	0.07486997
125	0.07486965
126	0.07484221
127	0.07486091
128	0.07488608
129	0.07487124
130	0.07489010
131	0.07488199
132	0.07487288
133	0.07490221
134	0.07491107
135	0.07491833
136	0.07492265
137	0.07492138
138	0.07493111
139	0.07496515
140	0.07492948
141	0.07493757
142	0.07492329
143	0.07495849
144	0.07494139
145	0.07493905
146	0.07494530
147	0.07496019
148	0.07496583
149	0.07500225
150	0.07496198
151	0.07497735
152	0.07501418
153	0.07508586
154	0.07514268
155	0.07513071
156	0.07514607
157	0.07515446
158	0.07518584
159	0.07521582
160	0.07522936
161	0.07523730
162	0.07524490
163	0.07524911
164	0.07523140
165	0.07528718
166	0.07528213
167	0.07527167
168	0.07531442
169	0.07531664
170	0.07533707
171	0.07531350
172	0.07534627
173	0.07535680
174	0.07535166
175	0.07535311
176	0.07536469
177	0.07537799
178	0.07535546
179	0.07538886
180	0.07538860
181	0.07539032
182	0.07541779
183	0.07539666
184	0.07540224
185	0.07542329
186	0.07543260
187	0.07542567
188	0.07542363
189	0.07543951
190	0.07547417
191	0.07547443
192	0.07544285
193	0.07543988
194	0.07547702
195	0.07550949
196	0.07547323
197	0.07550533
198	0.07548896
199	0.07551523
200	0.07550640
201	0.07556613
202	0.07553002
203	0.07556207
204	0.07552514
205	0.07554666
206	0.07556017
207	0.07556950
208	0.07559361
209	0.07560799
210	0.07557416
211	0.07563920
212	0.07562894
213	0.07560872
214	0.07561666
215	0.07560675
216	0.07562938
217	0.07563502
218	0.07562178
219	0.07568876
220	0.07566919
221	0.07566690
222	0.07564197
223	0.07569506
224	0.07570457
225	0.07570896
226	0.07572506
227	0.07572347
228	0.07574923
229	0.07574066
230	0.07576703
231	0.07576770
232	0.07578555
233	0.07584011
234	0.07579610
235	0.07582751
236	0.07582099
237	0.07580651
238	0.07583209
239	0.07586093
240	0.07590519
241	0.07586851
242	0.07585245
243	0.07590469
244	0.07587351
245	0.07587105
246	0.07590818
247	0.07586984
248	0.07592156
249	0.07590721
250	0.07592625
251	0.07593132
252	0.07593818
253	0.07592984
254	0.07592725
255	0.07596866
256	0.07595018
257	0.07590383
258	0.07592764
259	0.07591506
260	0.07596343
261	0.07596209
262	0.07597821
263	0.07595326
264	0.07596397
265	0.07597854
266	0.07600165
267	0.07599770
268	0.07599524
269	0.07601503
270	0.07605512
271	0.07601314
272	0.07603449
273	0.07602423
274	0.07606448
275	0.07606171
276	0.07605124
277	0.07603406
278	0.07608147
279	0.07609776
280	0.07610243
281	0.07611440
282	0.07612771
283	0.07614559
284	0.07615255
285	0.07616758
286	0.07617612
287	0.07620226
288	0.07620432
289	0.07622134
290	0.07620353
291	0.07621794
292	0.07625704
293	0.07625838
294	0.07625364
295	0.07630768
296	0.07627471
297	0.07629471
298	0.07633259
299	0.07632494
300	0.07632965
301	0.07640655
302	0.07634506
303	0.07633348
304	0.07639121
305	0.07643115
306	0.07637590
307	0.07644633
308	0.07644107
309	0.07647225
310	0.07644113
311	0.07648827
312	0.07649940
313	0.07650042
314	0.07650664
315	0.07652962
316	0.07654727
317	0.07652966
318	0.07650300
319	0.07654278
320	0.07656792
321	0.07655251
322	0.07656299
323	0.07658062
324	0.07660705
325	0.07656883
326	0.07661137
327	0.07663281
328	0.07665113
329	0.07664227
330	0.07665664
331	0.07666708
332	0.07665323
333	0.07665473
334	0.07667641
335	0.07672988
336	0.07672548
337	0.07671266
338	0.07674380
339	0.07671884
340	0.07672378
341	0.07674932
342	0.07674354
343	0.07681316
344	0.07680361
345	0.07678052
346	0.07680399
347	0.07684258
348	0.07684093
349	0.07681587
350	0.07687876
351	0.07687324
352	0.07689247
353	0.07690783
354	0.07693154
355	0.07692160
356	0.07692055
357	0.07694577
358	0.07697395
359	0.07695758
360	0.07696671
361	0.07696266
362	0.07695323
363	0.07694652
364	0.07696149
365	0.07694051
366	0.07696368
367	0.07698396
368	0.07700053
369	0.07703326
370	0.07695992
371	0.07704387
372	0.07700759
373	0.07703923
374	0.07702539
375	0.07705575
376	0.07707066
377	0.07705448
378	0.07706472
379	0.07705333
380	0.07707751
381	0.07708096
382	0.07708765
383	0.07708508
384	0.07707611
385	0.07711808
386	0.07707614
387	0.07708892
388	0.07710993
389	0.07708111
390	0.07708255
391	0.07712753
392	0.07713471
393	0.07717528
394	0.07713398
395	0.07716110
396	0.07713388
397	0.07719007
398	0.07715421
399	0.07717087
400	0.07716348
401	0.07715664
402	0.07717366
403	0.07715822
404	0.07719980
405	0.07721837
406	0.07721445
407	0.07721043
408	0.07718739
409	0.07721214
410	0.07720424
411	0.07721820
412	0.07719975
413	0.07724524
414	0.07724322
415	0.07719561
416	0.07720862
417	0.07724708
418	0.07720894
419	0.07720620
420	0.07723850
421	0.07721730
422	0.07722591
423	0.07721672
424	0.07722314
425	0.07720685
426	0.07723499
427	0.07722697
428	0.07723263
429	0.07717535
430	0.07718672
431	0.07718683
432	0.07719673
433	0.07720467
434	0.07720424
435	0.07716856
436	0.07715813
437	0.07718366
438	0.07716056
439	0.07718641
440	0.07716667
441	0.07713933
442	0.07718477
443	0.07716914
444	0.07715913
445	0.07716015
446	0.07716855
447	0.07717077
448	0.07713716
449	0.07717853
450	0.07717177
451	0.07713972
452	0.07710423
453	0.07713349
454	0.07715598
455	0.07710602
456	0.07707745
457	0.07708213
458	0.07711979
459	0.07707838
460	0.07707585
461	0.07706425
462	0.07708160
463	0.07706273
464	0.07702409
465	0.07702668
466	0.07703789
467	0.07701720
468	0.07695575
469	0.07700467
470	0.07695787
471	0.07698583
472	0.07695804
473	0.07692671
474	0.07694087
475	0.07694106
476	0.07692964
477	0.07692544
478	0.07689885
479	0.07686897
480	0.07690015
481	0.07688163
482	0.07687212
483	0.07686430
484	0.07690440
485	0.07688089
486	0.07684344
487	0.07686620
488	0.07685336
489	0.07686630
490	0.07681234
491	0.07682492
492	0.07683204
493	0.07677352
494	0.07679938
495	0.07682041
496	0.07677953
497	0.07674563
498	0.07675011
499	0.07674377
500	0.07676301
501	0.07669358
502	0.07669988
503	0.07666581
504	0.07666197
505	0.07664280
506	0.07665134
507	0.07663230
508	0.07657575
509	0.07653611
510	0.07653721
511	0.07650285
512	0.07644755
513	0.07643009
514	0.07636096
515	0.07627873
516	0.07623331
517	0.07617842
518	0.07609347
519	0.07605772
520	0.07596660
521	0.07591806
522	0.07582735
523	0.07575843
524	0.07576006
525	0.07570145
526	0.07566139
527	0.07563443
528	0.07557666
529	0.07557396
530	0.07552422
531	0.07553768
532	0.07551869
533	0.07548110
534	0.07549188
535	0.07550899
536	0.07547699
537	0.07551311
538	0.07546037
539	0.07547212
540	0.07544054
541	0.07542499
542	0.07542108
543	0.07541759
544	0.07538753
545	0.07534977
546	0.07536010
547	0.07532364
548	0.07531232
549	0.07529214
550	0.07522441
551	0.07517502
552	0.07503850
553	0.07498981
554	0.07494938
555	0.07494401
556	0.07491396
557	0.07489507
558	0.07491025
559	0.07487821
560	0.07488503
561	0.07488444
562	0.07489999
563	0.07487838
564	0.07487059
565	0.07490531
566	0.07489228
567	0.07488555
568	0.07491736
569	0.07490439
570	0.07491887
571	0.07493087
572	0.07492087
573	0.07493295
574	0.07491855
575	0.07491586
576	0.07493142
577	0.07492506
578	0.07493351
579	0.07493944
580	0.07492319
581	0.07494635
582	0.07496651
583	0.07490165
584	0.07491861
585	0.07492009
586	0.07493649
587	0.07493689
588	0.07492613
589	0.07493993
590	0.07490656
591	0.07493229
592	0.07491087
593	0.07492327
594	0.07489758
595	0.07489248
596	0.07489770
597	0.07488465
598	0.07489045
599	0.07484811
600	0.07483268