	C:\Users\jkuzm\OneDrive - University of Massachusetts\HRSL x UMILL-PUMA Fatigue - Fatigue\Data\F01\FR3_static2.c3d _ImpedanceExport
	LMT1H
	TARGET
	ORIGINAL
ITEM	Y
1	0.44084021
2	0.44084772
3	0.44083434
4	0.44084439
5	0.44087669
6	0.44089386
7	0.44090036
8	0.44088328
9	0.44088295
10	0.44089100
11	0.44088632
12	0.44088084
13	0.44090161
14	0.44089720
15	0.44090852
16	0.44091964
17	0.44091997
18	0.44090036
19	0.44087979
20	0.44090036
21	0.44089887
22	0.44089028
23	0.44088477
24	0.44089243
25	0.44090724
26	0.44092178
27	0.44090942
28	0.44092029
29	0.44089890
30	0.44091964
31	0.44091600
32	0.44089326
33	0.44090497
34	0.44091704
35	0.44092023
36	0.44093308
37	0.44093511
38	0.44092730
39	0.44091436
40	0.44091183
41	0.44092488
42	0.44094142
43	0.44090128
44	0.44091445
45	0.44093084
46	0.44092068
47	0.44093707
48	0.44093773
49	0.44094053
50	0.44094333
51	0.44093180
52	0.44094557
53	0.44095698
54	0.44095209
55	0.44092628
56	0.44092402
57	0.44094136
58	0.44095314
59	0.44095552
60	0.44096553
61	0.44096348
62	0.44093612
63	0.44096386
64	0.44094986
65	0.44097179
66	0.44093698
67	0.44097719
68	0.44097531
69	0.44095048
70	0.44095692
71	0.44097117
72	0.44097519
73	0.44098186
74	0.44097516
75	0.44098499
76	0.44097799
77	0.44097444
78	0.44097218
79	0.44098291
80	0.44099110
81	0.44099388
82	0.44099361
83	0.44099739
84	0.44101304
85	0.44100088
86	0.44102079
87	0.44099882
88	0.44098821
89	0.44097599
90	0.44098425
91	0.44098151
92	0.44095170
93	0.44100255
94	0.44098404
95	0.44100684
96	0.44099182
97	0.44097891
98	0.44099060
99	0.44097102
100	0.44099209
101	0.44097036
102	0.44098467
103	0.44100577
104	0.44097897
105	0.44097012
106	0.44099370
107	0.44098246
108	0.44099948
109	0.44096488
110	0.44099313
111	0.44099987
112	0.44099882
113	0.44099653
114	0.44101334
115	0.44098553
116	0.44099635
117	0.44100210
118	0.44100583
119	0.44098994
120	0.44099471
121	0.44100681
122	0.44100460
123	0.44099343
124	0.44100720
125	0.44101331
126	0.44104952
127	0.44104081
128	0.44104266
129	0.44102719
130	0.44105151
131	0.44102955
132	0.44104448
133	0.44102520
134	0.44104138
135	0.44103220
136	0.44103324
137	0.44105527
138	0.44104713
139	0.44104975
140	0.44105431
141	0.44103912
142	0.44105357
143	0.44105062
144	0.44104877
145	0.44103968
146	0.44105005
147	0.44107628
148	0.44105795
149	0.44105694
150	0.44106546
151	0.44104767
152	0.44106135
153	0.44107142
154	0.44102320
155	0.44102126
156	0.44102564
157	0.44103438
158	0.44102854
159	0.44104463
160	0.44104540
161	0.44107738
162	0.44105384
163	0.44107080
164	0.44106543
165	0.44106349
166	0.44106528
167	0.44108921
168	0.44107088
169	0.44108310
170	0.44109190
171	0.44110373
172	0.44109678
173	0.44111094
174	0.44112056
175	0.44111282
176	0.44108865
177	0.44110823
178	0.44112122
179	0.44109157
180	0.44111854
181	0.44111896
182	0.44109777
183	0.44111285
184	0.44111258
185	0.44109735
186	0.44111544
187	0.44109324
188	0.44109416
189	0.44109216
190	0.44113043
191	0.44111115
192	0.44111910
193	0.44112027
194	0.44113722
195	0.44111207
196	0.44111305
197	0.44115517
198	0.44113359
199	0.44113019
200	0.44112229
201	0.44113904
202	0.44114828
203	0.44115236
204	0.44116259
205	0.44115463
206	0.44115195
207	0.44114736
208	0.44113803
209	0.44117400
210	0.44115230
211	0.44116879
212	0.44115826
213	0.44114757
214	0.44119292
215	0.44118559
216	0.44119626
217	0.44118086
218	0.44120401
219	0.44119811
220	0.44119665
221	0.44121370
222	0.44119671
223	0.44121397
224	0.44120607
225	0.44123664
226	0.44123203
227	0.44123247
228	0.44124404
229	0.44123787
230	0.44123000
231	0.44122362
232	0.44121569
233	0.44122976
234	0.44121659
235	0.44124556
236	0.44124854
237	0.44122431
238	0.44124973
239	0.44124967
240	0.44124517
241	0.44126290
242	0.44124201
243	0.44124869
244	0.44123867
245	0.44123104
246	0.44124967
247	0.44125238
248	0.44127324
249	0.44125631
250	0.44127420
251	0.44127205
252	0.44125646
253	0.44124392
254	0.44126871
255	0.44123933
256	0.44125229
257	0.44126979
258	0.44127002
259	0.44127434
260	0.44129601
261	0.44128048
262	0.44127756
263	0.44124776
264	0.44128492
265	0.44127765
266	0.44127706
267	0.44127077
268	0.44126326
269	0.44129080
270	0.44129017
271	0.44128856
272	0.44130608
273	0.44127056
274	0.44129768
275	0.44127873
276	0.44126874
277	0.44128898
278	0.44128853
279	0.44130775
280	0.44129986
281	0.44131631
282	0.44130525
283	0.44132140
284	0.44131410
285	0.44130385
286	0.44132349
287	0.44131741
288	0.44130421
289	0.44132039
290	0.44132212
291	0.44134727
292	0.44130647
293	0.44131485
294	0.44133532
295	0.44129214
296	0.44131696
297	0.44131151
298	0.44131061
299	0.44131461
300	0.44132224
301	0.44132569
302	0.44133642
303	0.44132742
304	0.44133240
305	0.44131804
306	0.44133168
307	0.44133967
308	0.44132891
309	0.44134653
310	0.44133443
311	0.44133243
312	0.44135746
313	0.44135013
314	0.44135109
315	0.44136322
316	0.44135776
317	0.44134194
318	0.44137970
319	0.44136614
320	0.44138402
321	0.44136670
322	0.44135821
323	0.44139522
324	0.44135252
325	0.44138488
326	0.44138759
327	0.44139519
328	0.44139600
329	0.44142142
330	0.44142500
331	0.44141722
332	0.44139251
333	0.44142109
334	0.44143337
335	0.44141290
336	0.44143251
337	0.44142655
338	0.44144604
339	0.44146359
340	0.44145158
341	0.44145983
342	0.44143128
343	0.44144920
344	0.44146842
345	0.44144338
346	0.44145989
347	0.44147322
348	0.44148305
349	0.44148323
350	0.44147697
351	0.44146889
352	0.44148499
353	0.44147801
354	0.44147697
355	0.44149131
356	0.44150397
357	0.44149125
358	0.44150320
359	0.44148317
360	0.44151774
361	0.44152972
362	0.44148868
363	0.44147646
364	0.44149056
365	0.44150221
366	0.44150454
367	0.44149661
368	0.44152755
369	0.44151461
370	0.44154102
371	0.44151431
372	0.44152406
373	0.44151556
374	0.44149297
375	0.44152817
376	0.44151148
377	0.44152662
378	0.44152358
379	0.44151893
380	0.44154760
381	0.44152904
382	0.44154176
383	0.44153041
384	0.44150487
385	0.44154185
386	0.44151556
387	0.44152930
388	0.44154158
389	0.44154495
390	0.44152161
391	0.44156155
392	0.44155270
393	0.44154167
394	0.44150752
395	0.44154736
396	0.44153669
397	0.44152391
398	0.44152257
399	0.44153807
400	0.44153950
401	0.44152111
402	0.44154593
403	0.44156122
404	0.44154924
405	0.44155771
406	0.44155708
407	0.44154921
408	0.44155493
409	0.44155848
410	0.44152719
411	0.44156522
412	0.44157994
413	0.44157124
414	0.44154802
415	0.44156268
416	0.44158161
417	0.44158959
418	0.44156611
419	0.44157827
420	0.44155502
421	0.44155928
422	0.44156012
423	0.44156027
424	0.44156083
425	0.44156396
426	0.44157431
427	0.44157425
428	0.44156587
429	0.44157717
430	0.44159603
431	0.44158152
432	0.44156003
433	0.44155395
434	0.44159368
435	0.44157580
436	0.44157279
437	0.44159529
438	0.44158319
439	0.44158158
440	0.44156358
441	0.44154948
442	0.44155425
443	0.44158319
444	0.44156763
445	0.44154730
446	0.44158661
447	0.44158074
448	0.44158244
449	0.44156078
450	0.44155583
451	0.44157124
452	0.44153813
453	0.44153580
454	0.44155604
455	0.44153705
456	0.44156122
457	0.44154778
458	0.44154006
459	0.44156504
460	0.44153681
461	0.44153246
462	0.44152114
463	0.44151244
464	0.44151825
465	0.44151860
466	0.44152191
467	0.44152701
468	0.44151717
469	0.44150713
470	0.44152758
471	0.44151771
472	0.44151795
473	0.44147819
474	0.44149506
475	0.44147563
476	0.44148731
477	0.44150105
478	0.44148958
479	0.44149631
480	0.44150600
481	0.44148719
482	0.44151857
483	0.44149184
484	0.44148114
485	0.44148210
486	0.44146511
487	0.44146854
488	0.44147551
489	0.44145781
490	0.44147149
491	0.44148055
492	0.44145298
493	0.44144616
494	0.44142982
495	0.44145778
496	0.44143620
497	0.44143325
498	0.44141805
499	0.44143841
500	0.44141433
501	0.44140050
502	0.44141436
503	0.44142473
504	0.44138297
505	0.44136637
506	0.44136637
507	0.44135320
508	0.44133922
509	0.44133896
510	0.44132423
511	0.44130862
512	0.44131300
513	0.44128859
514	0.44128427
515	0.44128418
516	0.44125655
517	0.44125187
518	0.44123426
519	0.44123825
520	0.44121784
521	0.44120115
522	0.44120365
523	0.44120502
524	0.44120824
525	0.44120356
526	0.44120535
527	0.44118735
528	0.44116783
529	0.44114888
530	0.44114685
531	0.44115534
532	0.44114339
533	0.44115865
534	0.44114357
535	0.44114912
536	0.44113433
537	0.44114476
538	0.44113195
539	0.44112208
540	0.44113597
541	0.44112337
542	0.44111857
543	0.44115824
544	0.44112343
545	0.44114453
546	0.44114527
547	0.44113913
548	0.44112793
549	0.44111970
550	0.44110382
551	0.44110489
552	0.44109783
553	0.44106328
554	0.44106391
555	0.44109279
556	0.44106030
557	0.44107622
558	0.44104642
559	0.44105780
560	0.44106525
561	0.44104472
562	0.44104016
563	0.44104141
564	0.44102013
565	0.44104639
566	0.44102758
567	0.44104668
568	0.44103190
569	0.44104823
570	0.44103983
571	0.44102967
572	0.44100311
573	0.44099984
574	0.44101220
575	0.44100681
576	0.44101864
577	0.44103131
578	0.44101825
579	0.44105518
580	0.44100353
581	0.44101468
582	0.44103098
583	0.44100839
584	0.44099897
585	0.44097647
586	0.44100296
587	0.44098291
588	0.44098899
589	0.44100466
590	0.44098452
591	0.44097263
592	0.44099173
593	0.44098270
594	0.44095889
595	0.44093457
596	0.44093391
597	0.44091019
598	0.44092974
599	0.44092080
600	0.44089442