	C:\Users\jkuzm\OneDrive - University of Massachusetts\HRSL x UMILL-PUMA Fatigue - Fatigue\Data\F01\FR3_static2.c3d _ImpedanceExport
	RCAL1
	TARGET
	ORIGINAL
ITEM	Y
1	0.21003035
2	0.21003887
3	0.21000743
4	0.21000880
5	0.21003126
6	0.21001956
7	0.21000588
8	0.21003485
9	0.21004696
10	0.21000972
11	0.21002074
12	0.21001922
13	0.21001007
14	0.20997863
15	0.21005043
16	0.21003023
17	0.21002206
18	0.21005474
19	0.21005262
20	0.21003993
21	0.21005312
22	0.21007088
23	0.21007699
24	0.21004519
25	0.21004912
26	0.21007434
27	0.21007001
28	0.21008742
29	0.21006972
30	0.21004918
31	0.21010974
32	0.21009585
33	0.21010250
34	0.21011911
35	0.21007642
36	0.21011299
37	0.21010348
38	0.21011961
39	0.21009788
40	0.21011995
41	0.21010423
42	0.21009995
43	0.21011390
44	0.21009648
45	0.21010759
46	0.21011622
47	0.21013899
48	0.21011436
49	0.21013172
50	0.21012904
51	0.21014127
52	0.21015958
53	0.21014383
54	0.21016021
55	0.21017203
56	0.21017954
57	0.21015204
58	0.21018289
59	0.21016933
60	0.21016322
61	0.21014546
62	0.21016717
63	0.21016157
64	0.21015675
65	0.21019375
66	0.21016003
67	0.21018334
68	0.21015798
69	0.21018778
70	0.21019669
71	0.21016242
72	0.21019958
73	0.21021739
74	0.21018159
75	0.21019223
76	0.21019892
77	0.21020913
78	0.21019611
79	0.21020572
80	0.21021131
81	0.21020308
82	0.21021113
83	0.21022455
84	0.21020515
85	0.21020037
86	0.21020970
87	0.21020544
88	0.21019103
89	0.21022032
90	0.21020654
91	0.21017776
92	0.21022110
93	0.21022567
94	0.21019241
95	0.21020374
96	0.21018493
97	0.21020465
98	0.21019430
99	0.21019937
100	0.21020155
101	0.21020228
102	0.21021187
103	0.21020268
104	0.21023235
105	0.21024881
106	0.21022458
107	0.21022835
108	0.21021838
109	0.21023513
110	0.21023102
111	0.21024080
112	0.21021602
113	0.21022445
114	0.21022932
115	0.21022035
116	0.21019666
117	0.21020636
118	0.21019591
119	0.21022609
120	0.21024808
121	0.21025369
122	0.21027297
123	0.21028392
124	0.21025811
125	0.21029076
126	0.21031979
127	0.21033108
128	0.21030144
129	0.21031103
130	0.21033490
131	0.21035111
132	0.21036370
133	0.21036386
134	0.21037699
135	0.21035962
136	0.21036002
137	0.21039607
138	0.21036425
139	0.21035182
140	0.21039717
141	0.21039441
142	0.21040180
143	0.21040611
144	0.21041021
145	0.21043316
146	0.21045208
147	0.21044411
148	0.21044390
149	0.21044369
150	0.21047153
151	0.21047848
152	0.21048361
153	0.21049082
154	0.21049988
155	0.21053651
156	0.21054426
157	0.21055165
158	0.21056409
159	0.21056125
160	0.21057522
161	0.21057986
162	0.21058673
163	0.21057972
164	0.21058875
165	0.21057616
166	0.21057744
167	0.21059944
168	0.21057449
169	0.21059343
170	0.21056812
171	0.21061948
172	0.21061698
173	0.21062852
174	0.21065025
175	0.21063739
176	0.21063189
177	0.21062687
178	0.21065012
179	0.21066906
180	0.21066454
181	0.21068038
182	0.21067281
183	0.21068671
184	0.21066831
185	0.21067579
186	0.21066970
187	0.21067698
188	0.21065383
189	0.21069399
190	0.21065991
191	0.21067359
192	0.21070348
193	0.21070741
194	0.21071672
195	0.21070005
196	0.21071193
197	0.21070729
198	0.21073325
199	0.21074766
200	0.21074903
201	0.21072847
202	0.21074873
203	0.21075206
204	0.21077029
205	0.21080720
206	0.21079467
207	0.21080989
208	0.21080358
209	0.21078555
210	0.21082535
211	0.21082219
212	0.21083216
213	0.21084401
214	0.21087374
215	0.21085006
216	0.21083660
217	0.21086250
218	0.21083798
219	0.21083939
220	0.21086566
221	0.21087858
222	0.21089362
223	0.21088199
224	0.21088989
225	0.21090358
226	0.21093318
227	0.21094918
228	0.21095476
229	0.21098840
230	0.21093439
231	0.21095134
232	0.21096134
233	0.21097092
234	0.21099219
235	0.21099091
236	0.21103273
237	0.21104793
238	0.21104430
239	0.21103683
240	0.21101096
241	0.21105170
242	0.21106571
243	0.21105951
244	0.21107608
245	0.21107885
246	0.21107234
247	0.21109349
248	0.21108697
249	0.21108185
250	0.21106628
251	0.21109617
252	0.21112467
253	0.21108910
254	0.21111402
255	0.21109582
256	0.21109734
257	0.21116734
258	0.21114284
259	0.21112946
260	0.21111445
261	0.21114187
262	0.21111748
263	0.21115234
264	0.21113332
265	0.21114644
266	0.21114965
267	0.21113172
268	0.21116357
269	0.21117932
270	0.21116042
271	0.21118163
272	0.21118143
273	0.21120538
274	0.21119745
275	0.21121907
276	0.21119992
277	0.21119593
278	0.21122320
279	0.21119419
280	0.21119985
281	0.21122104
282	0.21122497
283	0.21125054
284	0.21127996
285	0.21126184
286	0.21128045
287	0.21130840
288	0.21128845
289	0.21131533
290	0.21131773
291	0.21134581
292	0.21135163
293	0.21137598
294	0.21137416
295	0.21137099
296	0.21139719
297	0.21139798
298	0.21137509
299	0.21138906
300	0.21138896
301	0.21140122
302	0.21139219
303	0.21144640
304	0.21140482
305	0.21139176
306	0.21145040
307	0.21142340
308	0.21142359
309	0.21144265
310	0.21146291
311	0.21144354
312	0.21147357
313	0.21146540
314	0.21148880
315	0.21147424
316	0.21149366
317	0.21151903
318	0.21155176
319	0.21153602
320	0.21153088
321	0.21156995
322	0.21155447
323	0.21157366
324	0.21153240
325	0.21157594
326	0.21155924
327	0.21157788
328	0.21156856
329	0.21158737
330	0.21159287
331	0.21158035
332	0.21160147
333	0.21158671
334	0.21158871
335	0.21157189
336	0.21159664
337	0.21163081
338	0.21161442
339	0.21164091
340	0.21165258
341	0.21167789
342	0.21169779
343	0.21166375
344	0.21168339
345	0.21171716
346	0.21170586
347	0.21171713
348	0.21173465
349	0.21174879
350	0.21174134
351	0.21174473
352	0.21174307
353	0.21176156
354	0.21174949
355	0.21175557
356	0.21180198
357	0.21176444
358	0.21179675
359	0.21180373
360	0.21181434
361	0.21178773
362	0.21179278
363	0.21179269
364	0.21182357
365	0.21183531
366	0.21184100
367	0.21184500
368	0.21183088
369	0.21183741
370	0.21188150
371	0.21186909
372	0.21185847
373	0.21188615
374	0.21188985
375	0.21189933
376	0.21188952
377	0.21190830
378	0.21189959
379	0.21191403
380	0.21194565
381	0.21192677
382	0.21191095
383	0.21191019
384	0.21193083
385	0.21191953
386	0.21195652
387	0.21195385
388	0.21194698
389	0.21195617
390	0.21195714
391	0.21194856
392	0.21193799
393	0.21191655
394	0.21196476
395	0.21193103
396	0.21196972
397	0.21195683
398	0.21195798
399	0.21196182
400	0.21196052
401	0.21198538
402	0.21197397
403	0.21194580
404	0.21195076
405	0.21195993
406	0.21193039
407	0.21195413
408	0.21196693
409	0.21195738
410	0.21193895
411	0.21195827
412	0.21197261
413	0.21195005
414	0.21195297
415	0.21195386
416	0.21196485
417	0.21195108
418	0.21195483
419	0.21196334
420	0.21195193
421	0.21197619
422	0.21196805
423	0.21200491
424	0.21198796
425	0.21199553
426	0.21196415
427	0.21197107
428	0.21196653
429	0.21198696
430	0.21195903
431	0.21199018
432	0.21198054
433	0.21196020
434	0.21195354
435	0.21197315
436	0.21199015
437	0.21197575
438	0.21199635
439	0.21195577
440	0.21194854
441	0.21197531
442	0.21197642
443	0.21194848
444	0.21197100
445	0.21196079
446	0.21195327
447	0.21196534
448	0.21200198
449	0.21195997
450	0.21193579
451	0.21197346
452	0.21198115
453	0.21198559
454	0.21193227
455	0.21193966
456	0.21194722
457	0.21195027
458	0.21192107
459	0.21190488
460	0.21190701
461	0.21191674
462	0.21188989
463	0.21185619
464	0.21191213
465	0.21187627
466	0.21185294
467	0.21186660
468	0.21190548
469	0.21187554
470	0.21186745
471	0.21185049
472	0.21185251
473	0.21185373
474	0.21185407
475	0.21185254
476	0.21184176
477	0.21181121
478	0.21184891
479	0.21184060
480	0.21181455
481	0.21184134
482	0.21181904
483	0.21184288
484	0.21182796
485	0.21180169
486	0.21183012
487	0.21181624
488	0.21180493
489	0.21179725
490	0.21181692
491	0.21177053
492	0.21177974
493	0.21181315
494	0.21176219
495	0.21173282
496	0.21176052
497	0.21178100
498	0.21174131
499	0.21175797
500	0.21171005
501	0.21173497
502	0.21173197
503	0.21172473
504	0.21171859
505	0.21166100
506	0.21163046
507	0.21163918
508	0.21160868
509	0.21158944
510	0.21157511
511	0.21154237
512	0.21150324
513	0.21147192
514	0.21143822
515	0.21143244
516	0.21138373
517	0.21132398
518	0.21124801
519	0.21120788
520	0.21113321
521	0.21106729
522	0.21104489
523	0.21101232
524	0.21095997
525	0.21089686
526	0.21086615
527	0.21083753
528	0.21080036
529	0.21077156
530	0.21078028
531	0.21075213
532	0.21071020
533	0.21070781
534	0.21068981
535	0.21066485
536	0.21066418
537	0.21062987
538	0.21066818
539	0.21061738
540	0.21062788
541	0.21061037
542	0.21059512
543	0.21059167
544	0.21057148
545	0.21058658
546	0.21057297
547	0.21054412
548	0.21051280
549	0.21050060
550	0.21047303
551	0.21044047
552	0.21042228
553	0.21039575
554	0.21034016
555	0.21031845
556	0.21031834
557	0.21028315
558	0.21026362
559	0.21027558
560	0.21028526
561	0.21027449
562	0.21025720
563	0.21027277
564	0.21029432
565	0.21029504
566	0.21030532
567	0.21034823
568	0.21030527
569	0.21031706
570	0.21031389
571	0.21031649
572	0.21031076
573	0.21031155
574	0.21031998
575	0.21032448
576	0.21027830
577	0.21030171
578	0.21030709
579	0.21030204
580	0.21030055
581	0.21028671
582	0.21029983
583	0.21030053
584	0.21028839
585	0.21028039
586	0.21024357
587	0.21024601
588	0.21024764
589	0.21025576
590	0.21024805
591	0.21022587
592	0.21023540
593	0.21021912
594	0.21020894
595	0.21021438
596	0.21021707
597	0.21020997
598	0.21018057
599	0.21019229
600	0.21020959