	C:\Users\jkuzm\OneDrive - University of Massachusetts\HRSL x UMILL-PUMA Fatigue - Fatigue\Data\F01\FR3_static2.c3d _ImpedanceExport
	RCAL2
	TARGET
	ORIGINAL
ITEM	Z
1	0.01636829
2	0.01628650
3	0.01629705
4	0.01582511
5	0.01581030
6	0.01582689
7	0.01578124
8	0.01580753
9	0.01577408
10	0.01578210
11	0.01577138
12	0.01579930
13	0.01578760
14	0.01579291
15	0.01579366
16	0.01577701
17	0.01578779
18	0.01580723
19	0.01581800
20	0.01578210
21	0.01579888
22	0.01581925
23	0.01581484
24	0.01581565
25	0.01585052
26	0.01583080
27	0.01583613
28	0.01586596
29	0.01587418
30	0.01587573
31	0.01588158
32	0.01590232
33	0.01592131
34	0.01589976
35	0.01592004
36	0.01588041
37	0.01589937
38	0.01592525
39	0.01593431
40	0.01593630
41	0.01595877
42	0.01594157
43	0.01592393
44	0.01597036
45	0.01595193
46	0.01593246
47	0.01597049
48	0.01597009
49	0.01595674
50	0.01601730
51	0.01595700
52	0.01599707
53	0.01601306
54	0.01599649
55	0.01597105
56	0.01599831
57	0.01600209
58	0.01597050
59	0.01601523
60	0.01600039
61	0.01600510
62	0.01599241
63	0.01598087
64	0.01600226
65	0.01599672
66	0.01598318
67	0.01601169
68	0.01597317
69	0.01601314
70	0.01599274
71	0.01600577
72	0.01600670
73	0.01599444
74	0.01604549
75	0.01602200
76	0.01600529
77	0.01601687
78	0.01601590
79	0.01598526
80	0.01601495
81	0.01601893
82	0.01602966
83	0.01604310
84	0.01604520
85	0.01605877
86	0.01603097
87	0.01603505
88	0.01603525
89	0.01601860
90	0.01601052
91	0.01600226
92	0.01599108
93	0.01601160
94	0.01600691
95	0.01600684
96	0.01599682
97	0.01598854
98	0.01599995
99	0.01595998
100	0.01597675
101	0.01595473
102	0.01597967
103	0.01599896
104	0.01595987
105	0.01600388
106	0.01602239
107	0.01600112
108	0.01600112
109	0.01597710
110	0.01596046
111	0.01600276
112	0.01598822
113	0.01600286
114	0.01596738
115	0.01598966
116	0.01601590
117	0.01597669
118	0.01600607
119	0.01599880
120	0.01599336
121	0.01597990
122	0.01602150
123	0.01601581
124	0.01604287
125	0.01604190
126	0.01608828
127	0.01609253
128	0.01611346
129	0.01606153
130	0.01610463
131	0.01612486
132	0.01616207
133	0.01614782
134	0.01615161
135	0.01618147
136	0.01617954
137	0.01620799
138	0.01621338
139	0.01618419
140	0.01621526
141	0.01622795
142	0.01619960
143	0.01617217
144	0.01623828
145	0.01625031
146	0.01622870
147	0.01624114
148	0.01625616
149	0.01625258
150	0.01626242
151	0.01621454
152	0.01627907
153	0.01626433
154	0.01629046
155	0.01624049
156	0.01629964
157	0.01631650
158	0.01633812
159	0.01633491
160	0.01634194
161	0.01635768
162	0.01636416
163	0.01637653
164	0.01637833
165	0.01638333
166	0.01637602
167	0.01637965
168	0.01636206
169	0.01638394
170	0.01632911
171	0.01640500
172	0.01636496
173	0.01642528
174	0.01641868
175	0.01643323
176	0.01645473
177	0.01644656
178	0.01643702
179	0.01644990
180	0.01645558
181	0.01640534
182	0.01647210
183	0.01651482
184	0.01644961
185	0.01650091
186	0.01648072
187	0.01650181
188	0.01649500
189	0.01649630
190	0.01648423
191	0.01645196
192	0.01649191
193	0.01652854
194	0.01655294
195	0.01656769
196	0.01652810
197	0.01656672
198	0.01658289
199	0.01656751
200	0.01654969
201	0.01663548
202	0.01660863
203	0.01663325
204	0.01664979
205	0.01665995
206	0.01665742
207	0.01664690
208	0.01665572
209	0.01667836
210	0.01672327
211	0.01674667
212	0.01675892
213	0.01671945
214	0.01677660
215	0.01671220
216	0.01675059
217	0.01678250
218	0.01673358
219	0.01673806
220	0.01676806
221	0.01675424
222	0.01680369
223	0.01681198
224	0.01682092
225	0.01677352
226	0.01686882
227	0.01688636
228	0.01689476
229	0.01689517
230	0.01687258
231	0.01689002
232	0.01691059
233	0.01690566
234	0.01692199
235	0.01694575
236	0.01696651
237	0.01694558
238	0.01699175
239	0.01697218
240	0.01697499
241	0.01697373
242	0.01697350
243	0.01700324
244	0.01697082
245	0.01701170
246	0.01701282
247	0.01701894
248	0.01703149
249	0.01700456
250	0.01702625
251	0.01705100
252	0.01704058
253	0.01704561
254	0.01702826
255	0.01703138
256	0.01704004
257	0.01706097
258	0.01704629
259	0.01705230
260	0.01705284
261	0.01708639
262	0.01708051
263	0.01707849
264	0.01707845
265	0.01709678
266	0.01709422
267	0.01709256
268	0.01711549
269	0.01713033
270	0.01716211
271	0.01715941
272	0.01715568
273	0.01715416
274	0.01715246
275	0.01716764
276	0.01719313
277	0.01717297
278	0.01717935
279	0.01721666
280	0.01722991
281	0.01723946
282	0.01722549
283	0.01724367
284	0.01726847
285	0.01723226
286	0.01728902
287	0.01729146
288	0.01729135
289	0.01732260
290	0.01731728
291	0.01733881
292	0.01734523
293	0.01735931
294	0.01736950
295	0.01738852
296	0.01739972
297	0.01741683
298	0.01740414
299	0.01743148
300	0.01741791
301	0.01746732
302	0.01746571
303	0.01747055
304	0.01748496
305	0.01749997
306	0.01750521
307	0.01752533
308	0.01752610
309	0.01752749
310	0.01751959
311	0.01755804
312	0.01756429
313	0.01757900
314	0.01758364
315	0.01760362
316	0.01761992
317	0.01761259
318	0.01763651
319	0.01766699
320	0.01764667
321	0.01764749
322	0.01766753
323	0.01766649
324	0.01768275
325	0.01772308
326	0.01771616
327	0.01773955
328	0.01775868
329	0.01774107
330	0.01775079
331	0.01774753
332	0.01775979
333	0.01774713
334	0.01776502
335	0.01777730
336	0.01780824
337	0.01778677
338	0.01781661
339	0.01784247
340	0.01783365
341	0.01784466
342	0.01784896
343	0.01786313
344	0.01787114
345	0.01787748
346	0.01788734
347	0.01790883
348	0.01794927
349	0.01794912
350	0.01796896
351	0.01797447
352	0.01796908
353	0.01795975
354	0.01799227
355	0.01801360
356	0.01800048
357	0.01803106
358	0.01805346
359	0.01803252
360	0.01803722
361	0.01805113
362	0.01802990
363	0.01802664
364	0.01804228
365	0.01805234
366	0.01802850
367	0.01802539
368	0.01806712
369	0.01804686
370	0.01806685
371	0.01805575
372	0.01806289
373	0.01807958
374	0.01806995
375	0.01806930
376	0.01808949
377	0.01807743
378	0.01806277
379	0.01807881
380	0.01809434
381	0.01808125
382	0.01810768
383	0.01812077
384	0.01807838
385	0.01811451
386	0.01811682
387	0.01812786
388	0.01813382
389	0.01814741
390	0.01813925
391	0.01813907
392	0.01815928
393	0.01814353
394	0.01814975
395	0.01817538
396	0.01815801
397	0.01818289
398	0.01814645
399	0.01817899
400	0.01818811
401	0.01819445
402	0.01821283
403	0.01820292
404	0.01821309
405	0.01822734
406	0.01820979
407	0.01821112
408	0.01819020
409	0.01819323
410	0.01821756
411	0.01817673
412	0.01822255
413	0.01819797
414	0.01822416
415	0.01825177
416	0.01821208
417	0.01824393
418	0.01822698
419	0.01821011
420	0.01822955
421	0.01823755
422	0.01826325
423	0.01823749
424	0.01822672
425	0.01823237
426	0.01824925
427	0.01827143
428	0.01821646
429	0.01821128
430	0.01822437
431	0.01822725
432	0.01822284
433	0.01822006
434	0.01823435
435	0.01820232
436	0.01819593
437	0.01818706
438	0.01820995
439	0.01818382
440	0.01815618
441	0.01819433
442	0.01817257
443	0.01815324
444	0.01818852
445	0.01816993
446	0.01817388
447	0.01819342
448	0.01819441
449	0.01819131
450	0.01818304
451	0.01819346
452	0.01817610
453	0.01817601
454	0.01817628
455	0.01816188
456	0.01815971
457	0.01817136
458	0.01817412
459	0.01814025
460	0.01814261
461	0.01812852
462	0.01813268
463	0.01811541
464	0.01810778
465	0.01809719
466	0.01809423
467	0.01807091
468	0.01808149
469	0.01806861
470	0.01806918
471	0.01804778
472	0.01803436
473	0.01803918
474	0.01805229
475	0.01800085
476	0.01799526
477	0.01801615
478	0.01799123
479	0.01800504
480	0.01800133
481	0.01799234
482	0.01801365
483	0.01798604
484	0.01798013
485	0.01795540
486	0.01797728
487	0.01796587
488	0.01797391
489	0.01798105
490	0.01797420
491	0.01794843
492	0.01796151
493	0.01794098
494	0.01792414
495	0.01792446
496	0.01789449
497	0.01788082
498	0.01786686
499	0.01785824
500	0.01785078
501	0.01783282
502	0.01783370
503	0.01781716
504	0.01779543
505	0.01779251
506	0.01776404
507	0.01776426
508	0.01772917
509	0.01771018
510	0.01766609
511	0.01763880
512	0.01762124
513	0.01758610
514	0.01754128
515	0.01748574
516	0.01742750
517	0.01735771
518	0.01730748
519	0.01724218
520	0.01715042
521	0.01709220
522	0.01705373
523	0.01697981
524	0.01695454
525	0.01691036
526	0.01683358
527	0.01682547
528	0.01673821
529	0.01673182
530	0.01672436
531	0.01672501
532	0.01667879
533	0.01670384
534	0.01665828
535	0.01668862
536	0.01669256
537	0.01668787
538	0.01668279
539	0.01666790
540	0.01666167
541	0.01663529
542	0.01662313
543	0.01662352
544	0.01657703
545	0.01656038
546	0.01656854
547	0.01654754
548	0.01650579
549	0.01648284
550	0.01647625
551	0.01642750
552	0.01638327
553	0.01634374
554	0.01631659
555	0.01630759
556	0.01625785
557	0.01623524
558	0.01624350
559	0.01622737
560	0.01624760
561	0.01621687
562	0.01619809
563	0.01620554
564	0.01623817
565	0.01624801
566	0.01623908
567	0.01626273
568	0.01625836
569	0.01627480
570	0.01627487
571	0.01629770
572	0.01629042
573	0.01631081
574	0.01629382
575	0.01631371
576	0.01631944
577	0.01630846
578	0.01633305
579	0.01630768
580	0.01633135
581	0.01631830
582	0.01632809
583	0.01630670
584	0.01629742
585	0.01631842
586	0.01634315
587	0.01632299
588	0.01632574
589	0.01632737
590	0.01631942
591	0.01634083
592	0.01632264
593	0.01630573
594	0.01632464
595	0.01631519
596	0.01628169
597	0.01629144
598	0.01628583
599	0.01627424
600	0.01625516