	C:\Users\jkuzm\OneDrive - University of Massachusetts\HRSL x UMILL-PUMA Fatigue - Fatigue\Data\F01\FR3_static2.c3d _ImpedanceExport
	RCAL2
	TARGET
	ORIGINAL
ITEM	Y
1	0.22477572
2	0.22478193
3	0.22476853
4	0.22526129
5	0.22524148
6	0.22523983
7	0.22523142
8	0.22523086
9	0.22525010
10	0.22522892
11	0.22520682
12	0.22520758
13	0.22520746
14	0.22520578
15	0.22521883
16	0.22523490
17	0.22523846
18	0.22523090
19	0.22521971
20	0.22525173
21	0.22522974
22	0.22522472
23	0.22524211
24	0.22524349
25	0.22525606
26	0.22524774
27	0.22525930
28	0.22525726
29	0.22525990
30	0.22524613
31	0.22526228
32	0.22526747
33	0.22524202
34	0.22525677
35	0.22525072
36	0.22525848
37	0.22526200
38	0.22526209
39	0.22526972
40	0.22524755
41	0.22526565
42	0.22525431
43	0.22527711
44	0.22526513
45	0.22525671
46	0.22527526
47	0.22526810
48	0.22526617
49	0.22529355
50	0.22528479
51	0.22529936
52	0.22527574
53	0.22528177
54	0.22528401
55	0.22529916
56	0.22526453
57	0.22528265
58	0.22532602
59	0.22528100
60	0.22529861
61	0.22528860
62	0.22529507
63	0.22529872
64	0.22528534
65	0.22528850
66	0.22529085
67	0.22530402
68	0.22530763
69	0.22529565
70	0.22531526
71	0.22531916
72	0.22532158
73	0.22531694
74	0.22531837
75	0.22531708
76	0.22531524
77	0.22530717
78	0.22530468
79	0.22532649
80	0.22532605
81	0.22533379
82	0.22533517
83	0.22531563
84	0.22532587
85	0.22530150
86	0.22532244
87	0.22531024
88	0.22530948
89	0.22530901
90	0.22532254
91	0.22532023
92	0.22532338
93	0.22531927
94	0.22530742
95	0.22532947
96	0.22530262
97	0.22531673
98	0.22532201
99	0.22534099
100	0.22533472
101	0.22533505
102	0.22531691
103	0.22532700
104	0.22535129
105	0.22534756
106	0.22533184
107	0.22531781
108	0.22533096
109	0.22536367
110	0.22534807
111	0.22535349
112	0.22533855
113	0.22533315
114	0.22534455
115	0.22534297
116	0.22533609
117	0.22535984
118	0.22533305
119	0.22533846
120	0.22536549
121	0.22536191
122	0.22535573
123	0.22535929
124	0.22537008
125	0.22537631
126	0.22537573
127	0.22536738
128	0.22535281
129	0.22541368
130	0.22540051
131	0.22540914
132	0.22538505
133	0.22539558
134	0.22541018
135	0.22541136
136	0.22541115
137	0.22540978
138	0.22538951
139	0.22540136
140	0.22539024
141	0.22540650
142	0.22540940
143	0.22543350
144	0.22541586
145	0.22541896
146	0.22542100
147	0.22541645
148	0.22542436
149	0.22542708
150	0.22544558
151	0.22545655
152	0.22543021
153	0.22547317
154	0.22546275
155	0.22547597
156	0.22545864
157	0.22547098
158	0.22548182
159	0.22548801
160	0.22548755
161	0.22547166
162	0.22550593
163	0.22549221
164	0.22549315
165	0.22549058
166	0.22550610
167	0.22550161
168	0.22551820
169	0.22553514
170	0.22557133
171	0.22552480
172	0.22556917
173	0.22552957
174	0.22554097
175	0.22555272
176	0.22554229
177	0.22554742
178	0.22553463
179	0.22556727
180	0.22554912
181	0.22559014
182	0.22556846
183	0.22555615
184	0.22559477
185	0.22554871
186	0.22555520
187	0.22556572
188	0.22558139
189	0.22556648
190	0.22556368
191	0.22560473
192	0.22557573
193	0.22557327
194	0.22559169
195	0.22556540
196	0.22557518
197	0.22558410
198	0.22559175
199	0.22558798
200	0.22560799
201	0.22559142
202	0.22561187
203	0.22559188
204	0.22561412
205	0.22561210
206	0.22561613
207	0.22562535
208	0.22560593
209	0.22564119
210	0.22561917
211	0.22561200
212	0.22561055
213	0.22564338
214	0.22562970
215	0.22563946
216	0.22562839
217	0.22563195
218	0.22563908
219	0.22565623
220	0.22562230
221	0.22564143
222	0.22561327
223	0.22562410
224	0.22562863
225	0.22566363
226	0.22564164
227	0.22563183
228	0.22565657
229	0.22563535
230	0.22564553
231	0.22564094
232	0.22566590
233	0.22567004
234	0.22565074
235	0.22567903
236	0.22567576
237	0.22569421
238	0.22568780
239	0.22568616
240	0.22570617
241	0.22570887
242	0.22571827
243	0.22569579
244	0.22570917
245	0.22569464
246	0.22570895
247	0.22570401
248	0.22570598
249	0.22572884
250	0.22572410
251	0.22571991
252	0.22570917
253	0.22572386
254	0.22573154
255	0.22572735
256	0.22572261
257	0.22574465
258	0.22573766
259	0.22573400
260	0.22573733
261	0.22571968
262	0.22573186
263	0.22574073
264	0.22575179
265	0.22572316
266	0.22574770
267	0.22574499
268	0.22576576
269	0.22575089
270	0.22576286
271	0.22577029
272	0.22578356
273	0.22578502
274	0.22578111
275	0.22578123
276	0.22577430
277	0.22580355
278	0.22578408
279	0.22576205
280	0.22578147
281	0.22576246
282	0.22578581
283	0.22579609
284	0.22578821
285	0.22581576
286	0.22580153
287	0.22580101
288	0.22579902
289	0.22581781
290	0.22583932
291	0.22583285
292	0.22584476
293	0.22582984
294	0.22583978
295	0.22587152
296	0.22585778
297	0.22586776
298	0.22587168
299	0.22585803
300	0.22587432
301	0.22587642
302	0.22586510
303	0.22587153
304	0.22587997
305	0.22587536
306	0.22586657
307	0.22587357
308	0.22586228
309	0.22589600
310	0.22590417
311	0.22589126
312	0.22590040
313	0.22590055
314	0.22591226
315	0.22591633
316	0.22589390
317	0.22591281
318	0.22591588
319	0.22591634
320	0.22592545
321	0.22593461
322	0.22592664
323	0.22594181
324	0.22594628
325	0.22592515
326	0.22594181
327	0.22595020
328	0.22594449
329	0.22595219
330	0.22597049
331	0.22596027
332	0.22596195
333	0.22594970
334	0.22596049
335	0.22596747
336	0.22595897
337	0.22596489
338	0.22597435
339	0.22597982
340	0.22598960
341	0.22598962
342	0.22599323
343	0.22600240
344	0.22601284
345	0.22601044
346	0.22600746
347	0.22602648
348	0.22604488
349	0.22603820
350	0.22603466
351	0.22603616
352	0.22604641
353	0.22605070
354	0.22604029
355	0.22603938
356	0.22605488
357	0.22606738
358	0.22606765
359	0.22607990
360	0.22609623
361	0.22606747
362	0.22607371
363	0.22607817
364	0.22607748
365	0.22609025
366	0.22610851
367	0.22610322
368	0.22610733
369	0.22608751
370	0.22609180
371	0.22611164
372	0.22612619
373	0.22610979
374	0.22612426
375	0.22614476
376	0.22612426
377	0.22611295
378	0.22613335
379	0.22614180
380	0.22613762
381	0.22615767
382	0.22614457
383	0.22613844
384	0.22615878
385	0.22612770
386	0.22613733
387	0.22613539
388	0.22613601
389	0.22614701
390	0.22614287
391	0.22615151
392	0.22614692
393	0.22615726
394	0.22614744
395	0.22617128
396	0.22616602
397	0.22613657
398	0.22616793
399	0.22614732
400	0.22616008
401	0.22615491
402	0.22614069
403	0.22615528
404	0.22615081
405	0.22615579
406	0.22615817
407	0.22613850
408	0.22616045
409	0.22615464
410	0.22615904
411	0.22615451
412	0.22615071
413	0.22616854
414	0.22615109
415	0.22612298
416	0.22615950
417	0.22614786
418	0.22613631
419	0.22614472
420	0.22614387
421	0.22613484
422	0.22612670
423	0.22613667
424	0.22614574
425	0.22615698
426	0.22614932
427	0.22614309
428	0.22616652
429	0.22615126
430	0.22614667
431	0.22614552
432	0.22615094
433	0.22614004
434	0.22615260
435	0.22616304
436	0.22614491
437	0.22614197
438	0.22616658
439	0.22615127
440	0.22614615
441	0.22613253
442	0.22615574
443	0.22616193
444	0.22614285
445	0.22615886
446	0.22615999
447	0.22616094
448	0.22614524
449	0.22611772
450	0.22614305
451	0.22613357
452	0.22611400
453	0.22612534
454	0.22614032
455	0.22609937
456	0.22613341
457	0.22611533
458	0.22609790
459	0.22612266
460	0.22609679
461	0.22610363
462	0.22609198
463	0.22610083
464	0.22610036
465	0.22610217
466	0.22608790
467	0.22608976
468	0.22609195
469	0.22608191
470	0.22607203
471	0.22608861
472	0.22607301
473	0.22605738
474	0.22607858
475	0.22607711
476	0.22606787
477	0.22604398
478	0.22607093
479	0.22608459
480	0.22606193
481	0.22604892
482	0.22604766
483	0.22605866
484	0.22605456
485	0.22605005
486	0.22605959
487	0.22605094
488	0.22603279
489	0.22602585
490	0.22603691
491	0.22602743
492	0.22599539
493	0.22603488
494	0.22601797
495	0.22600256
496	0.22600488
497	0.22600916
498	0.22599919
499	0.22598353
500	0.22601521
501	0.22599749
502	0.22599927
503	0.22598454
504	0.22595763
505	0.22596686
506	0.22596230
507	0.22594361
508	0.22593980
509	0.22590724
510	0.22592731
511	0.22591160
512	0.22589040
513	0.22587802
514	0.22586238
515	0.22583707
516	0.22580113
517	0.22578533
518	0.22575830
519	0.22571309
520	0.22569469
521	0.22567472
522	0.22562894
523	0.22561368
524	0.22559190
525	0.22558516
526	0.22557956
527	0.22554097
528	0.22557001
529	0.22556035
530	0.22554868
531	0.22552939
532	0.22551934
533	0.22550485
534	0.22550638
535	0.22549647
536	0.22548826
537	0.22550337
538	0.22547697
539	0.22546591
540	0.22546524
541	0.22545914
542	0.22547084
543	0.22544493
544	0.22546104
545	0.22545087
546	0.22545037
547	0.22544235
548	0.22544113
549	0.22541441
550	0.22539216
551	0.22538318
552	0.22537269
553	0.22535406
554	0.22533515
555	0.22531407
556	0.22532801
557	0.22532567
558	0.22529383
559	0.22529940
560	0.22529222
561	0.22528584
562	0.22528827
563	0.22530310
564	0.22530551
565	0.22531098
566	0.22530028
567	0.22531272
568	0.22530787
569	0.22530532
570	0.22532660
571	0.22530331
572	0.22530527
573	0.22529599
574	0.22530583
575	0.22530560
576	0.22530890
577	0.22529094
578	0.22529107
579	0.22531165
580	0.22531089
581	0.22530964
582	0.22531214
583	0.22530898
584	0.22529233
585	0.22529270
586	0.22528392
587	0.22528808
588	0.22529534
589	0.22531149
590	0.22527754
591	0.22528236
592	0.22527796
593	0.22528724
594	0.22525680
595	0.22526151
596	0.22525479
597	0.22524856
598	0.22524865
599	0.22525412
600	0.22527330