	C:\Users\jkuzm\OneDrive - University of Massachusetts\HRSL x UMILL-PUMA Fatigue - Fatigue\Data\F01\FR3_static2.c3d _ImpedanceExport
	LCAL3
	TARGET
	ORIGINAL
ITEM	Y
1	0.24379662
2	0.24379504
3	0.24379869
4	0.24378666
5	0.24376503
6	0.24375775
7	0.24375084
8	0.24374446
9	0.24372467
10	0.24374941
11	0.24372631
12	0.24374463
13	0.24374114
14	0.24374218
15	0.24374340
16	0.24374416
17	0.24375319
18	0.24375246
19	0.24374342
20	0.24373959
21	0.24372417
22	0.24373409
23	0.24373868
24	0.24373461
25	0.24374799
26	0.24375005
27	0.24374445
28	0.24375840
29	0.24375165
30	0.24375659
31	0.24375698
32	0.24373852
33	0.24373558
34	0.24375199
35	0.24374892
36	0.24377513
37	0.24375567
38	0.24378705
39	0.24376734
40	0.24377874
41	0.24376740
42	0.24376145
43	0.24376529
44	0.24375470
45	0.24376485
46	0.24375062
47	0.24375103
48	0.24377467
49	0.24376166
50	0.24376777
51	0.24377738
52	0.24377435
53	0.24375822
54	0.24376006
55	0.24376477
56	0.24377342
57	0.24377637
58	0.24377134
59	0.24377514
60	0.24378915
61	0.24378639
62	0.24377826
63	0.24377759
64	0.24379109
65	0.24377197
66	0.24377683
67	0.24377909
68	0.24378674
69	0.24377029
70	0.24378239
71	0.24379873
72	0.24379708
73	0.24380058
74	0.24379800
75	0.24378037
76	0.24378712
77	0.24378937
78	0.24380901
79	0.24380094
80	0.24379870
81	0.24381860
82	0.24380608
83	0.24381661
84	0.24381229
85	0.24379705
86	0.24378918
87	0.24380173
88	0.24380195
89	0.24379402
90	0.24380572
91	0.24380013
92	0.24380489
93	0.24380322
94	0.24379276
95	0.24381523
96	0.24381532
97	0.24383023
98	0.24380572
99	0.24380869
100	0.24381204
101	0.24381661
102	0.24384168
103	0.24384345
104	0.24384499
105	0.24383403
106	0.24383666
107	0.24383967
108	0.24383689
109	0.24383962
110	0.24383762
111	0.24385384
112	0.24384043
113	0.24382505
114	0.24383830
115	0.24383664
116	0.24385445
117	0.24383436
118	0.24384186
119	0.24384493
120	0.24383320
121	0.24381906
122	0.24382997
123	0.24382977
124	0.24382347
125	0.24382484
126	0.24384761
127	0.24384555
128	0.24384055
129	0.24382678
130	0.24384466
131	0.24384788
132	0.24384719
133	0.24383193
134	0.24385141
135	0.24384435
136	0.24386904
137	0.24386789
138	0.24385755
139	0.24387330
140	0.24386147
141	0.24387382
142	0.24387901
143	0.24385738
144	0.24386322
145	0.24386385
146	0.24387977
147	0.24385042
148	0.24385928
149	0.24386479
150	0.24385136
151	0.24386258
152	0.24386276
153	0.24384004
154	0.24384975
155	0.24385072
156	0.24385193
157	0.24387304
158	0.24386527
159	0.24385360
160	0.24386133
161	0.24386725
162	0.24387354
163	0.24386452
164	0.24388525
165	0.24388453
166	0.24389102
167	0.24387623
168	0.24389894
169	0.24390332
170	0.24390849
171	0.24391444
172	0.24392042
173	0.24390835
174	0.24391963
175	0.24391511
176	0.24389671
177	0.24390918
178	0.24389046
179	0.24388637
180	0.24390122
181	0.24392450
182	0.24392040
183	0.24393253
184	0.24392436
185	0.24392125
186	0.24392010
187	0.24390811
188	0.24391185
189	0.24393851
190	0.24391966
191	0.24392217
192	0.24392615
193	0.24392991
194	0.24393195
195	0.24393190
196	0.24393186
197	0.24393208
198	0.24394232
199	0.24392608
200	0.24393548
201	0.24393998
202	0.24394089
203	0.24393672
204	0.24395421
205	0.24396223
206	0.24394143
207	0.24394391
208	0.24394818
209	0.24395393
210	0.24396786
211	0.24396268
212	0.24396448
213	0.24394229
214	0.24396284
215	0.24397373
216	0.24398328
217	0.24397039
218	0.24396507
219	0.24397245
220	0.24396399
221	0.24396740
222	0.24397331
223	0.24399085
224	0.24398132
225	0.24379387
226	0.24399656
227	0.24399199
228	0.24399485
229	0.24397032
230	0.24399792
231	0.24399088
232	0.24397211
233	0.24398182
234	0.24399786
235	0.24401891
236	0.24400073
237	0.24400035
238	0.24380264
239	0.24401234
240	0.24399792
241	0.24399228
242	0.24401218
243	0.24402151
244	0.24402802
245	0.24401608
246	0.24403679
247	0.24403152
248	0.24402227
249	0.24403082
250	0.24403308
251	0.24405320
252	0.24403061
253	0.24400565
254	0.24401268
255	0.24402553
256	0.24404077
257	0.24401636
258	0.24403431
259	0.24403684
260	0.24403855
261	0.24403794
262	0.24402879
263	0.24405062
264	0.24402916
265	0.24402100
266	0.24403524
267	0.24405354
268	0.24406341
269	0.24405314
270	0.24406832
271	0.24405165
272	0.24405226
273	0.24404652
274	0.24406463
275	0.24403760
276	0.24405743
277	0.24406648
278	0.24405141
279	0.24406587
280	0.24407628
281	0.24405833
282	0.24407020
283	0.24406733
284	0.24405585
285	0.24405028
286	0.24406357
287	0.24405490
288	0.24406564
289	0.24407230
290	0.24407564
291	0.24406017
292	0.24408093
293	0.24409144
294	0.24407366
295	0.24408035
296	0.24408257
297	0.24406372
298	0.24406573
299	0.24406677
300	0.24407744
301	0.24408510
302	0.24407455
303	0.24409589
304	0.24408713
305	0.24409200
306	0.24408032
307	0.24407496
308	0.24407527
309	0.24406959
310	0.24407724
311	0.24407989
312	0.24407993
313	0.24408801
314	0.24408199
315	0.24407986
316	0.24409160
317	0.24407856
318	0.24409354
319	0.24407791
320	0.24408385
321	0.24408554
322	0.24409327
323	0.24409145
324	0.24410184
325	0.24408694
326	0.24409860
327	0.24411736
328	0.24410909
329	0.24410379
330	0.24412532
331	0.24410728
332	0.24411280
333	0.24410975
334	0.24412441
335	0.24413353
336	0.24411346
337	0.24412911
338	0.24414214
339	0.24414295
340	0.24413547
341	0.24412826
342	0.24413523
343	0.24414673
344	0.24412972
345	0.24413723
346	0.24416803
347	0.24414124
348	0.24415384
349	0.24415155
350	0.24414711
351	0.24414721
352	0.24415916
353	0.24415483
354	0.24416170
355	0.24417610
356	0.24417754
357	0.24417487
358	0.24417453
359	0.24417992
360	0.24417272
361	0.24418484
362	0.24418133
363	0.24418084
364	0.24418649
365	0.24418357
366	0.24417487
367	0.24419408
368	0.24419169
369	0.24420875
370	0.24419084
371	0.24419154
372	0.24421307
373	0.24419063
374	0.24419612
375	0.24419929
376	0.24419157
377	0.24419382
378	0.24420606
379	0.24419385
380	0.24420054
381	0.24420063
382	0.24420489
383	0.24421041
384	0.24420236
385	0.24420442
386	0.24420710
387	0.24420631
388	0.24420400
389	0.24420765
390	0.24419917
391	0.24422398
392	0.24421416
393	0.24421392
394	0.24419960
395	0.24420261
396	0.24419743
397	0.24419393
398	0.24420036
399	0.24419461
400	0.24420825
401	0.24421081
402	0.24422011
403	0.24421409
404	0.24419621
405	0.24421921
406	0.24422389
407	0.24421258
408	0.24421261
409	0.24420919
410	0.24420933
411	0.24420398
412	0.24422292
413	0.24420962
414	0.24422242
415	0.24422131
416	0.24422041
417	0.24421613
418	0.24420640
419	0.24421564
420	0.24422608
421	0.24420406
422	0.24423146
423	0.24423553
424	0.24423642
425	0.24425250
426	0.24424511
427	0.24423338
428	0.24424578
429	0.24423674
430	0.24422874
431	0.24423407
432	0.24423450
433	0.24423699
434	0.24424395
435	0.24423337
436	0.24423310
437	0.24422990
438	0.24424531
439	0.24423490
440	0.24423471
441	0.24423924
442	0.24421887
443	0.24423335
444	0.24422628
445	0.24421465
446	0.24423248
447	0.24422997
448	0.24424957
449	0.24422218
450	0.24422227
451	0.24422207
452	0.24421254
453	0.24421717
454	0.24421304
455	0.24421817
456	0.24420123
457	0.24422075
458	0.24421808
459	0.24420984
460	0.24421805
461	0.24420835
462	0.24419437
463	0.24419397
464	0.24419023
465	0.24418926
466	0.24417929
467	0.24418610
468	0.24418534
469	0.24418993
470	0.24419975
471	0.24418025
472	0.24418412
473	0.24419503
474	0.24418858
475	0.24417807
476	0.24418297
477	0.24419771
478	0.24418415
479	0.24417628
480	0.24418126
481	0.24418323
482	0.24417777
483	0.24415785
484	0.24417108
485	0.24418181
486	0.24416706
487	0.24415629
488	0.24416038
489	0.24417464
490	0.24417958
491	0.24417052
492	0.24417323
493	0.24416822
494	0.24416503
495	0.24415730
496	0.24415690
497	0.24414751
498	0.24414504
499	0.24413288
500	0.24413159
501	0.24413373
502	0.24415116
503	0.24412815
504	0.24410264
505	0.24411850
506	0.24409646
507	0.24407744
508	0.24408534
509	0.24405819
510	0.24406378
511	0.24408424
512	0.24404524
513	0.24402912
514	0.24402705
515	0.24402423
516	0.24401511
517	0.24402171
518	0.24397919
519	0.24398577
520	0.24397133
521	0.24399483
522	0.24396227
523	0.24397436
524	0.24397720
525	0.24396122
526	0.24395901
527	0.24395116
528	0.24392496
529	0.24391955
530	0.24392496
531	0.24392110
532	0.24391924
533	0.24393305
534	0.24391067
535	0.24392161
536	0.24392976
537	0.24391992
538	0.24390966
539	0.24390705
540	0.24389440
541	0.24390677
542	0.24390043
543	0.24390610
544	0.24390255
545	0.24391590
546	0.24392270
547	0.24391708
548	0.24390638
549	0.24391508
550	0.24390446
551	0.24388732
552	0.24388061
553	0.24388413
554	0.24388672
555	0.24387591
556	0.24387628
557	0.24388266
558	0.24385954
559	0.24386753
560	0.24384367
561	0.24383935
562	0.24383640
563	0.24384339
564	0.24383995
565	0.24383882
566	0.24385321
567	0.24383278
568	0.24385925
569	0.24386832
570	0.24383530
571	0.24384642
572	0.24384095
573	0.24383657
574	0.24382947
575	0.24383110
576	0.24382097
577	0.24383579
578	0.24383093
579	0.24383490
580	0.24383782
581	0.24383019
582	0.24382922
583	0.24381281
584	0.24382403
585	0.24378674
586	0.24380752
587	0.24380665
588	0.24381320
589	0.24381182
590	0.24381940
591	0.24380746
592	0.24381743
593	0.24380220
594	0.24377769
595	0.24377921
596	0.24378894
597	0.24376604
598	0.24377291
599	0.24377289
600	0.24378747