	C:\Users\jkuzm\OneDrive - University of Massachusetts\HRSL x UMILL-PUMA Fatigue - Fatigue\Data\F01\FR3_static2.c3d _ImpedanceExport
	RMT5H
	TARGET
	ORIGINAL
ITEM	X
1	0.46576232
2	0.46574596
3	0.46575415
4	0.46576005
5	0.46579686
6	0.46578297
7	0.46581060
8	0.46581018
9	0.46580517
10	0.46580166
11	0.46580201
12	0.46582040
13	0.46579289
14	0.46580377
15	0.46580115
16	0.46579751
17	0.46579069
18	0.46581221
19	0.46581149
20	0.46580657
21	0.46580288
22	0.46579251
23	0.46579283
24	0.46580374
25	0.46580267
26	0.46580139
27	0.46579725
28	0.46579921
29	0.46579343
30	0.46578702
31	0.46578965
32	0.46579289
33	0.46578759
34	0.46578071
35	0.46579057
36	0.46579090
37	0.46579695
38	0.46578845
39	0.46578538
40	0.46578881
41	0.46579525
42	0.46580130
43	0.46580318
44	0.46581349
45	0.46580589
46	0.46581376
47	0.46581158
48	0.46581796
49	0.46580029
50	0.46580681
51	0.46581540
52	0.46581864
53	0.46581197
54	0.46581462
55	0.46581832
56	0.46581694
57	0.46580622
58	0.46579641
59	0.46579742
60	0.46579927
61	0.46580487
62	0.46581054
63	0.46580097
64	0.46581128
65	0.46581778
66	0.46580666
67	0.46582043
68	0.46580851
69	0.46580595
70	0.46579650
71	0.46581066
72	0.46580541
73	0.46580788
74	0.46580300
75	0.46580300
76	0.46579289
77	0.46580204
78	0.46580791
79	0.46580675
80	0.46579918
81	0.46579644
82	0.46581599
83	0.46580830
84	0.46580762
85	0.46581754
86	0.46581429
87	0.46581370
88	0.46582267
89	0.46581900
90	0.46580839
91	0.46582004
92	0.46579820
93	0.46581453
94	0.46580410
95	0.46580762
96	0.46581513
97	0.46581197
98	0.46582142
99	0.46581811
100	0.46580625
101	0.46582177
102	0.46579278
103	0.46580923
104	0.46580124
105	0.46580386
106	0.46578166
107	0.46578896
108	0.46578351
109	0.46579885
110	0.46581227
111	0.46579355
112	0.46579406
113	0.46577513
114	0.46580037
115	0.46580037
116	0.46581912
117	0.46579787
118	0.46579924
119	0.46581343
120	0.46579567
121	0.46580681
122	0.46579570
123	0.46580085
124	0.46580186
125	0.46579435
126	0.46576926
127	0.46578416
128	0.46579105
129	0.46579191
130	0.46578234
131	0.46580064
132	0.46580452
133	0.46579304
134	0.46580711
135	0.46579498
136	0.46579874
137	0.46581072
138	0.46581236
139	0.46581435
140	0.46581629
141	0.46581787
142	0.46579936
143	0.46578830
144	0.46578896
145	0.46578702
146	0.46579710
147	0.46578833
148	0.46577439
149	0.46579874
150	0.46579149
151	0.46576521
152	0.46578583
153	0.46578577
154	0.46580410
155	0.46579149
156	0.46579280
157	0.46578953
158	0.46579278
159	0.46577790
160	0.46580571
161	0.46579772
162	0.46578664
163	0.46581733
164	0.46579543
165	0.46579129
166	0.46580940
167	0.46577469
168	0.46579698
169	0.46580523
170	0.46580499
171	0.46579650
172	0.46579111
173	0.46580046
174	0.46579194
175	0.46578997
176	0.46577820
177	0.46578297
178	0.46577784
179	0.46577901
180	0.46580505
181	0.46577749
182	0.46579745
183	0.46579397
184	0.46580124
185	0.46579617
186	0.46579966
187	0.46579778
188	0.46579695
189	0.46580097
190	0.46581507
191	0.46581712
192	0.46580982
193	0.46582115
194	0.46584111
195	0.46581432
196	0.46582508
197	0.46582884
198	0.46581823
199	0.46580082
200	0.46579131
201	0.46580818
202	0.46582714
203	0.46582589
204	0.46583048
205	0.46580619
206	0.46581843
207	0.46582961
208	0.46583191
209	0.46582139
210	0.46581209
211	0.46581247
212	0.46580318
213	0.46581003
214	0.46580645
215	0.46580705
216	0.46579629
217	0.46579105
218	0.46579820
219	0.46579754
220	0.46580851
221	0.46581754
222	0.46579537
223	0.46580562
224	0.46578336
225	0.46579483
226	0.46578327
227	0.46578422
228	0.46578538
229	0.46577799
230	0.46577245
231	0.46577471
232	0.46577904
233	0.46577054
234	0.46576959
235	0.46578601
236	0.46576577
237	0.46576783
238	0.46576813
239	0.46576977
240	0.46577650
241	0.46576571
242	0.46576932
243	0.46577969
244	0.46576509
245	0.46576831
246	0.46575689
247	0.46577165
248	0.46576715
249	0.46578521
250	0.46579200
251	0.46579379
252	0.46578383
253	0.46579275
254	0.46579245
255	0.46577907
256	0.46575961
257	0.46575990
258	0.46575698
259	0.46576729
260	0.46575418
261	0.46575812
262	0.46576238
263	0.46576756
264	0.46577266
265	0.46575481
266	0.46576101
267	0.46576440
268	0.46575522
269	0.46576452
270	0.46575737
271	0.46575475
272	0.46575540
273	0.46576726
274	0.46576393
275	0.46576086
276	0.46576098
277	0.46575972
278	0.46576095
279	0.46576792
280	0.46575445
281	0.46576956
282	0.46576056
283	0.46574324
284	0.46575442
285	0.46575716
286	0.46576494
287	0.46575493
288	0.46574938
289	0.46575809
290	0.46576446
291	0.46575290
292	0.46576968
293	0.46574965
294	0.46577001
295	0.46576914
296	0.46577695
297	0.46578261
298	0.46578738
299	0.46577317
300	0.46576002
301	0.46575999
302	0.46577501
303	0.46576869
304	0.46576568
305	0.46577862
306	0.46577004
307	0.46576330
308	0.46577036
309	0.46578538
310	0.46576700
311	0.46577090
312	0.46577579
313	0.46578428
314	0.46578902
315	0.46577632
316	0.46577001
317	0.46577173
318	0.46577606
319	0.46578223
320	0.46579233
321	0.46578392
322	0.46578094
323	0.46579075
324	0.46577498
325	0.46578282
326	0.46580508
327	0.46579817
328	0.46578678
329	0.46579990
330	0.46579027
331	0.46580726
332	0.46580091
333	0.46580160
334	0.46580750
335	0.46582091
336	0.46581301
337	0.46579728
338	0.46582013
339	0.46580487
340	0.46581188
341	0.46580443
342	0.46580264
343	0.46580714
344	0.46582615
345	0.46581715
346	0.46581751
347	0.46581945
348	0.46581802
349	0.46581161
350	0.46581554
351	0.46580720
352	0.46582204
353	0.46581489
354	0.46581170
355	0.46581507
356	0.46581081
357	0.46582910
358	0.46583384
359	0.46583030
360	0.46583337
361	0.46582592
362	0.46583265
363	0.46583056
364	0.46581906
365	0.46581906
366	0.46582898
367	0.46579421
368	0.46581802
369	0.46581739
370	0.46580142
371	0.46581405
372	0.46579298
373	0.46580729
374	0.46580601
375	0.46578279
376	0.46578708
377	0.46579513
378	0.46579072
379	0.46577579
380	0.46578535
381	0.46577483
382	0.46578652
383	0.46578518
384	0.46578968
385	0.46579993
386	0.46580413
387	0.46577227
388	0.46579903
389	0.46578914
390	0.46580407
391	0.46580848
392	0.46581921
393	0.46580371
394	0.46580854
395	0.46581405
396	0.46581095
397	0.46581426
398	0.46580654
399	0.46581689
400	0.46582153
401	0.46580851
402	0.46580717
403	0.46581542
404	0.46581650
405	0.46581781
406	0.46581098
407	0.46581638
408	0.46581858
409	0.46581098
410	0.46581194
411	0.46582299
412	0.46580777
413	0.46581259
414	0.46580744
415	0.46582532
416	0.46580103
417	0.46582815
418	0.46582365
419	0.46582389
420	0.46582249
421	0.46581301
422	0.46582362
423	0.46581271
424	0.46582580
425	0.46582329
426	0.46581286
427	0.46581978
428	0.46581319
429	0.46581915
430	0.46581271
431	0.46582028
432	0.46581110
433	0.46581465
434	0.46581641
435	0.46580893
436	0.46582127
437	0.46580270
438	0.46580678
439	0.46580490
440	0.46580321
441	0.46581388
442	0.46580458
443	0.46581167
444	0.46579942
445	0.46582562
446	0.46580079
447	0.46581706
448	0.46581596
449	0.46580696
450	0.46582207
451	0.46581393
452	0.46582216
453	0.46582696
454	0.46582943
455	0.46582583
456	0.46581918
457	0.46581078
458	0.46580586
459	0.46580660
460	0.46582305
461	0.46581730
462	0.46582371
463	0.46581483
464	0.46580157
465	0.46579412
466	0.46579564
467	0.46580747
468	0.46581119
469	0.46581519
470	0.46580347
471	0.46579087
472	0.46580473
473	0.46581388
474	0.46581402
475	0.46581393
476	0.46581462
477	0.46580321
478	0.46579817
479	0.46579763
480	0.46580946
481	0.46580750
482	0.46580541
483	0.46580178
484	0.46580490
485	0.46579239
486	0.46580681
487	0.46580514
488	0.46579868
489	0.46579629
490	0.46579489
491	0.46580386
492	0.46581030
493	0.46581006
494	0.46582410
495	0.46580559
496	0.46581355
497	0.46580273
498	0.46579573
499	0.46580020
500	0.46581611
501	0.46579850
502	0.46580550
503	0.46581009
504	0.46582079
505	0.46583074
506	0.46580735
507	0.46582240
508	0.46582419
509	0.46581030
510	0.46582097
511	0.46583155
512	0.46581790
513	0.46582007
514	0.46581295
515	0.46581984
516	0.46581754
517	0.46580514
518	0.46579507
519	0.46580198
520	0.46578875
521	0.46579355
522	0.46579242
523	0.46579620
524	0.46580201
525	0.46579200
526	0.46580413
527	0.46578169
528	0.46581617
529	0.46582454
530	0.46580637
531	0.46579236
532	0.46580037
533	0.46583161
534	0.46583879
535	0.46584702
536	0.46585602
537	0.46585226
538	0.46585581
539	0.46586135
540	0.46585473
541	0.46586120
542	0.46584141
543	0.46585509
544	0.46584889
545	0.46585721
546	0.46585572
547	0.46583894
548	0.46584308
549	0.46582979
550	0.46582565
551	0.46585283
552	0.46583906
553	0.46583533
554	0.46584693
555	0.46583804
556	0.46584848
557	0.46584031
558	0.46584412
559	0.46583235
560	0.46582744
561	0.46581626
562	0.46581727
563	0.46581706
564	0.46581087
565	0.46580324
566	0.46580842
567	0.46580490
568	0.46579003
569	0.46581376
570	0.46580771
571	0.46582603
572	0.46583387
573	0.46585503
574	0.46584865
575	0.46585050
576	0.46585315
577	0.46586442
578	0.46585551
579	0.46587229
580	0.46588278
581	0.46587431
582	0.46589363
583	0.46588624
584	0.46589607
585	0.46591932
586	0.46590221
587	0.46592233
588	0.46591142
589	0.46591267
590	0.46591669
591	0.46590933
592	0.46590376
593	0.46592364
594	0.46591675
595	0.46592000
596	0.46591210
597	0.46591136
598	0.46590504
599	0.46590093
600	0.46591249