	C:\Users\jkuzm\OneDrive - University of Massachusetts\HRSL x UMILL-PUMA Fatigue - Fatigue\Data\F01\FR3_static2.c3d _ImpedanceExport
	LMT5H
	TARGET
	ORIGINAL
ITEM	Y
1	0.39485621
2	0.39484042
3	0.39485076
4	0.39486188
5	0.39484394
6	0.39484245
7	0.39485347
8	0.39485040
9	0.39485601
10	0.39482090
11	0.39482960
12	0.39484909
13	0.39482999
14	0.39485243
15	0.39484891
16	0.39485869
17	0.39486235
18	0.39485529
19	0.39485064
20	0.39485630
21	0.39485508
22	0.39482209
23	0.39485624
24	0.39485049
25	0.39486501
26	0.39484707
27	0.39487350
28	0.39488843
29	0.39488381
30	0.39485669
31	0.39488405
32	0.39488140
33	0.39486447
34	0.39488119
35	0.39486355
36	0.39486194
37	0.39487714
38	0.39488795
39	0.39488521
40	0.39487380
41	0.39487931
42	0.39484584
43	0.39484006
44	0.39485711
45	0.39486057
46	0.39484766
47	0.39487639
48	0.39486060
49	0.39486852
50	0.39487883
51	0.39491063
52	0.39487863
53	0.39486584
54	0.39487106
55	0.39484218
56	0.39486241
57	0.39491495
58	0.39489126
59	0.39488661
60	0.39489186
61	0.39489806
62	0.39488673
63	0.39489949
64	0.39489138
65	0.39489236
66	0.39488804
67	0.39489698
68	0.39489305
69	0.39490306
70	0.39491495
71	0.39490524
72	0.39492333
73	0.39489752
74	0.39491791
75	0.39491588
76	0.39491284
77	0.39490002
78	0.39490980
79	0.39491916
80	0.39492887
81	0.39493430
82	0.39490718
83	0.39492410
84	0.39492160
85	0.39491567
86	0.39491969
87	0.39492324
88	0.39490166
89	0.39488941
90	0.39492214
91	0.39492184
92	0.39492476
93	0.39490819
94	0.39491364
95	0.39492384
96	0.39491773
97	0.39491490
98	0.39489824
99	0.39490235
100	0.39489740
101	0.39490604
102	0.39492282
103	0.39490986
104	0.39492813
105	0.39493820
106	0.39491922
107	0.39492837
108	0.39491659
109	0.39491248
110	0.39491853
111	0.39489666
112	0.39491791
113	0.39493045
114	0.39493611
115	0.39495090
116	0.39492700
117	0.39494526
118	0.39494276
119	0.39495495
120	0.39493752
121	0.39491647
122	0.39492413
123	0.39491105
124	0.39493334
125	0.39494139
126	0.39492130
127	0.39493659
128	0.39495426
129	0.39493901
130	0.39494467
131	0.39493570
132	0.39491579
133	0.39493722
134	0.39495102
135	0.39493614
136	0.39496937
137	0.39495966
138	0.39495283
139	0.39497316
140	0.39494249
141	0.39495844
142	0.39492995
143	0.39497378
144	0.39495713
145	0.39496869
146	0.39497104
147	0.39495471
148	0.39497122
149	0.39496669
150	0.39497036
151	0.39497897
152	0.39495713
153	0.39496493
154	0.39494714
155	0.39494142
156	0.39497253
157	0.39496109
158	0.39497072
159	0.39497745
160	0.39496663
161	0.39497948
162	0.39497501
163	0.39498520
164	0.39497125
165	0.39497754
166	0.39497358
167	0.39499581
168	0.39499953
169	0.39499643
170	0.39501774
171	0.39499882
172	0.39501977
173	0.39500296
174	0.39500245
175	0.39501464
176	0.39498919
177	0.39499125
178	0.39500684
179	0.39501765
180	0.39502388
181	0.39502180
182	0.39502230
183	0.39502540
184	0.39499637
185	0.39501029
186	0.39500400
187	0.39501765
188	0.39498401
189	0.39501402
190	0.39500755
191	0.39502373
192	0.39500612
193	0.39503765
194	0.39501831
195	0.39503759
196	0.39504617
197	0.39501888
198	0.39504522
199	0.39500874
200	0.39500377
201	0.39502472
202	0.39503765
203	0.39503023
204	0.39504901
205	0.39504677
206	0.39504305
207	0.39503244
208	0.39505270
209	0.39502922
210	0.39502859
211	0.39503911
212	0.39505291
213	0.39505777
214	0.39505991
215	0.39505115
216	0.39505681
217	0.39504284
218	0.39505383
219	0.39505300
220	0.39505839
221	0.39504197
222	0.39505452
223	0.39507267
224	0.39506695
225	0.39506736
226	0.39510250
227	0.39506954
228	0.39509520
229	0.39507902
230	0.39507657
231	0.39507920
232	0.39507803
233	0.39507359
234	0.39508858
235	0.39509720
236	0.39509404
237	0.39508229
238	0.39509466
239	0.39507690
240	0.39509428
241	0.39510572
242	0.39509624
243	0.39509207
244	0.39513201
245	0.39512017
246	0.39511177
247	0.39511508
248	0.39511341
249	0.39511868
250	0.39511538
251	0.39513093
252	0.39510700
253	0.39510056
254	0.39509124
255	0.39511782
256	0.39511403
257	0.39511064
258	0.39511952
259	0.39512041
260	0.39513731
261	0.39511746
262	0.39512053
263	0.39511651
264	0.39511180
265	0.39511162
266	0.39510366
267	0.39512560
268	0.39511424
269	0.39513794
270	0.39512578
271	0.39513719
272	0.39514121
273	0.39511877
274	0.39511895
275	0.39513713
276	0.39513639
277	0.39513236
278	0.39513794
279	0.39516532
280	0.39513755
281	0.39515948
282	0.39516801
283	0.39515507
284	0.39517537
285	0.39516276
286	0.39516395
287	0.39515525
288	0.39517182
289	0.39516407
290	0.39517191
291	0.39518654
292	0.39516908
293	0.39517775
294	0.39517334
295	0.39516789
296	0.39515778
297	0.39515316
298	0.39517283
299	0.39515713
300	0.39518234
301	0.39517051
302	0.39518356
303	0.39520943
304	0.39519319
305	0.39519763
306	0.39519155
307	0.39519215
308	0.39515755
309	0.39518708
310	0.39516506
311	0.39517510
312	0.39517680
313	0.39520743
314	0.39522079
315	0.39519721
316	0.39520547
317	0.39519873
318	0.39517519
319	0.39520365
320	0.39519316
321	0.39520445
322	0.39521161
323	0.39521655
324	0.39521849
325	0.39521366
326	0.39523634
327	0.39522147
328	0.39523426
329	0.39522064
330	0.39523306
331	0.39523208
332	0.39521971
333	0.39524597
334	0.39524794
335	0.39524910
336	0.39524436
337	0.39524135
338	0.39525953
339	0.39524451
340	0.39526111
341	0.39523292
342	0.39527845
343	0.39525560
344	0.39528346
345	0.39528567
346	0.39526090
347	0.39529902
348	0.39528215
349	0.39526060
350	0.39526486
351	0.39526936
352	0.39526525
353	0.39527103
354	0.39527735
355	0.39526922
356	0.39530417
357	0.39530504
358	0.39530650
359	0.39531115
360	0.39528468
361	0.39530364
362	0.39528587
363	0.39527601
364	0.39531064
365	0.39531448
366	0.39530414
367	0.39531019
368	0.39532670
369	0.39534515
370	0.39532226
371	0.39533564
372	0.39532766
373	0.39532423
374	0.39532173
375	0.39532319
376	0.39533353
377	0.39532879
378	0.39531162
379	0.39531514
380	0.39531586
381	0.39534402
382	0.39532006
383	0.39532217
384	0.39530897
385	0.39532951
386	0.39533508
387	0.39531770
388	0.39532921
389	0.39533967
390	0.39532182
391	0.39532056
392	0.39532503
393	0.39531308
394	0.39535484
395	0.39532891
396	0.39532295
397	0.39531431
398	0.39530665
399	0.39530540
400	0.39532295
401	0.39532611
402	0.39531428
403	0.39532819
404	0.39533758
405	0.39532980
406	0.39534944
407	0.39535835
408	0.39533082
409	0.39531222
410	0.39532712
411	0.39532882
412	0.39532006
413	0.39532843
414	0.39533886
415	0.39536473
416	0.39534852
417	0.39534307
418	0.39533490
419	0.39533299
420	0.39532295
421	0.39535862
422	0.39535618
423	0.39535630
424	0.39537427
425	0.39538729
426	0.39536485
427	0.39538193
428	0.39535034
429	0.39534700
430	0.39536551
431	0.39536884
432	0.39536223
433	0.39535606
434	0.39536619
435	0.39537948
436	0.39535120
437	0.39534992
438	0.39535466
439	0.39536613
440	0.39534557
441	0.39535481
442	0.39532793
443	0.39533904
444	0.39536706
445	0.39534989
446	0.39536333
447	0.39535835
448	0.39537644
449	0.39535585
450	0.39535093
451	0.39535791
452	0.39534152
453	0.39534420
454	0.39533967
455	0.39533830
456	0.39533153
457	0.39533195
458	0.39533311
459	0.39532703
460	0.39534944
461	0.39532423
462	0.39533406
463	0.39531517
464	0.39530727
465	0.39532775
466	0.39529705
467	0.39532590
468	0.39532858
469	0.39533088
470	0.39530414
471	0.39532286
472	0.39529490
473	0.39530668
474	0.39528561
475	0.39527357
476	0.39528096
477	0.39530769
478	0.39530423
479	0.39531374
480	0.39531535
481	0.39531970
482	0.39529049
483	0.39531493
484	0.39531213
485	0.39529550
486	0.39529040
487	0.39525878
488	0.39529961
489	0.39528248
490	0.39529136
491	0.39529440
492	0.39528167
493	0.39528751
494	0.39528835
495	0.39527825
496	0.39528522
497	0.39526722
498	0.39526385
499	0.39524817
500	0.39525405
501	0.39524922
502	0.39523402
503	0.39524582
504	0.39523864
505	0.39521748
506	0.39521137
507	0.39519498
508	0.39520645
509	0.39518118
510	0.39519182
511	0.39517486
512	0.39516819
513	0.39517245
514	0.39516211
515	0.39514789
516	0.39513299
517	0.39512384
518	0.39511243
519	0.39509645
520	0.39511913
521	0.39509660
522	0.39510307
523	0.39510423
524	0.39506546
525	0.39507505
526	0.39506927
527	0.39506111
528	0.39505404
529	0.39506799
530	0.39504212
531	0.39504555
532	0.39505693
533	0.39506108
534	0.39505908
535	0.39505103
536	0.39505026
537	0.39505103
538	0.39505267
539	0.39504552
540	0.39503026
541	0.39503485
542	0.39505559
543	0.39503390
544	0.39503121
545	0.39502636
546	0.39504281
547	0.39502296
548	0.39503548
549	0.39500967
550	0.39501011
551	0.39501196
552	0.39499199
553	0.39498949
554	0.39497459
555	0.39497817
556	0.39498869
557	0.39496082
558	0.39496800
559	0.39497992
560	0.39497986
561	0.39496160
562	0.39496213
563	0.39495292
564	0.39496425
565	0.39494663
566	0.39495161
567	0.39494655
568	0.39494783
569	0.39493981
570	0.39494994
571	0.39493829
572	0.39495409
573	0.39493299
574	0.39493209
575	0.39492863
576	0.39492762
577	0.39491653
578	0.39494005
579	0.39492497
580	0.39492586
581	0.39492968
582	0.39493898
583	0.39490893
584	0.39489934
585	0.39490464
586	0.39490476
587	0.39490309
588	0.39492223
589	0.39492390
590	0.39490828
591	0.39490479
592	0.39490074
593	0.39490959
594	0.39490086
595	0.39488789
596	0.39486453
597	0.39485762
598	0.39486617
599	0.39486748
600	0.39486811