	C:\Users\jkuzm\OneDrive - University of Massachusetts\HRSL x UMILL-PUMA Fatigue - Fatigue\Data\F01\FR3_static2.c3d _ImpedanceExport
	RCAL2
	TARGET
	ORIGINAL
ITEM	X
1	0.35955897
2	0.35953984
3	0.35954669
4	0.36015353
5	0.36019751
6	0.36020303
7	0.36020491
8	0.36021143
9	0.36021355
10	0.36023211
11	0.36022189
12	0.36022812
13	0.36021876
14	0.36022645
15	0.36022642
16	0.36022830
17	0.36021766
18	0.36023873
19	0.36022860
20	0.36023346
21	0.36024654
22	0.36023864
23	0.36023891
24	0.36022985
25	0.36024609
26	0.36022669
27	0.36023611
28	0.36024517
29	0.36024323
30	0.36024356
31	0.36025074
32	0.36025655
33	0.36025441
34	0.36024815
35	0.36025900
36	0.36023921
37	0.36022714
38	0.36023375
39	0.36026040
40	0.36024031
41	0.36025459
42	0.36025068
43	0.36025324
44	0.36023825
45	0.36024687
46	0.36023560
47	0.36024988
48	0.36025566
49	0.36025438
50	0.36025655
51	0.36024824
52	0.36024386
53	0.36023766
54	0.36025453
55	0.36023614
56	0.36025700
57	0.36024964
58	0.36023858
59	0.36024415
60	0.36024809
61	0.36023816
62	0.36024156
63	0.36024421
64	0.36025017
65	0.36025295
66	0.36023989
67	0.36024639
68	0.36024788
69	0.36025834
70	0.36024681
71	0.36025515
72	0.36025143
73	0.36023259
74	0.36024725
75	0.36024392
76	0.36026454
77	0.36025330
78	0.36025751
79	0.36024061
80	0.36026302
81	0.36026782
82	0.36026537
83	0.36024520
84	0.36024642
85	0.36026087
86	0.36026546
87	0.36025697
88	0.36024836
89	0.36025026
90	0.36026642
91	0.36025271
92	0.36025569
93	0.36024672
94	0.36024639
95	0.36023095
96	0.36023840
97	0.36025631
98	0.36024681
99	0.36025393
100	0.36025333
101	0.36024415
102	0.36025152
103	0.36026490
104	0.36025646
105	0.36025813
106	0.36026266
107	0.36026406
108	0.36025682
109	0.36026737
110	0.36026210
111	0.36025840
112	0.36025402
113	0.36025921
114	0.36025655
115	0.36027130
116	0.36026061
117	0.36025932
118	0.36027557
119	0.36028937
120	0.36027712
121	0.36027515
122	0.36027211
123	0.36027148
124	0.36027494
125	0.36026070
126	0.36027184
127	0.36026615
128	0.36026770
129	0.36026558
130	0.36026275
131	0.36027762
132	0.36026344
133	0.36028564
134	0.36028397
135	0.36027473
136	0.36028621
137	0.36028987
138	0.36028185
139	0.36030406
140	0.36028624
141	0.36028683
142	0.36029416
143	0.36027336
144	0.36028546
145	0.36028415
146	0.36028942
147	0.36026192
148	0.36028954
149	0.36029422
150	0.36027479
151	0.36026168
152	0.36026040
153	0.36024967
154	0.36025029
155	0.36026084
156	0.36027306
157	0.36025423
158	0.36026704
159	0.36026901
160	0.36025831
161	0.36026329
162	0.36026829
163	0.36025596
164	0.36026335
165	0.36027321
166	0.36026579
167	0.36027473
168	0.36027312
169	0.36029011
170	0.36026704
171	0.36026865
172	0.36027399
173	0.36027125
174	0.36028379
175	0.36028212
176	0.36026859
177	0.36028451
178	0.36027199
179	0.36028132
180	0.36026961
181	0.36026457
182	0.36028564
183	0.36029631
184	0.36026844
185	0.36027628
186	0.36028183
187	0.36028826
188	0.36028689
189	0.36027876
190	0.36028981
191	0.36027092
192	0.36027750
193	0.36028665
194	0.36030996
195	0.36029464
196	0.36027545
197	0.36028844
198	0.36030206
199	0.36028621
200	0.36028871
201	0.36030394
202	0.36030844
203	0.36029819
204	0.36030254
205	0.36028898
206	0.36029103
207	0.36031187
208	0.36029881
209	0.36029312
210	0.36029512
211	0.36032009
212	0.36028820
213	0.36029586
214	0.36029571
215	0.36029381
216	0.36028710
217	0.36029208
218	0.36030719
219	0.36029530
220	0.36029151
221	0.36028597
222	0.36029765
223	0.36028942
224	0.36030120
225	0.36028460
226	0.36028251
227	0.36028001
228	0.36030230
229	0.36029747
230	0.36029413
231	0.36028442
232	0.36028990
233	0.36029208
234	0.36030138
235	0.36030066
236	0.36028659
237	0.36028117
238	0.36026847
239	0.36028913
240	0.36027834
241	0.36027908
242	0.36029336
243	0.36029127
244	0.36028406
245	0.36027542
246	0.36029264
247	0.36028060
248	0.36028257
249	0.36028454
250	0.36029515
251	0.36029458
252	0.36029655
253	0.36028126
254	0.36028421
255	0.36029178
256	0.36028883
257	0.36028382
258	0.36025310
259	0.36028203
260	0.36026877
261	0.36027780
262	0.36028671
263	0.36028248
264	0.36029127
265	0.36027768
266	0.36028272
267	0.36027917
268	0.36028141
269	0.36027592
270	0.36027959
271	0.36026198
272	0.36027619
273	0.36027777
274	0.36027521
275	0.36027417
276	0.36029395
277	0.36027998
278	0.36026758
279	0.36027303
280	0.36028147
281	0.36028039
282	0.36027595
283	0.36028352
284	0.36029002
285	0.36029610
286	0.36028075
287	0.36028591
288	0.36027858
289	0.36028558
290	0.36026981
291	0.36027744
292	0.36026791
293	0.36027822
294	0.36027727
295	0.36027721
296	0.36027834
297	0.36028329
298	0.36028510
299	0.36028257
300	0.36028352
301	0.36029556
302	0.36028513
303	0.36029291
304	0.36029527
305	0.36028418
306	0.36027402
307	0.36029023
308	0.36027482
309	0.36027789
310	0.36027595
311	0.36029482
312	0.36029401
313	0.36027828
314	0.36027712
315	0.36025876
316	0.36027116
317	0.36026844
318	0.36027631
319	0.36026406
320	0.36029074
321	0.36025196
322	0.36027241
323	0.36027938
324	0.36026639
325	0.36027017
326	0.36027339
327	0.36028153
328	0.36029276
329	0.36028656
330	0.36029258
331	0.36029994
332	0.36029375
333	0.36029133
334	0.36030987
335	0.36030301
336	0.36029696
337	0.36028722
338	0.36028117
339	0.36028308
340	0.36028194
341	0.36029306
342	0.36028638
343	0.36027849
344	0.36028194
345	0.36028773
346	0.36029303
347	0.36028141
348	0.36029467
349	0.36029232
350	0.36028036
351	0.36026439
352	0.36029369
353	0.36029190
354	0.36029223
355	0.36028454
356	0.36029974
357	0.36028135
358	0.36028492
359	0.36028570
360	0.36029562
361	0.36029491
362	0.36030108
363	0.36029378
364	0.36029381
365	0.36029848
366	0.36029947
367	0.36028743
368	0.36027262
369	0.36029765
370	0.36027458
371	0.36027712
372	0.36027864
373	0.36028123
374	0.36027566
375	0.36027822
376	0.36026126
377	0.36027226
378	0.36026645
379	0.36027527
380	0.36025399
381	0.36025050
382	0.36026487
383	0.36025795
384	0.36027980
385	0.36025441
386	0.36027282
387	0.36027178
388	0.36026174
389	0.36027071
390	0.36027119
391	0.36026534
392	0.36026615
393	0.36027679
394	0.36025324
395	0.36028412
396	0.36027157
397	0.36027724
398	0.36027205
399	0.36027673
400	0.36028019
401	0.36028296
402	0.36027905
403	0.36029285
404	0.36028546
405	0.36027002
406	0.36027184
407	0.36029330
408	0.36027473
409	0.36027771
410	0.36027035
411	0.36027452
412	0.36027464
413	0.36028206
414	0.36026424
415	0.36027148
416	0.36026204
417	0.36026415
418	0.36028489
419	0.36027625
420	0.36027238
421	0.36027542
422	0.36026651
423	0.36026746
424	0.36027178
425	0.36026838
426	0.36027282
427	0.36027178
428	0.36027050
429	0.36027545
430	0.36027306
431	0.36026466
432	0.36027256
433	0.36027834
434	0.36026314
435	0.36026722
436	0.36028913
437	0.36026806
438	0.36025938
439	0.36027378
440	0.36025918
441	0.36027244
442	0.36027032
443	0.36027557
444	0.36027199
445	0.36025861
446	0.36025059
447	0.36027282
448	0.36025283
449	0.36026904
450	0.36025727
451	0.36025631
452	0.36028084
453	0.36027482
454	0.36026913
455	0.36027834
456	0.36026376
457	0.36025175
458	0.36026505
459	0.36026660
460	0.36026186
461	0.36027890
462	0.36025131
463	0.36024898
464	0.36026934
465	0.36026749
466	0.36025977
467	0.36026299
468	0.36026177
469	0.36024877
470	0.36024168
471	0.36025372
472	0.36026189
473	0.36026672
474	0.36024940
475	0.36027578
476	0.36026996
477	0.36026219
478	0.36026543
479	0.36026314
480	0.36027703
481	0.36027545
482	0.36025921
483	0.36027193
484	0.36025384
485	0.36026686
486	0.36026391
487	0.36026612
488	0.36027330
489	0.36025193
490	0.36026865
491	0.36026427
492	0.36026540
493	0.36025852
494	0.36025974
495	0.36024997
496	0.36025679
497	0.36025643
498	0.36025840
499	0.36027545
500	0.36027059
501	0.36025596
502	0.36024800
503	0.36025512
504	0.36026153
505	0.36026576
506	0.36026025
507	0.36025736
508	0.36024776
509	0.36026314
510	0.36026287
511	0.36024907
512	0.36026576
513	0.36022675
514	0.36024663
515	0.36025074
516	0.36023173
517	0.36023909
518	0.36022425
519	0.36023641
520	0.36023685
521	0.36023998
522	0.36022574
523	0.36022207
524	0.36023048
525	0.36022142
526	0.36021569
527	0.36021894
528	0.36020944
529	0.36021212
530	0.36020917
531	0.36022136
532	0.36023524
533	0.36021417
534	0.36021611
535	0.36023813
536	0.36022818
537	0.36024266
538	0.36023420
539	0.36023536
540	0.36023819
541	0.36025256
542	0.36025470
543	0.36024138
544	0.36021832
545	0.36023521
546	0.36022896
547	0.36023033
548	0.36022130
549	0.36022043
550	0.36023018
551	0.36023837
552	0.36024961
553	0.36023912
554	0.36025712
555	0.36026266
556	0.36025539
557	0.36026815
558	0.36024803
559	0.36025465
560	0.36025301
561	0.36026445
562	0.36025560
563	0.36024147
564	0.36024889
565	0.36025167
566	0.36023724
567	0.36024511
568	0.36024460
569	0.36023894
570	0.36026102
571	0.36026326
572	0.36026013
573	0.36026314
574	0.36029005
575	0.36030474
576	0.36027244
577	0.36028695
578	0.36029965
579	0.36030141
580	0.36030361
581	0.36029673
582	0.36029264
583	0.36030486
584	0.36031011
585	0.36030748
586	0.36030689
587	0.36030266
588	0.36032501
589	0.36032528
590	0.36030197
591	0.36031836
592	0.36031866
593	0.36032236
594	0.36032623
595	0.36032104
596	0.36032534
597	0.36030769
598	0.36030415
599	0.36030829
600	0.36032936