	C:\Users\jkuzm\OneDrive - University of Massachusetts\HRSL x UMILL-PUMA Fatigue - Fatigue\Data\F01\FR3_static2.c3d _ImpedanceExport
	LCAL1
	TARGET
	ORIGINAL
ITEM	Z
1	0.07747493
2	0.07744518
3	0.07744876
4	0.07754979
5	0.07757459
6	0.07755119
7	0.07758304
8	0.07759075
9	0.07762836
10	0.07759607
11	0.07760897
12	0.07760247
13	0.07758638
14	0.07762691
15	0.07758985
16	0.07762399
17	0.07760368
18	0.07761335
19	0.07763320
20	0.07760722
21	0.07765186
22	0.07761005
23	0.07762351
24	0.07760733
25	0.07760137
26	0.07762660
27	0.07765453
28	0.07763651
29	0.07763243
30	0.07762424
31	0.07762929
32	0.07764273
33	0.07765387
34	0.07764656
35	0.07766372
36	0.07764772
37	0.07764965
38	0.07764112
39	0.07766400
40	0.07762860
41	0.07765671
42	0.07766169
43	0.07766909
44	0.07763800
45	0.07766015
46	0.07766250
47	0.07765597
48	0.07763718
49	0.07767192
50	0.07763890
51	0.07767252
52	0.07764076
53	0.07765971
54	0.07768770
55	0.07770076
56	0.07767943
57	0.07770029
58	0.07771315
59	0.07770802
60	0.07771696
61	0.07771347
62	0.07772850
63	0.07769734
64	0.07770670
65	0.07773118
66	0.07769959
67	0.07774731
68	0.07771618
69	0.07773486
70	0.07774102
71	0.07773516
72	0.07773270
73	0.07776764
74	0.07774840
75	0.07772729
76	0.07777159
77	0.07774048
78	0.07774525
79	0.07772271
80	0.07773746
81	0.07774935
82	0.07773484
83	0.07770322
84	0.07775773
85	0.07774790
86	0.07774685
87	0.07774033
88	0.07775968
89	0.07777893
90	0.07776271
91	0.07773796
92	0.07775179
93	0.07776158
94	0.07775245
95	0.07775621
96	0.07776848
97	0.07779417
98	0.07774475
99	0.07777852
100	0.07775458
101	0.07776600
102	0.07775734
103	0.07776761
104	0.07775535
105	0.07774842
106	0.07776918
107	0.07777993
108	0.07777943
109	0.07778262
110	0.07778312
111	0.07777693
112	0.07778684
113	0.07780515
114	0.07780396
115	0.07782894
116	0.07781493
117	0.07781791
118	0.07782475
119	0.07782830
120	0.07784413
121	0.07785086
122	0.07783820
123	0.07781778
124	0.07786127
125	0.07783362
126	0.07784040
127	0.07785443
128	0.07785363
129	0.07786294
130	0.07790199
131	0.07786090
132	0.07791442
133	0.07790127
134	0.07787677
135	0.07790928
136	0.07791014
137	0.07790900
138	0.07790447
139	0.07793521
140	0.07791504
141	0.07796998
142	0.07793242
143	0.07793146
144	0.07793988
145	0.07793546
146	0.07793359
147	0.07792890
148	0.07795991
149	0.07795519
150	0.07797026
151	0.07795094
152	0.07793690
153	0.07796247
154	0.07794579
155	0.07793494
156	0.07796459
157	0.07792829
158	0.07797156
159	0.07792817
160	0.07798585
161	0.07796034
162	0.07795852
163	0.07796767
164	0.07797100
165	0.07796498
166	0.07796163
167	0.07802518
168	0.07800889
169	0.07801618
170	0.07801798
171	0.07799300
172	0.07801024
173	0.07805286
174	0.07804715
175	0.07808205
176	0.07810301
177	0.07807636
178	0.07811289
179	0.07805292
180	0.07809288
181	0.07808638
182	0.07809871
183	0.07813679
184	0.07807405
185	0.07809586
186	0.07807872
187	0.07810206
188	0.07811765
189	0.07809025
190	0.07809826
191	0.07813666
192	0.07813730
193	0.07811489
194	0.07813129
195	0.07813412
196	0.07817128
197	0.07817291
198	0.07819359
199	0.07818747
200	0.07823583
201	0.07817210
202	0.07814922
203	0.07813753
204	0.07821278
205	0.07822513
206	0.07821237
207	0.07821541
208	0.07819676
209	0.07818701
210	0.07824254
211	0.07825702
212	0.07820452
213	0.07824224
214	0.07826585
215	0.07823984
216	0.07827240
217	0.07826865
218	0.07821330
219	0.07828794
220	0.07824786
221	0.07822984
222	0.07824993
223	0.07826790
224	0.07828815
225	0.07826016
226	0.07833565
227	0.07830332
228	0.07834548
229	0.07831068
230	0.07835189
231	0.07837033
232	0.07833994
233	0.07831380
234	0.07832659
235	0.07834660
236	0.07835592
237	0.07840472
238	0.07840626
239	0.07842994
240	0.07838597
241	0.07843423
242	0.07845339
243	0.07847602
244	0.07849147
245	0.07848268
246	0.07843634
247	0.07842981
248	0.07851813
249	0.07848262
250	0.07849057
251	0.07849493
252	0.07848740
253	0.07849498
254	0.07850116
255	0.07847362
256	0.07849692
257	0.07851261
258	0.07844476
259	0.07854506
260	0.07849842
261	0.07850176
262	0.07848855
263	0.07851390
264	0.07849866
265	0.07854746
266	0.07848267
267	0.07850197
268	0.07846867
269	0.07849082
270	0.07852736
271	0.07853467
272	0.07852664
273	0.07847659
274	0.07852933
275	0.07850655
276	0.07852845
277	0.07853626
278	0.07851221
279	0.07851502
280	0.07849532
281	0.07857050
282	0.07853960
283	0.07853289
284	0.07853311
285	0.07854687
286	0.07854167
287	0.07856347
288	0.07855568
289	0.07857298
290	0.07852241
291	0.07853351
292	0.07857870
293	0.07852087
294	0.07854708
295	0.07855830
296	0.07854930
297	0.07854886
298	0.07856555
299	0.07858200
300	0.07851782
301	0.07857195
302	0.07856280
303	0.07857173
304	0.07857151
305	0.07857847
306	0.07859869
307	0.07856338
308	0.07857633
309	0.07860206
310	0.07856397
311	0.07859012
312	0.07861508
313	0.07862943
314	0.07863496
315	0.07866471
316	0.07863864
317	0.07862869
318	0.07867063
319	0.07865155
320	0.07865291
321	0.07866137
322	0.07867581
323	0.07865089
324	0.07869963
325	0.07869780
326	0.07870615
327	0.07868258
328	0.07864671
329	0.07868505
330	0.07867183
331	0.07871699
332	0.07873451
333	0.07873520
334	0.07872099
335	0.07873997
336	0.07868382
337	0.07869356
338	0.07870680
339	0.07871505
340	0.07874252
341	0.07874016
342	0.07875056
343	0.07872052
344	0.07873875
345	0.07879877
346	0.07878609
347	0.07877532
348	0.07875752
349	0.07880645
350	0.07878315
351	0.07878909
352	0.07877245
353	0.07878482
354	0.07879136
355	0.07880437
356	0.07878023
357	0.07882697
358	0.07883336
359	0.07887740
360	0.07887781
361	0.07882725
362	0.07883828
363	0.07884088
364	0.07883918
365	0.07884257
366	0.07884198
367	0.07886484
368	0.07885511
369	0.07889795
370	0.07890175
371	0.07887295
372	0.07888242
373	0.07884814
374	0.07885403
375	0.07885110
376	0.07886866
377	0.07888720
378	0.07890687
379	0.07884897
380	0.07885760
381	0.07885983
382	0.07886929
383	0.07888137
384	0.07891791
385	0.07888276
386	0.07889324
387	0.07893366
388	0.07889669
389	0.07892946
390	0.07892387
391	0.07888397
392	0.07890070
393	0.07893649
394	0.07890661
395	0.07890711
396	0.07887727
397	0.07888919
398	0.07890950
399	0.07892362
400	0.07899446
401	0.07895641
402	0.07892198
403	0.07894641
404	0.07892384
405	0.07894428
406	0.07898930
407	0.07894007
408	0.07895089
409	0.07894531
410	0.07894196
411	0.07896291
412	0.07897802
413	0.07900248
414	0.07896159
415	0.07898460
416	0.07899366
417	0.07901029
418	0.07900847
419	0.07899364
420	0.07898697
421	0.07902523
422	0.07896668
423	0.07899166
424	0.07898407
425	0.07898396
426	0.07898088
427	0.07906073
428	0.07899041
429	0.07901899
430	0.07897388
431	0.07902502
432	0.07899438
433	0.07902744
434	0.07898285
435	0.07896044
436	0.07898948
437	0.07897601
438	0.07898355
439	0.07902884
440	0.07900514
441	0.07897220
442	0.07898237
443	0.07901623
444	0.07903297
445	0.07895927
446	0.07897481
447	0.07897563
448	0.07895661
449	0.07897673
450	0.07899599
451	0.07898530
452	0.07898031
453	0.07904086
454	0.07902054
455	0.07897295
456	0.07903699
457	0.07897980
458	0.07903193
459	0.07901940
460	0.07900427
461	0.07894249
462	0.07901298
463	0.07899007
464	0.07895255
465	0.07896709
466	0.07895015
467	0.07893892
468	0.07898083
469	0.07896357
470	0.07890265
471	0.07897042
472	0.07892029
473	0.07890989
474	0.07897356
475	0.07896594
476	0.07890620
477	0.07890967
478	0.07888266
479	0.07893033
480	0.07890135
481	0.07888795
482	0.07890545
483	0.07889117
484	0.07889947
485	0.07889397
486	0.07889742
487	0.07889485
488	0.07889152
489	0.07887995
490	0.07889307
491	0.07890000
492	0.07888011
493	0.07889764
494	0.07887620
495	0.07883571
496	0.07885399
497	0.07884919
498	0.07883006
499	0.07883202
500	0.07879955
501	0.07879197
502	0.07877222
503	0.07875001
504	0.07875568
505	0.07873140
506	0.07872718
507	0.07869516
508	0.07869370
509	0.07869655
510	0.07866315
511	0.07865852
512	0.07858437
513	0.07858076
514	0.07857700
515	0.07855964
516	0.07853737
517	0.07852356
518	0.07846304
519	0.07850051
520	0.07841010
521	0.07842345
522	0.07836909
523	0.07838456
524	0.07834614
525	0.07833733
526	0.07826634
527	0.07823543
528	0.07821281
529	0.07821126
530	0.07822344
531	0.07819906
532	0.07820731
533	0.07828039
534	0.07830095
535	0.07819071
536	0.07820938
537	0.07820765
538	0.07817908
539	0.07818130
540	0.07816053
541	0.07821246
542	0.07815940
543	0.07814148
544	0.07816390
545	0.07816611
546	0.07814988
547	0.07813182
548	0.07811140
549	0.07816410
550	0.07811997
551	0.07809367
552	0.07806578
553	0.07811294
554	0.07806526
555	0.07799040
556	0.07799287
557	0.07796530
558	0.07794085
559	0.07794415
560	0.07792982
561	0.07790675
562	0.07785913
563	0.07785545
564	0.07787926
565	0.07786826
566	0.07787491
567	0.07787412
568	0.07785046
569	0.07783832
570	0.07784038
571	0.07786208
572	0.07783341
573	0.07783526
574	0.07782620
575	0.07782143
576	0.07783446
577	0.07784633
578	0.07781008
579	0.07783575
580	0.07779343
581	0.07780332
582	0.07780793
583	0.07778901
584	0.07779471
585	0.07781491
586	0.07778136
587	0.07778319
588	0.07777753
589	0.07777735
590	0.07778566
591	0.07776342
592	0.07779358
593	0.07777647
594	0.07776007
595	0.07773507
596	0.07771762
597	0.07772221
598	0.07771336
599	0.07773193
600	0.07769697