	C:\Users\jkuzm\OneDrive - University of Massachusetts\HRSL x UMILL-PUMA Fatigue - Fatigue\Data\F01\FR3_static2.c3d _ImpedanceExport
	RCAL1
	TARGET
	ORIGINAL
ITEM	X
1	0.38516456
2	0.38516805
3	0.38515145
4	0.38517237
5	0.38518304
6	0.38516587
7	0.38516298
8	0.38515490
9	0.38516995
10	0.38515589
11	0.38515982
12	0.38517103
13	0.38518730
14	0.38517338
15	0.38520104
16	0.38519576
17	0.38518968
18	0.38521063
19	0.38521522
20	0.38520768
21	0.38520494
22	0.38520333
23	0.38520765
24	0.38520777
25	0.38520011
26	0.38521641
27	0.38521150
28	0.38521740
29	0.38522279
30	0.38520569
31	0.38521674
32	0.38522252
33	0.38520581
34	0.38520321
35	0.38519132
36	0.38522470
37	0.38520995
38	0.38522092
39	0.38520366
40	0.38521576
41	0.38519523
42	0.38521808
43	0.38521147
44	0.38522345
45	0.38522547
46	0.38523301
47	0.38522959
48	0.38523936
49	0.38525778
50	0.38525650
51	0.38525617
52	0.38526249
53	0.38523328
54	0.38525569
55	0.38525254
56	0.38525710
57	0.38523072
58	0.38521218
59	0.38522783
60	0.38520834
61	0.38521779
62	0.38521317
63	0.38522497
64	0.38523021
65	0.38524577
66	0.38521853
67	0.38525212
68	0.38521242
69	0.38522103
70	0.38522416
71	0.38521057
72	0.38523066
73	0.38523629
74	0.38520202
75	0.38522816
76	0.38523430
77	0.38525146
78	0.38524413
79	0.38525036
80	0.38526931
81	0.38523176
82	0.38525850
83	0.38523212
84	0.38523349
85	0.38523692
86	0.38526049
87	0.38527364
88	0.38524035
89	0.38526392
90	0.38526332
91	0.38524333
92	0.38525057
93	0.38525069
94	0.38522747
95	0.38525069
96	0.38525286
97	0.38523206
98	0.38523939
99	0.38524279
100	0.38522461
101	0.38524213
102	0.38525489
103	0.38524926
104	0.38527745
105	0.38524884
106	0.38525012
107	0.38525999
108	0.38524431
109	0.38526049
110	0.38525209
111	0.38526380
112	0.38524953
113	0.38526532
114	0.38526177
115	0.38525522
116	0.38525066
117	0.38525406
118	0.38527915
119	0.38526717
120	0.38528866
121	0.38528490
122	0.38528559
123	0.38528204
124	0.38525230
125	0.38526642
126	0.38528216
127	0.38527009
128	0.38526177
129	0.38527721
130	0.38528135
131	0.38529402
132	0.38528904
133	0.38530776
134	0.38529408
135	0.38527632
136	0.38529554
137	0.38531715
138	0.38530159
139	0.38531762
140	0.38532174
141	0.38531786
142	0.38532272
143	0.38530436
144	0.38529989
145	0.38530433
146	0.38531744
147	0.38529825
148	0.38529569
149	0.38529119
150	0.38529766
151	0.38529372
152	0.38527760
153	0.38524127
154	0.38523632
155	0.38522208
156	0.38523847
157	0.38521934
158	0.38524202
159	0.38523480
160	0.38524300
161	0.38524383
162	0.38524401
163	0.38524836
164	0.38525674
165	0.38524094
166	0.38527757
167	0.38525689
168	0.38524652
169	0.38523000
170	0.38524160
171	0.38525698
172	0.38524809
173	0.38525054
174	0.38523954
175	0.38523147
176	0.38523921
177	0.38524818
178	0.38524938
179	0.38524088
180	0.38524485
181	0.38526174
182	0.38525599
183	0.38527304
184	0.38527867
185	0.38527223
186	0.38525665
187	0.38528538
188	0.38526893
189	0.38527656
190	0.38527802
191	0.38526577
192	0.38528651
193	0.38529244
194	0.38529044
195	0.38527092
196	0.38528442
197	0.38526124
198	0.38526839
199	0.38527817
200	0.38527870
201	0.38524854
202	0.38528222
203	0.38527107
204	0.38529953
205	0.38530111
206	0.38529685
207	0.38529631
208	0.38528159
209	0.38528404
210	0.38529965
211	0.38527235
212	0.38529655
213	0.38529265
214	0.38528374
215	0.38529760
216	0.38530165
217	0.38528007
218	0.38526687
219	0.38526323
220	0.38527489
221	0.38528058
222	0.38528815
223	0.38527805
224	0.38527432
225	0.38527390
226	0.38527271
227	0.38527638
228	0.38527769
229	0.38530299
230	0.38528576
231	0.38528979
232	0.38527688
233	0.38526365
234	0.38528392
235	0.38527444
236	0.38528728
237	0.38528445
238	0.38528439
239	0.38526690
240	0.38525990
241	0.38526434
242	0.38526860
243	0.38525292
244	0.38527691
245	0.38529137
246	0.38524827
247	0.38527498
248	0.38525778
249	0.38527969
250	0.38526434
251	0.38526338
252	0.38526636
253	0.38525918
254	0.38526171
255	0.38524494
256	0.38524732
257	0.38523728
258	0.38521826
259	0.38523716
260	0.38524958
261	0.38524029
262	0.38521305
263	0.38523790
264	0.38523933
265	0.38523582
266	0.38523909
267	0.38524070
268	0.38524330
269	0.38524806
270	0.38523400
271	0.38528076
272	0.38524035
273	0.38526872
274	0.38524324
275	0.38526303
276	0.38526040
277	0.38527292
278	0.38524836
279	0.38525608
280	0.38524470
281	0.38525370
282	0.38524562
283	0.38526410
284	0.38526300
285	0.38524938
286	0.38525712
287	0.38526213
288	0.38525587
289	0.38526490
290	0.38526452
291	0.38527587
292	0.38526535
293	0.38527444
294	0.38529786
295	0.38527748
296	0.38528889
297	0.38528186
298	0.38528976
299	0.38529110
300	0.38527679
301	0.38526502
302	0.38530061
303	0.38531110
304	0.38529608
305	0.38527876
306	0.38531876
307	0.38527381
308	0.38528839
309	0.38529125
310	0.38528892
311	0.38530433
312	0.38530141
313	0.38528496
314	0.38530850
315	0.38530681
316	0.38530317
317	0.38531253
318	0.38532016
319	0.38532478
320	0.38532293
321	0.38533103
322	0.38533315
323	0.38534856
324	0.38532361
325	0.38534990
326	0.38534427
327	0.38533884
328	0.38535130
329	0.38534620
330	0.38534859
331	0.38535747
332	0.38535586
333	0.38534310
334	0.38535237
335	0.38532689
336	0.38533682
337	0.38534516
338	0.38532299
339	0.38534728
340	0.38534117
341	0.38533145
342	0.38533977
343	0.38532791
344	0.38533559
345	0.38535154
346	0.38534737
347	0.38534650
348	0.38533413
349	0.38534668
350	0.38533762
351	0.38533488
352	0.38533336
353	0.38535774
354	0.38535747
355	0.38535157
356	0.38537961
357	0.38536489
358	0.38537100
359	0.38535562
360	0.38536265
361	0.38534969
362	0.38535976
363	0.38534191
364	0.38533151
365	0.38532943
366	0.38532862
367	0.38533995
368	0.38533884
369	0.38533321
370	0.38531765
371	0.38532618
372	0.38529959
373	0.38532349
374	0.38531306
375	0.38529792
376	0.38530779
377	0.38531351
378	0.38530812
379	0.38530278
380	0.38530853
381	0.38528413
382	0.38528383
383	0.38528547
384	0.38528901
385	0.38528541
386	0.38529834
387	0.38530543
388	0.38531169
389	0.38531971
390	0.38532439
391	0.38533482
392	0.38532051
393	0.38530439
394	0.38532001
395	0.38532543
396	0.38532379
397	0.38531485
398	0.38533506
399	0.38532010
400	0.38534725
401	0.38535076
402	0.38536125
403	0.38535303
404	0.38532323
405	0.38531503
406	0.38532057
407	0.38532281
408	0.38533965
409	0.38533825
410	0.38531697
411	0.38531753
412	0.38533345
413	0.38530192
414	0.38531625
415	0.38532877
416	0.38534221
417	0.38533202
418	0.38533518
419	0.38534242
420	0.38532853
421	0.38533351
422	0.38534018
423	0.38534808
424	0.38534448
425	0.38534081
426	0.38531962
427	0.38535044
428	0.38532478
429	0.38536587
430	0.38534313
431	0.38534999
432	0.38535407
433	0.38534096
434	0.38533801
435	0.38535100
436	0.38534158
437	0.38533804
438	0.38533676
439	0.38529983
440	0.38532373
441	0.38531321
442	0.38529450
443	0.38529199
444	0.38531372
445	0.38530967
446	0.38529927
447	0.38531125
448	0.38531888
449	0.38528904
450	0.38532382
451	0.38532338
452	0.38536191
453	0.38536051
454	0.38533631
455	0.38535112
456	0.38533664
457	0.38533300
458	0.38533092
459	0.38534784
460	0.38536054
461	0.38534299
462	0.38533697
463	0.38532090
464	0.38534656
465	0.38534451
466	0.38532239
467	0.38532403
468	0.38531116
469	0.38531047
470	0.38529751
471	0.38529617
472	0.38530868
473	0.38531187
474	0.38534334
475	0.38533941
476	0.38532060
477	0.38535029
478	0.38532835
479	0.38534647
480	0.38531363
481	0.38536298
482	0.38533384
483	0.38533306
484	0.38532096
485	0.38532418
486	0.38532162
487	0.38533473
488	0.38531747
489	0.38531733
490	0.38533905
491	0.38532549
492	0.38533199
493	0.38535792
494	0.38532835
495	0.38531190
496	0.38532802
497	0.38532451
498	0.38532147
499	0.38531423
500	0.38530523
501	0.38533306
502	0.38531917
503	0.38532686
504	0.38533100
505	0.38532963
506	0.38532656
507	0.38532171
508	0.38533834
509	0.38534531
510	0.38532615
511	0.38530877
512	0.38530493
513	0.38528195
514	0.38528416
515	0.38529825
516	0.38527027
517	0.38527530
518	0.38524795
519	0.38524461
520	0.38524887
521	0.38523319
522	0.38524702
523	0.38522732
524	0.38521698
525	0.38520974
526	0.38520360
527	0.38520113
528	0.38521421
529	0.38520887
530	0.38523555
531	0.38522363
532	0.38522604
533	0.38524976
534	0.38526976
535	0.38525945
536	0.38528752
537	0.38526258
538	0.38528037
539	0.38528723
540	0.38530236
541	0.38530609
542	0.38530815
543	0.38530958
544	0.38528654
545	0.38531309
546	0.38530815
547	0.38531849
548	0.38530684
549	0.38529599
550	0.38531268
551	0.38529745
552	0.38535377
553	0.38535333
554	0.38534585
555	0.38534647
556	0.38536128
557	0.38533607
558	0.38533506
559	0.38535947
560	0.38534179
561	0.38536429
562	0.38536045
563	0.38535175
564	0.38534653
565	0.38534844
566	0.38535917
567	0.38535121
568	0.38536105
569	0.38536656
570	0.38536534
571	0.38536957
572	0.38539657
573	0.38541645
574	0.38543168
575	0.38545161
576	0.38544229
577	0.38546935
578	0.38546520
579	0.38547957
580	0.38548768
581	0.38547373
582	0.38546714
583	0.38550577
584	0.38549697
585	0.38551611
586	0.38551149
587	0.38551804
588	0.38551313
589	0.38553020
590	0.38553846
591	0.38552850
592	0.38553619
593	0.38552755
594	0.38553396
595	0.38553491
596	0.38553154
597	0.38554519
598	0.38552552
599	0.38552389
600	0.38553476