	C:\Users\jkuzm\OneDrive - University of Massachusetts\HRSL x UMILL-PUMA Fatigue - Fatigue\Data\F01\FR3_static2.c3d _ImpedanceExport
	LMT1H
	TARGET
	ORIGINAL
ITEM	X
1	0.16553691
2	0.16552442
3	0.16554263
4	0.16552185
5	0.16539061
6	0.16537246
7	0.16534612
8	0.16533767
9	0.16532984
10	0.16534489
11	0.16532424
12	0.16530691
13	0.16529383
14	0.16529821
15	0.16528113
16	0.16528088
17	0.16527502
18	0.16528600
19	0.16529344
20	0.16529064
21	0.16528231
22	0.16528663
23	0.16530634
24	0.16528727
25	0.16530329
26	0.16526940
27	0.16527693
28	0.16531529
29	0.16528477
30	0.16526891
31	0.16531208
32	0.16532667
33	0.16528416
34	0.16526878
35	0.16531654
36	0.16527195
37	0.16529725
38	0.16526605
39	0.16526471
40	0.16525902
41	0.16525938
42	0.16529816
43	0.16526234
44	0.16525929
45	0.16526477
46	0.16526230
47	0.16526534
48	0.16524486
49	0.16527045
50	0.16527140
51	0.16526593
52	0.16526106
53	0.16527359
54	0.16527583
55	0.16529424
56	0.16526350
57	0.16524348
58	0.16524340
59	0.16528204
60	0.16526638
61	0.16523482
62	0.16527045
63	0.16523381
64	0.16527072
65	0.16526018
66	0.16524847
67	0.16522913
68	0.16523777
69	0.16524656
70	0.16525041
71	0.16526686
72	0.16524607
73	0.16526362
74	0.16523707
75	0.16525677
76	0.16526559
77	0.16523990
78	0.16525622
79	0.16524702
80	0.16524214
81	0.16525725
82	0.16527997
83	0.16526087
84	0.16528651
85	0.16526599
86	0.16529192
87	0.16528068
88	0.16526672
89	0.16525131
90	0.16525806
91	0.16524254
92	0.16524428
93	0.16525431
94	0.16523871
95	0.16527487
96	0.16525620
97	0.16528068
98	0.16526611
99	0.16524924
100	0.16526006
101	0.16525748
102	0.16525155
103	0.16525955
104	0.16527851
105	0.16526739
106	0.16526674
107	0.16526248
108	0.16524653
109	0.16526695
110	0.16525120
111	0.16525868
112	0.16521965
113	0.16523904
114	0.16522452
115	0.16523612
116	0.16524346
117	0.16522247
118	0.16524127
119	0.16526395
120	0.16523607
121	0.16522305
122	0.16524974
123	0.16525348
124	0.16528524
125	0.16527404
126	0.16523920
127	0.16524696
128	0.16525826
129	0.16525798
130	0.16525939
131	0.16523997
132	0.16523902
133	0.16524245
134	0.16522770
135	0.16523044
136	0.16523309
137	0.16524717
138	0.16522099
139	0.16525368
140	0.16524285
141	0.16525543
142	0.16526249
143	0.16522564
144	0.16521144
145	0.16524598
146	0.16521645
147	0.16523281
148	0.16522986
149	0.16524643
150	0.16524549
151	0.16522497
152	0.16524728
153	0.16525666
154	0.16524097
155	0.16523044
156	0.16523460
157	0.16523327
158	0.16523102
159	0.16521759
160	0.16521934
161	0.16526365
162	0.16523899
163	0.16523327
164	0.16521931
165	0.16524342
166	0.16523410
167	0.16523732
168	0.16523018
169	0.16524111
170	0.16523644
171	0.16524519
172	0.16523485
173	0.16525973
174	0.16524245
175	0.16524236
176	0.16527590
177	0.16524075
178	0.16525277
179	0.16525258
180	0.16526386
181	0.16526216
182	0.16527836
183	0.16527791
184	0.16525240
185	0.16524905
186	0.16526291
187	0.16527283
188	0.16528362
189	0.16524957
190	0.16526082
191	0.16525446
192	0.16526373
193	0.16525970
194	0.16523983
195	0.16527098
196	0.16525947
197	0.16527009
198	0.16526018
199	0.16524968
200	0.16524586
201	0.16524793
202	0.16522917
203	0.16521519
204	0.16521487
205	0.16522953
206	0.16523500
207	0.16522782
208	0.16523765
209	0.16520336
210	0.16522273
211	0.16523248
212	0.16521554
213	0.16522112
214	0.16522802
215	0.16522481
216	0.16521408
217	0.16521111
218	0.16521522
219	0.16522974
220	0.16522467
221	0.16523743
222	0.16521668
223	0.16521534
224	0.16521190
225	0.16522454
226	0.16522825
227	0.16523725
228	0.16521829
229	0.16522127
230	0.16523400
231	0.16523655
232	0.16522463
233	0.16522972
234	0.16523428
235	0.16523322
236	0.16522729
237	0.16521701
238	0.16522455
239	0.16524209
240	0.16524777
241	0.16521537
242	0.16522676
243	0.16522163
244	0.16521408
245	0.16523901
246	0.16521645
247	0.16521272
248	0.16522734
249	0.16522676
250	0.16521609
251	0.16521634
252	0.16523300
253	0.16523983
254	0.16523203
255	0.16526124
256	0.16522503
257	0.16523799
258	0.16523845
259	0.16522732
260	0.16520539
261	0.16523752
262	0.16522813
263	0.16523500
264	0.16523960
265	0.16522357
266	0.16523694
267	0.16523109
268	0.16524310
269	0.16524160
270	0.16522621
271	0.16523643
272	0.16521731
273	0.16522047
274	0.16522957
275	0.16522425
276	0.16522650
277	0.16523673
278	0.16521990
279	0.16521014
280	0.16523281
281	0.16522440
282	0.16524461
283	0.16522069
284	0.16522311
285	0.16522588
286	0.16520132
287	0.16523211
288	0.16524236
289	0.16522634
290	0.16523263
291	0.16525137
292	0.16524266
293	0.16524301
294	0.16522938
295	0.16524984
296	0.16521670
297	0.16524711
298	0.16526590
299	0.16522723
300	0.16523589
301	0.16523468
302	0.16524416
303	0.16521181
304	0.16523886
305	0.16524233
306	0.16524111
307	0.16524602
308	0.16524810
309	0.16524471
310	0.16526447
311	0.16525616
312	0.16525003
313	0.16526707
314	0.16524605
315	0.16523503
316	0.16525646
317	0.16523747
318	0.16524842
319	0.16525173
320	0.16523087
321	0.16524071
322	0.16525719
323	0.16524349
324	0.16526759
325	0.16527228
326	0.16525874
327	0.16525637
328	0.16525312
329	0.16526006
330	0.16525932
331	0.16525608
332	0.16526327
333	0.16524962
334	0.16524555
335	0.16527882
336	0.16527526
337	0.16523662
338	0.16526613
339	0.16526267
340	0.16524836
341	0.16524968
342	0.16526742
343	0.16525792
344	0.16525641
345	0.16525999
346	0.16526495
347	0.16525348
348	0.16525039
349	0.16526206
350	0.16526607
351	0.16525905
352	0.16524464
353	0.16524218
354	0.16527976
355	0.16525382
356	0.16526107
357	0.16525698
358	0.16526368
359	0.16524875
360	0.16525577
361	0.16526122
362	0.16526212
363	0.16526301
364	0.16525471
365	0.16526105
366	0.16525072
367	0.16526422
368	0.16526419
369	0.16526760
370	0.16526045
371	0.16526906
372	0.16528672
373	0.16528042
374	0.16530855
375	0.16529225
376	0.16528247
377	0.16528665
378	0.16530025
379	0.16529736
380	0.16529419
381	0.16528484
382	0.16528969
383	0.16531692
384	0.16528392
385	0.16528949
386	0.16527736
387	0.16526662
388	0.16525941
389	0.16526890
390	0.16527157
391	0.16527091
392	0.16525838
393	0.16526392
394	0.16528767
395	0.16524829
396	0.16526903
397	0.16527998
398	0.16528834
399	0.16526714
400	0.16525488
401	0.16525309
402	0.16524673
403	0.16523227
404	0.16523856
405	0.16527115
406	0.16525066
407	0.16526644
408	0.16526125
409	0.16524655
410	0.16526504
411	0.16525030
412	0.16525635
413	0.16523656
414	0.16524528
415	0.16526724
416	0.16524908
417	0.16524209
418	0.16526257
419	0.16524424
420	0.16523664
421	0.16525017
422	0.16524228
423	0.16523467
424	0.16523150
425	0.16522262
426	0.16524984
427	0.16523425
428	0.16523291
429	0.16523185
430	0.16521901
431	0.16525231
432	0.16523489
433	0.16523510
434	0.16523489
435	0.16525152
436	0.16525720
437	0.16525330
438	0.16524972
439	0.16524243
440	0.16525711
441	0.16525130
442	0.16526881
443	0.16525018
444	0.16522576
445	0.16523013
446	0.16524240
447	0.16525483
448	0.16522883
449	0.16524225
450	0.16526045
451	0.16524741
452	0.16527632
453	0.16524820
454	0.16525356
455	0.16526660
456	0.16526531
457	0.16523845
458	0.16525571
459	0.16527687
460	0.16525792
461	0.16526729
462	0.16526590
463	0.16526318
464	0.16525060
465	0.16525672
466	0.16526356
467	0.16527015
468	0.16524719
469	0.16524819
470	0.16526087
471	0.16527380
472	0.16527036
473	0.16526684
474	0.16526465
475	0.16528785
476	0.16526397
477	0.16525891
478	0.16527668
479	0.16526747
480	0.16525827
481	0.16528291
482	0.16526772
483	0.16527861
484	0.16528544
485	0.16529699
486	0.16529670
487	0.16529071
488	0.16528240
489	0.16528861
490	0.16526201
491	0.16527943
492	0.16529454
493	0.16528222
494	0.16528971
495	0.16527374
496	0.16528922
497	0.16527502
498	0.16527055
499	0.16528963
500	0.16527767
501	0.16527933
502	0.16530946
503	0.16530536
504	0.16527386
505	0.16528669
506	0.16529378
507	0.16529086
508	0.16528237
509	0.16529152
510	0.16530398
511	0.16528384
512	0.16529436
513	0.16528541
514	0.16529007
515	0.16530219
516	0.16531526
517	0.16531481
518	0.16533783
519	0.16530518
520	0.16530599
521	0.16530401
522	0.16530679
523	0.16530567
524	0.16531067
525	0.16533624
526	0.16531068
527	0.16531271
528	0.16531363
529	0.16530260
530	0.16530479
531	0.16530997
532	0.16532141
533	0.16531847
534	0.16531415
535	0.16531040
536	0.16530831
537	0.16530567
538	0.16531305
539	0.16529836
540	0.16532202
541	0.16532129
542	0.16535264
543	0.16530733
544	0.16534552
545	0.16534674
546	0.16530713
547	0.16530190
548	0.16532844
549	0.16532873
550	0.16529757
551	0.16532150
552	0.16530235
553	0.16529615
554	0.16532594
555	0.16530949
556	0.16527648
557	0.16531342
558	0.16529448
559	0.16529465
560	0.16529529
561	0.16532108
562	0.16528825
563	0.16529533
564	0.16528925
565	0.16529183
566	0.16529159
567	0.16529624
568	0.16531198
569	0.16532287
570	0.16531138
571	0.16531022
572	0.16533643
573	0.16530122
574	0.16531412
575	0.16529571
576	0.16529979
577	0.16532473
578	0.16529296
579	0.16529559
580	0.16530190
581	0.16529132
582	0.16532145
583	0.16528223
584	0.16531542
585	0.16528590
586	0.16528946
587	0.16528508
588	0.16529280
589	0.16530375
590	0.16528733
591	0.16531597
592	0.16532312
593	0.16530277
594	0.16530058
595	0.16527778
596	0.16528723
597	0.16529587
598	0.16528277
599	0.16530453
600	0.16531870