	C:\Users\jkuzm\OneDrive - University of Massachusetts\HRSL x UMILL-PUMA Fatigue - Fatigue\Data\F01\FR3_static2.c3d _ImpedanceExport
	LCAL3
	TARGET
	ORIGINAL
ITEM	Z
1	0.02387950
2	0.02386722
3	0.02386161
4	0.02383900
5	0.02387597
6	0.02389471
7	0.02389203
8	0.02390204
9	0.02391993
10	0.02390338
11	0.02390653
12	0.02390902
13	0.02390648
14	0.02391861
15	0.02393227
16	0.02390451
17	0.02393061
18	0.02393392
19	0.02392439
20	0.02394163
21	0.02394730
22	0.02393265
23	0.02393386
24	0.02396134
25	0.02394610
26	0.02394775
27	0.02394973
28	0.02393356
29	0.02397108
30	0.02396920
31	0.02396140
32	0.02396153
33	0.02397935
34	0.02396867
35	0.02398019
36	0.02396224
37	0.02396431
38	0.02394724
39	0.02395738
40	0.02396462
41	0.02396520
42	0.02396256
43	0.02393665
44	0.02396152
45	0.02394460
46	0.02396738
47	0.02397554
48	0.02395296
49	0.02395247
50	0.02400613
51	0.02400242
52	0.02400076
53	0.02400339
54	0.02399839
55	0.02402395
56	0.02403079
57	0.02402546
58	0.02404577
59	0.02404866
60	0.02402627
61	0.02403534
62	0.02405291
63	0.02404214
64	0.02405573
65	0.02404714
66	0.02405175
67	0.02403342
68	0.02405904
69	0.02405601
70	0.02406690
71	0.02405136
72	0.02407185
73	0.02405045
74	0.02408356
75	0.02409199
76	0.02410214
77	0.02407446
78	0.02409905
79	0.02405803
80	0.02408482
81	0.02407743
82	0.02408636
83	0.02409293
84	0.02410188
85	0.02409512
86	0.02409787
87	0.02406881
88	0.02409276
89	0.02408789
90	0.02408418
91	0.02406736
92	0.02408455
93	0.02406704
94	0.02408115
95	0.02408955
96	0.02405790
97	0.02408429
98	0.02408470
99	0.02409204
100	0.02409194
101	0.02409546
102	0.02408491
103	0.02408800
104	0.02408407
105	0.02410559
106	0.02411654
107	0.02410716
108	0.02412715
109	0.02411692
110	0.02413476
111	0.02414394
112	0.02413609
113	0.02415664
114	0.02415197
115	0.02414117
116	0.02416695
117	0.02414854
118	0.02417164
119	0.02416225
120	0.02419246
121	0.02419393
122	0.02419958
123	0.02420052
124	0.02422258
125	0.02421856
126	0.02423215
127	0.02422740
128	0.02423606
129	0.02425607
130	0.02425940
131	0.02427062
132	0.02428119
133	0.02427410
134	0.02427170
135	0.02426741
136	0.02425926
137	0.02426270
138	0.02427093
139	0.02429626
140	0.02429401
141	0.02427658
142	0.02429430
143	0.02428062
144	0.02429810
145	0.02428476
146	0.02429257
147	0.02429151
148	0.02429470
149	0.02430544
150	0.02430128
151	0.02429746
152	0.02429575
153	0.02430336
154	0.02429811
155	0.02429754
156	0.02429562
157	0.02431451
158	0.02428931
159	0.02429754
160	0.02428226
161	0.02431445
162	0.02430471
163	0.02431645
164	0.02433496
165	0.02432736
166	0.02431062
167	0.02434660
168	0.02434641
169	0.02434855
170	0.02436996
171	0.02437972
172	0.02436909
173	0.02436060
174	0.02440130
175	0.02439707
176	0.02436666
177	0.02439039
178	0.02441424
179	0.02440967
180	0.02440438
181	0.02440821
182	0.02443157
183	0.02443159
184	0.02445340
185	0.02443551
186	0.02445780
187	0.02443432
188	0.02445227
189	0.02445230
190	0.02445884
191	0.02446686
192	0.02446816
193	0.02446053
194	0.02447250
195	0.02447654
196	0.02449783
197	0.02446923
198	0.02449493
199	0.02449965
200	0.02450129
201	0.02449068
202	0.02449224
203	0.02448498
204	0.02449983
205	0.02448428
206	0.02449760
207	0.02448782
208	0.02452952
209	0.02450172
210	0.02453667
211	0.02452756
212	0.02453434
213	0.02454448
214	0.02453220
215	0.02453367
216	0.02454365
217	0.02453246
218	0.02455269
219	0.02454433
220	0.02454791
221	0.02455053
222	0.02454205
223	0.02454389
224	0.02454135
225	0.02479764
226	0.02454094
227	0.02452861
228	0.02455143
229	0.02454761
230	0.02456847
231	0.02454553
232	0.02454667
233	0.02456078
234	0.02457349
235	0.02458384
236	0.02457063
237	0.02457993
238	0.02483340
239	0.02458563
240	0.02461245
241	0.02460878
242	0.02461719
243	0.02461832
244	0.02461158
245	0.02461896
246	0.02460914
247	0.02462715
248	0.02461173
249	0.02460052
250	0.02462750
251	0.02465377
252	0.02461966
253	0.02463556
254	0.02463204
255	0.02465361
256	0.02464636
257	0.02463024
258	0.02461100
259	0.02462774
260	0.02462739
261	0.02461929
262	0.02462455
263	0.02462569
264	0.02465221
265	0.02464032
266	0.02463988
267	0.02465296
268	0.02462384
269	0.02462332
270	0.02464955
271	0.02467028
272	0.02467183
273	0.02464210
274	0.02464321
275	0.02462559
276	0.02466253
277	0.02467176
278	0.02464858
279	0.02465920
280	0.02467219
281	0.02464853
282	0.02464609
283	0.02464284
284	0.02463208
285	0.02465533
286	0.02465098
287	0.02462921
288	0.02462706
289	0.02463261
290	0.02463236
291	0.02463519
292	0.02463359
293	0.02462189
294	0.02462362
295	0.02465277
296	0.02461800
297	0.02462867
298	0.02460840
299	0.02460804
300	0.02461445
301	0.02464115
302	0.02461968
303	0.02460564
304	0.02460486
305	0.02460917
306	0.02462384
307	0.02461590
308	0.02462676
309	0.02463716
310	0.02464294
311	0.02463816
312	0.02465113
313	0.02465179
314	0.02466856
315	0.02465168
316	0.02466755
317	0.02468255
318	0.02468613
319	0.02469111
320	0.02469943
321	0.02469022
322	0.02469933
323	0.02468198
324	0.02470165
325	0.02469299
326	0.02471049
327	0.02472564
328	0.02472985
329	0.02473377
330	0.02473542
331	0.02476315
332	0.02474607
333	0.02472944
334	0.02473408
335	0.02474490
336	0.02472980
337	0.02475148
338	0.02474533
339	0.02475753
340	0.02475009
341	0.02474530
342	0.02474757
343	0.02477148
344	0.02473868
345	0.02475921
346	0.02478709
347	0.02476577
348	0.02479287
349	0.02481038
350	0.02480526
351	0.02479572
352	0.02479623
353	0.02483164
354	0.02480403
355	0.02482448
356	0.02482857
357	0.02483211
358	0.02483688
359	0.02484134
360	0.02485719
361	0.02484050
362	0.02483528
363	0.02486314
364	0.02483336
365	0.02485820
366	0.02484079
367	0.02484589
368	0.02483672
369	0.02486658
370	0.02485338
371	0.02486400
372	0.02485548
373	0.02485757
374	0.02485497
375	0.02484435
376	0.02485038
377	0.02486786
378	0.02485983
379	0.02486549
380	0.02488128
381	0.02487654
382	0.02487249
383	0.02485902
384	0.02488774
385	0.02486418
386	0.02488358
387	0.02488765
388	0.02489078
389	0.02491491
390	0.02491089
391	0.02491461
392	0.02489345
393	0.02492145
394	0.02493127
395	0.02494151
396	0.02491857
397	0.02494204
398	0.02493501
399	0.02494403
400	0.02492726
401	0.02492958
402	0.02491979
403	0.02493665
404	0.02495742
405	0.02494858
406	0.02496503
407	0.02495896
408	0.02495618
409	0.02495954
410	0.02498389
411	0.02497185
412	0.02496566
413	0.02497780
414	0.02499026
415	0.02498958
416	0.02499315
417	0.02500870
418	0.02499405
419	0.02498741
420	0.02499040
421	0.02497374
422	0.02499566
423	0.02501347
424	0.02499422
425	0.02500432
426	0.02499506
427	0.02499389
428	0.02500253
429	0.02498526
430	0.02497240
431	0.02499189
432	0.02497635
433	0.02499539
434	0.02498503
435	0.02498045
436	0.02497721
437	0.02499448
438	0.02498835
439	0.02500690
440	0.02500727
441	0.02498527
442	0.02499683
443	0.02499455
444	0.02498272
445	0.02498812
446	0.02497071
447	0.02499339
448	0.02500059
449	0.02498621
450	0.02498278
451	0.02502505
452	0.02500776
453	0.02499715
454	0.02497726
455	0.02501403
456	0.02500211
457	0.02499017
458	0.02499701
459	0.02500056
460	0.02498854
461	0.02499158
462	0.02499299
463	0.02499392
464	0.02499601
465	0.02499005
466	0.02496465
467	0.02498878
468	0.02496201
469	0.02494227
470	0.02495463
471	0.02494652
472	0.02492518
473	0.02493306
474	0.02490682
475	0.02491617
476	0.02490398
477	0.02492759
478	0.02489964
479	0.02491360
480	0.02491597
481	0.02492017
482	0.02490034
483	0.02491055
484	0.02492332
485	0.02491853
486	0.02490947
487	0.02491698
488	0.02490797
489	0.02489752
490	0.02490616
491	0.02489079
492	0.02488826
493	0.02489876
494	0.02489797
495	0.02487340
496	0.02488826
497	0.02485839
498	0.02484259
499	0.02484520
500	0.02482921
501	0.02481835
502	0.02481453
503	0.02477731
504	0.02475939
505	0.02477047
506	0.02474474
507	0.02471963
508	0.02471361
509	0.02469645
510	0.02467833
511	0.02467884
512	0.02466372
513	0.02464300
514	0.02461394
515	0.02459983
516	0.02458395
517	0.02458702
518	0.02456846
519	0.02453869
520	0.02453832
521	0.02449644
522	0.02448375
523	0.02450252
524	0.02448243
525	0.02447269
526	0.02443358
527	0.02443243
528	0.02442071
529	0.02441529
530	0.02440213
531	0.02440837
532	0.02439002
533	0.02439179
534	0.02437381
535	0.02437102
536	0.02439832
537	0.02437847
538	0.02436616
539	0.02438501
540	0.02438318
541	0.02438495
542	0.02437408
543	0.02437272
544	0.02436222
545	0.02435862
546	0.02436792
547	0.02434921
548	0.02435351
549	0.02434853
550	0.02434103
551	0.02433386
552	0.02431539
553	0.02431906
554	0.02428385
555	0.02424685
556	0.02424216
557	0.02424371
558	0.02420758
559	0.02420670
560	0.02418957
561	0.02417703
562	0.02416482
563	0.02416043
564	0.02415196
565	0.02412264
566	0.02413410
567	0.02412699
568	0.02413612
569	0.02412713
570	0.02413714
571	0.02412478
572	0.02414181
573	0.02413603
574	0.02414252
575	0.02413722
576	0.02412069
577	0.02413924
578	0.02415113
579	0.02413578
580	0.02413788
581	0.02414081
582	0.02414551
583	0.02415357
584	0.02416347
585	0.02414081
586	0.02413149
587	0.02412307
588	0.02413739
589	0.02414207
590	0.02409765
591	0.02409847
592	0.02409985
593	0.02407615
594	0.02407665
595	0.02405741
596	0.02408277
597	0.02405532
598	0.02406089
599	0.02404830
600	0.02404209