	C:\Users\jkuzm\OneDrive - University of Massachusetts\HRSL x UMILL-PUMA Fatigue - Fatigue\Data\F01\FR3_static2.c3d _ImpedanceExport
	RTOE
	TARGET
	ORIGINAL
ITEM	Z
1	0.05017015
2	0.05018767
3	0.05019083
4	0.05019425
5	0.05022118
6	0.05025070
7	0.05023988
8	0.05025013
9	0.05024729
10	0.05025993
11	0.05028992
12	0.05024191
13	0.05027874
14	0.05027685
15	0.05026941
16	0.05025723
17	0.05027291
18	0.05026579
19	0.05026885
20	0.05027285
21	0.05026902
22	0.05026546
23	0.05025930
24	0.05025760
25	0.05025018
26	0.05024398
27	0.05023127
28	0.05024082
29	0.05022370
30	0.05023669
31	0.05022025
32	0.05023308
33	0.05021689
34	0.05021593
35	0.05021782
36	0.05021055
37	0.05020449
38	0.05019580
39	0.05020630
40	0.05021422
41	0.05021732
42	0.05022295
43	0.05021906
44	0.05020414
45	0.05020586
46	0.05018612
47	0.05020762
48	0.05020145
49	0.05018404
50	0.05016501
51	0.05015134
52	0.05017361
53	0.05016762
54	0.05013644
55	0.05017720
56	0.05016730
57	0.05015474
58	0.05015982
59	0.05014525
60	0.05012898
61	0.05015003
62	0.05013981
63	0.05015928
64	0.05014976
65	0.05015200
66	0.05013188
67	0.05013692
68	0.05011084
69	0.05011110
70	0.05011277
71	0.05010184
72	0.05011907
73	0.05009757
74	0.05009938
75	0.05011006
76	0.05009770
77	0.05009048
78	0.05010691
79	0.05008841
80	0.05008052
81	0.05007142
82	0.05007662
83	0.05007460
84	0.05007839
85	0.05007497
86	0.05007899
87	0.05009110
88	0.05009043
89	0.05009286
90	0.05008755
91	0.05008526
92	0.05007870
93	0.05007213
94	0.05007915
95	0.05008251
96	0.05007457
97	0.05008275
98	0.05009475
99	0.05008348
100	0.05010450
101	0.05008610
102	0.05007298
103	0.05007752
104	0.05007452
105	0.05008032
106	0.05006126
107	0.05008801
108	0.05008252
109	0.05007084
110	0.05006388
111	0.05008944
112	0.05006881
113	0.05008365
114	0.05007319
115	0.05006873
116	0.05004513
117	0.05005610
118	0.05005785
119	0.05005328
120	0.05005109
121	0.05004877
122	0.05001408
123	0.05001339
124	0.04999366
125	0.04999080
126	0.04996275
127	0.04996150
128	0.04996033
129	0.04995973
130	0.04994591
131	0.04993206
132	0.04995010
133	0.04992680
134	0.04992199
135	0.04992767
136	0.04992292
137	0.04989893
138	0.04991126
139	0.04991554
140	0.04988781
141	0.04990675
142	0.04991217
143	0.04989934
144	0.04988029
145	0.04987552
146	0.04984910
147	0.04985562
148	0.04985712
149	0.04984303
150	0.04984386
151	0.04983475
152	0.04981928
153	0.04981012
154	0.04980475
155	0.04980878
156	0.04975464
157	0.04975135
158	0.04972727
159	0.04971865
160	0.04972425
161	0.04967520
162	0.04969327
163	0.04966771
164	0.04968602
165	0.04968483
166	0.04967563
167	0.04964810
168	0.04964451
169	0.04962909
170	0.04960052
171	0.04959786
172	0.04959586
173	0.04958012
174	0.04960488
175	0.04959913
176	0.04957922
177	0.04958610
178	0.04958240
179	0.04956414
180	0.04957933
181	0.04959258
182	0.04959177
183	0.04954384
184	0.04955049
185	0.04956673
186	0.04957867
187	0.04955864
188	0.04957839
189	0.04956368
190	0.04955108
191	0.04953593
192	0.04954805
193	0.04952896
194	0.04953570
195	0.04950686
196	0.04950723
197	0.04953052
198	0.04951728
199	0.04949125
200	0.04949133
201	0.04945836
202	0.04945587
203	0.04943671
204	0.04943743
205	0.04942612
206	0.04941945
207	0.04942351
208	0.04944279
209	0.04939287
210	0.04939260
211	0.04939293
212	0.04936197
213	0.04937535
214	0.04937695
215	0.04935066
216	0.04937067
217	0.04935084
218	0.04934432
219	0.04933561
220	0.04935687
221	0.04933577
222	0.04930801
223	0.04931801
224	0.04930244
225	0.04930545
226	0.04926380
227	0.04926063
228	0.04925851
229	0.04923365
230	0.04923982
231	0.04924056
232	0.04921025
233	0.04921494
234	0.04919576
235	0.04920345
236	0.04919285
237	0.04919259
238	0.04919348
239	0.04919910
240	0.04918373
241	0.04924061
242	0.04917660
243	0.04916406
244	0.04915619
245	0.04918163
246	0.04915118
247	0.04914907
248	0.04915418
249	0.04913933
250	0.04915496
251	0.04913660
252	0.04914299
253	0.04915803
254	0.04912730
255	0.04913755
256	0.04912127
257	0.04911296
258	0.04909354
259	0.04910444
260	0.04909700
261	0.04910316
262	0.04909628
263	0.04908323
264	0.04911100
265	0.04908703
266	0.04909028
267	0.04909369
268	0.04908318
269	0.04908522
270	0.04908146
271	0.04904013
272	0.04905288
273	0.04905734
274	0.04906119
275	0.04904866
276	0.04903315
277	0.04903200
278	0.04903918
279	0.04903114
280	0.04903935
281	0.04901745
282	0.04900830
283	0.04897583
284	0.04897771
285	0.04899774
286	0.04898325
287	0.04895626
288	0.04891858
289	0.04893615
290	0.04890955
291	0.04888552
292	0.04889561
293	0.04888340
294	0.04887197
295	0.04887052
296	0.04886590
297	0.04886448
298	0.04885752
299	0.04883136
300	0.04883865
301	0.04884215
302	0.04881392
303	0.04880451
304	0.04880350
305	0.04879562
306	0.04879278
307	0.04878509
308	0.04877373
309	0.04878135
310	0.04875552
311	0.04875348
312	0.04874722
313	0.04873095
314	0.04872690
315	0.04871153
316	0.04871214
317	0.04871917
318	0.04871969
319	0.04869016
320	0.04869287
321	0.04868568
322	0.04866552
323	0.04866243
324	0.04865040
325	0.04866973
326	0.04862762
327	0.04861284
328	0.04864908
329	0.04863956
330	0.04863837
331	0.04862693
332	0.04863692
333	0.04862578
334	0.04861863
335	0.04860139
336	0.04858276
337	0.04854818
338	0.04857295
339	0.04856258
340	0.04857507
341	0.04854594
342	0.04854577
343	0.04849776
344	0.04849401
345	0.04850709
346	0.04848678
347	0.04846634
348	0.04846016
349	0.04843014
350	0.04844041
351	0.04845469
352	0.04843920
353	0.04840682
354	0.04842496
355	0.04842201
356	0.04841726
357	0.04839609
358	0.04837783
359	0.04838452
360	0.04838277
361	0.04837934
362	0.04839064
363	0.04839178
364	0.04837224
365	0.04835173
366	0.04835665
367	0.04834646
368	0.04836381
369	0.04833309
370	0.04833445
371	0.04831485
372	0.04832806
373	0.04833385
374	0.04832323
375	0.04830934
376	0.04830569
377	0.04831407
378	0.04828038
379	0.04827804
380	0.04825917
381	0.04825243
382	0.04828304
383	0.04826853
384	0.04824768
385	0.04826711
386	0.04824883
387	0.04825340
388	0.04824217
389	0.04825365
390	0.04825000
391	0.04823615
392	0.04822825
393	0.04822296
394	0.04823617
395	0.04821278
396	0.04823992
397	0.04825474
398	0.04824001
399	0.04824861
400	0.04824114
401	0.04823583
402	0.04822702
403	0.04822294
404	0.04819303
405	0.04823878
406	0.04821744
407	0.04821343
408	0.04820612
409	0.04821226
410	0.04820336
411	0.04819790
412	0.04820355
413	0.04819613
414	0.04817913
415	0.04819136
416	0.04816959
417	0.04817836
418	0.04821729
419	0.04817946
420	0.04818629
421	0.04819318
422	0.04818215
423	0.04815582
424	0.04817364
425	0.04815675
426	0.04815975
427	0.04817019
428	0.04816696
429	0.04818448
430	0.04817602
431	0.04820016
432	0.04818541
433	0.04818767
434	0.04818979
435	0.04816770
436	0.04817631
437	0.04818239
438	0.04818501
439	0.04819392
440	0.04818163
441	0.04822273
442	0.04818568
443	0.04819152
444	0.04820152
445	0.04818435
446	0.04816207
447	0.04818359
448	0.04817024
449	0.04819178
450	0.04819122
451	0.04819984
452	0.04822050
453	0.04819474
454	0.04821667
455	0.04822240
456	0.04822353
457	0.04823077
458	0.04823391
459	0.04823518
460	0.04824871
461	0.04825342
462	0.04826707
463	0.04827472
464	0.04828317
465	0.04828035
466	0.04824238
467	0.04827939
468	0.04825807
469	0.04828677
470	0.04827334
471	0.04829865
472	0.04829053
473	0.04830780
474	0.04830117
475	0.04829627
476	0.04832688
477	0.04831975
478	0.04831336
479	0.04831423
480	0.04831709
481	0.04833133
482	0.04831620
483	0.04831498
484	0.04830827
485	0.04832615
486	0.04835445
487	0.04834523
488	0.04832470
489	0.04836096
490	0.04835898
491	0.04833446
492	0.04837054
493	0.04837335
494	0.04837731
495	0.04841368
496	0.04840199
497	0.04842821
498	0.04842497
499	0.04843780
500	0.04843954
501	0.04845036
502	0.04846495
503	0.04846759
504	0.04850212
505	0.04852870
506	0.04854170
507	0.04856323
508	0.04856981
509	0.04860808
510	0.04863706
511	0.04867624
512	0.04870017
513	0.04875065
514	0.04878936
515	0.04883793
516	0.04890911
517	0.04896377
518	0.04900875
519	0.04908814
520	0.04914182
521	0.04923813
522	0.04921459
523	0.04927412
524	0.04927615
525	0.04932709
526	0.04934539
527	0.04938592
528	0.04941831
529	0.04947964
530	0.04946669
531	0.04952788
532	0.04950605
533	0.04951564
534	0.04956064
535	0.04955243
536	0.04957496
537	0.04959524
538	0.04960999
539	0.04963924
540	0.04964327
541	0.04966918
542	0.04966969
543	0.04970949
544	0.04968169
545	0.04971478
546	0.04971281
547	0.04976948
548	0.04979578
549	0.04984012
550	0.04986701
551	0.04989213
552	0.04994957
553	0.04997616
554	0.04999910
555	0.05002843
556	0.05005439
557	0.05005758
558	0.05004415
559	0.05007403
560	0.05007187
561	0.05005062
562	0.05006788
563	0.05004685
564	0.05003181
565	0.05002501
566	0.05001315
567	0.05000304
568	0.04999840
569	0.04998751
570	0.04999878
571	0.05000352
572	0.05001180
573	0.05000682
574	0.05000507
575	0.05000247
576	0.04999460
577	0.05000764
578	0.04999517
579	0.04999582
580	0.04998029
581	0.04998881
582	0.04999589
583	0.05001374
584	0.05001315
585	0.05001809
586	0.05002342
587	0.05000381
588	0.05002826
589	0.05005721
590	0.05003971
591	0.05003812
592	0.05006245
593	0.05005258
594	0.05006759
595	0.05005487
596	0.05006768
597	0.05008482
598	0.05008593
599	0.05008002
600	0.05011247