	C:\Users\jkuzm\OneDrive - University of Massachusetts\HRSL x UMILL-PUMA Fatigue - Fatigue\Data\F01\FR3_static2.c3d _ImpedanceExport
	RMT1H
	TARGET
	ORIGINAL
ITEM	Z
1	0.03364283
2	0.03363390
3	0.03362894
4	0.03421563
5	0.03422472
6	0.03424056
7	0.03420957
8	0.03419799
9	0.03427125
10	0.03423324
11	0.03423773
12	0.03420518
13	0.03418345
14	0.03417793
15	0.03417910
16	0.03414440
17	0.03414006
18	0.03414488
19	0.03415976
20	0.03414601
21	0.03412182
22	0.03411904
23	0.03411398
24	0.03410272
25	0.03410291
26	0.03409636
27	0.03408728
28	0.03408553
29	0.03410233
30	0.03409260
31	0.03404701
32	0.03407337
33	0.03407060
34	0.03406639
35	0.03406500
36	0.03409858
37	0.03404357
38	0.03404013
39	0.03405342
40	0.03404441
41	0.03403915
42	0.03405542
43	0.03405839
44	0.03404817
45	0.03406269
46	0.03406366
47	0.03401082
48	0.03401579
49	0.03403426
50	0.03401776
51	0.03402001
52	0.03402485
53	0.03402274
54	0.03400859
55	0.03401368
56	0.03401845
57	0.03403670
58	0.03403775
59	0.03400246
60	0.03400140
61	0.03400326
62	0.03400379
63	0.03400648
64	0.03399033
65	0.03399279
66	0.03401290
67	0.03402122
68	0.03398956
69	0.03399518
70	0.03396818
71	0.03396434
72	0.03397072
73	0.03398337
74	0.03397537
75	0.03399381
76	0.03398070
77	0.03399179
78	0.03397462
79	0.03398925
80	0.03393329
81	0.03395193
82	0.03395465
83	0.03395126
84	0.03391571
85	0.03393663
86	0.03397225
87	0.03395749
88	0.03397021
89	0.03394680
90	0.03393436
91	0.03392129
92	0.03393499
93	0.03393991
94	0.03391114
95	0.03393638
96	0.03391868
97	0.03391684
98	0.03395248
99	0.03391313
100	0.03392011
101	0.03393042
102	0.03391578
103	0.03395094
104	0.03388418
105	0.03388128
106	0.03392796
107	0.03392599
108	0.03391101
109	0.03394645
110	0.03394182
111	0.03394628
112	0.03393073
113	0.03392674
114	0.03392470
115	0.03391073
116	0.03391612
117	0.03392257
118	0.03390671
119	0.03392240
120	0.03392285
121	0.03392132
122	0.03391307
123	0.03391325
124	0.03389623
125	0.03388523
126	0.03384652
127	0.03385250
128	0.03382531
129	0.03385071
130	0.03385280
131	0.03387120
132	0.03385615
133	0.03384851
134	0.03385425
135	0.03383855
136	0.03383760
137	0.03381740
138	0.03382016
139	0.03381775
140	0.03379747
141	0.03380885
142	0.03382045
143	0.03382602
144	0.03378539
145	0.03379063
146	0.03377746
147	0.03379973
148	0.03379555
149	0.03375862
150	0.03375385
151	0.03374974
152	0.03378284
153	0.03378205
154	0.03376059
155	0.03377337
156	0.03373675
157	0.03372523
158	0.03372905
159	0.03371404
160	0.03370618
161	0.03371125
162	0.03369959
163	0.03372078
164	0.03370989
165	0.03371243
166	0.03371091
167	0.03368974
168	0.03368574
169	0.03366555
170	0.03366907
171	0.03368257
172	0.03365451
173	0.03366995
174	0.03366892
175	0.03365122
176	0.03367950
177	0.03365804
178	0.03366100
179	0.03365781
180	0.03366751
181	0.03364212
182	0.03367602
183	0.03366958
184	0.03367762
185	0.03366351
186	0.03366300
187	0.03367639
188	0.03365864
189	0.03365311
190	0.03365419
191	0.03366693
192	0.03362592
193	0.03361418
194	0.03364802
195	0.03363281
196	0.03363278
197	0.03364944
198	0.03364687
199	0.03367140
200	0.03366251
201	0.03364592
202	0.03364098
203	0.03360949
204	0.03359700
205	0.03359125
206	0.03361537
207	0.03359327
208	0.03358074
209	0.03359929
210	0.03358436
211	0.03353442
212	0.03357058
213	0.03356098
214	0.03351562
215	0.03350822
216	0.03360654
217	0.03356168
218	0.03355869
219	0.03357448
220	0.03356926
221	0.03356762
222	0.03355898
223	0.03356232
224	0.03349328
225	0.03351507
226	0.03350165
227	0.03352765
228	0.03351175
229	0.03348913
230	0.03350201
231	0.03347614
232	0.03347383
233	0.03349952
234	0.03346385
235	0.03345393
236	0.03346289
237	0.03345225
238	0.03347334
239	0.03344248
240	0.03345568
241	0.03348036
242	0.03345341
243	0.03345583
244	0.03345459
245	0.03347792
246	0.03345241
247	0.03345691
248	0.03344647
249	0.03347625
250	0.03346990
251	0.03346428
252	0.03346201
253	0.03346551
254	0.03344038
255	0.03344797
256	0.03343694
257	0.03340998
258	0.03341559
259	0.03338952
260	0.03341418
261	0.03343175
262	0.03340662
263	0.03343016
264	0.03342529
265	0.03342361
266	0.03341682
267	0.03340333
268	0.03342606
269	0.03340195
270	0.03343393
271	0.03339839
272	0.03341921
273	0.03340548
274	0.03344825
275	0.03341718
276	0.03341024
277	0.03343606
278	0.03340619
279	0.03340507
280	0.03340918
281	0.03340717
282	0.03338718
283	0.03339444
284	0.03341924
285	0.03337652
286	0.03335107
287	0.03338304
288	0.03336092
289	0.03334850
290	0.03331601
291	0.03331556
292	0.03334979
293	0.03335431
294	0.03332918
295	0.03333348
296	0.03335719
297	0.03330681
298	0.03333284
299	0.03336785
300	0.03330280
301	0.03333261
302	0.03330126
303	0.03327579
304	0.03333311
305	0.03328784
306	0.03329694
307	0.03327870
308	0.03329295
309	0.03331436
310	0.03328788
311	0.03331004
312	0.03329656
313	0.03327402
314	0.03327781
315	0.03325764
316	0.03328312
317	0.03330155
318	0.03329606
319	0.03329989
320	0.03329908
321	0.03331602
322	0.03330423
323	0.03328280
324	0.03325896
325	0.03328719
326	0.03325407
327	0.03328904
328	0.03329223
329	0.03329069
330	0.03330125
331	0.03327317
332	0.03332243
333	0.03327134
334	0.03326816
335	0.03326862
336	0.03329126
337	0.03327335
338	0.03325784
339	0.03324934
340	0.03323336
341	0.03327597
342	0.03326033
343	0.03324995
344	0.03323343
345	0.03325099
346	0.03324217
347	0.03322770
348	0.03324130
349	0.03322776
350	0.03324043
351	0.03321838
352	0.03322124
353	0.03321842
354	0.03322844
355	0.03321056
356	0.03325505
357	0.03320069
358	0.03322280
359	0.03321277
360	0.03319407
361	0.03321215
362	0.03321776
363	0.03321576
364	0.03318602
365	0.03319139
366	0.03318729
367	0.03319344
368	0.03320783
369	0.03317939
370	0.03318308
371	0.03316575
372	0.03318874
373	0.03320183
374	0.03317527
375	0.03317444
376	0.03316746
377	0.03315535
378	0.03317948
379	0.03320885
380	0.03313409
381	0.03316081
382	0.03315068
383	0.03315364
384	0.03317871
385	0.03316993
386	0.03316152
387	0.03316014
388	0.03319193
389	0.03318955
390	0.03312980
391	0.03318586
392	0.03314237
393	0.03313552
394	0.03313431
395	0.03314606
396	0.03315218
397	0.03314568
398	0.03315424
399	0.03317317
400	0.03318516
401	0.03314512
402	0.03315056
403	0.03316399
404	0.03318922
405	0.03315189
406	0.03319725
407	0.03316982
408	0.03316298
409	0.03316840
410	0.03318379
411	0.03312835
412	0.03315876
413	0.03311394
414	0.03313045
415	0.03310961
416	0.03315872
417	0.03313977
418	0.03314967
419	0.03316020
420	0.03311881
421	0.03312405
422	0.03311466
423	0.03312297
424	0.03314502
425	0.03317059
426	0.03311639
427	0.03315849
428	0.03311895
429	0.03316655
430	0.03316198
431	0.03315579
432	0.03319518
433	0.03315260
434	0.03313743
435	0.03316554
436	0.03310121
437	0.03316389
438	0.03318187
439	0.03313423
440	0.03316630
441	0.03315838
442	0.03318406
443	0.03318208
444	0.03314999
445	0.03317076
446	0.03318015
447	0.03316206
448	0.03314548
449	0.03312930
450	0.03315911
451	0.03314988
452	0.03317201
453	0.03316373
454	0.03312656
455	0.03320367
456	0.03313116
457	0.03312976
458	0.03318823
459	0.03318143
460	0.03317534
461	0.03315970
462	0.03319903
463	0.03319377
464	0.03317073
465	0.03313669
466	0.03315672
467	0.03318222
468	0.03317051
469	0.03315360
470	0.03315032
471	0.03321546
472	0.03315599
473	0.03315716
474	0.03319559
475	0.03315621
476	0.03316187
477	0.03318336
478	0.03315715
479	0.03315057
480	0.03318438
481	0.03317348
482	0.03317954
483	0.03317260
484	0.03316357
485	0.03316652
486	0.03316586
487	0.03317163
488	0.03316119
489	0.03320898
490	0.03312601
491	0.03317714
492	0.03317419
493	0.03319111
494	0.03322878
495	0.03318764
496	0.03316492
497	0.03319725
498	0.03322186
499	0.03323307
500	0.03319946
501	0.03318143
502	0.03320950
503	0.03319349
504	0.03320812
505	0.03322238
506	0.03322490
507	0.03325086
508	0.03325796
509	0.03329067
510	0.03331545
511	0.03327370
512	0.03327777
513	0.03329838
514	0.03330292
515	0.03333385
516	0.03342554
517	0.03342769
518	0.03343961
519	0.03348111
520	0.03348174
521	0.03349049
522	0.03350425
523	0.03350475
524	0.03351416
525	0.03359146
526	0.03359807
527	0.03363588
528	0.03367422
529	0.03365077
530	0.03368971
531	0.03369161
532	0.03370031
533	0.03367935
534	0.03368876
535	0.03369742
536	0.03370068
537	0.03372492
538	0.03374396
539	0.03374717
540	0.03374353
541	0.03375406
542	0.03375510
543	0.03376668
544	0.03376032
545	0.03376438
546	0.03380385
547	0.03379218
548	0.03378819
549	0.03381793
550	0.03384554
551	0.03384767
552	0.03389195
553	0.03390652
554	0.03390478
555	0.03390017
556	0.03391513
557	0.03392870
558	0.03391246
559	0.03393002
560	0.03391579
561	0.03392763
562	0.03390808
563	0.03390850
564	0.03389324
565	0.03389227
566	0.03387347
567	0.03387856
568	0.03387706
569	0.03388857
570	0.03387968
571	0.03388993
572	0.03391417
573	0.03390006
574	0.03391989
575	0.03387843
576	0.03388419
577	0.03389082
578	0.03387717
579	0.03387702
580	0.03388637
581	0.03388619
582	0.03390026
583	0.03389180
584	0.03391773
585	0.03390977
586	0.03390229
587	0.03391705
588	0.03388732
589	0.03389592
590	0.03390162
591	0.03390354
592	0.03390109
593	0.03390437
594	0.03393201
595	0.03393802
596	0.03393561
597	0.03390092
598	0.03391900
599	0.03395082
600	0.03394544