	C:\Users\jkuzm\OneDrive - University of Massachusetts\HRSL x UMILL-PUMA Fatigue - Fatigue\Data\F01\FR3_static2.c3d _ImpedanceExport
	LTOE
	TARGET
	ORIGINAL
ITEM	Y
1	0.48588437
2	0.48588383
3	0.48588228
4	0.48588672
5	0.48583448
6	0.48584464
7	0.48583364
8	0.48581630
9	0.48582575
10	0.48581526
11	0.48581842
12	0.48581883
13	0.48583475
14	0.48582363
15	0.48583642
16	0.48583940
17	0.48582894
18	0.48582640
19	0.48582423
20	0.48583373
21	0.48582000
22	0.48581612
23	0.48583007
24	0.48582396
25	0.48583725
26	0.48583353
27	0.48582882
28	0.48583874
29	0.48584324
30	0.48584038
31	0.48584974
32	0.48583856
33	0.48583308
34	0.48584378
35	0.48584971
36	0.48585412
37	0.48586270
38	0.48584810
39	0.48584464
40	0.48584622
41	0.48584473
42	0.48584706
43	0.48585403
44	0.48585057
45	0.48584986
46	0.48583943
47	0.48584601
48	0.48585513
49	0.48588181
50	0.48586878
51	0.48585004
52	0.48586315
53	0.48586935
54	0.48584533
55	0.48586360
56	0.48585212
57	0.48585826
58	0.48587623
59	0.48588330
60	0.48586699
61	0.48586455
62	0.48589510
63	0.48586994
64	0.48586997
65	0.48589155
66	0.48588759
67	0.48586544
68	0.48588458
69	0.48588413
70	0.48589313
71	0.48589993
72	0.48589930
73	0.48589128
74	0.48587915
75	0.48590070
76	0.48588979
77	0.48590246
78	0.48589984
79	0.48588660
80	0.48589149
81	0.48588789
82	0.48589939
83	0.48591602
84	0.48590997
85	0.48591882
86	0.48588976
87	0.48591158
88	0.48589364
89	0.48587379
90	0.48588979
91	0.48588595
92	0.48587334
93	0.48590568
94	0.48590264
95	0.48592016
96	0.48590803
97	0.48588336
98	0.48588628
99	0.48588723
100	0.48588702
101	0.48586577
102	0.48588964
103	0.48589644
104	0.48590451
105	0.48591131
106	0.48592377
107	0.48591131
108	0.48591131
109	0.48589981
110	0.48588482
111	0.48591745
112	0.48588535
113	0.48592427
114	0.48591134
115	0.48591590
116	0.48591036
117	0.48591027
118	0.48590228
119	0.48590377
120	0.48594594
121	0.48590618
122	0.48593149
123	0.48591986
124	0.48592448
125	0.48593524
126	0.48593956
127	0.48592135
128	0.48595876
129	0.48595858
130	0.48594654
131	0.48595816
132	0.48596162
133	0.48594406
134	0.48594657
135	0.48594698
136	0.48597082
137	0.48597419
138	0.48597234
139	0.48596829
140	0.48597926
141	0.48597136
142	0.48596802
143	0.48598742
144	0.48598289
145	0.48598301
146	0.48599046
147	0.48598933
148	0.48601222
149	0.48599303
150	0.48599949
151	0.48598281
152	0.48599878
153	0.48599574
154	0.48599404
155	0.48598248
156	0.48598030
157	0.48597294
158	0.48599678
159	0.48598996
160	0.48601142
161	0.48601207
162	0.48600811
163	0.48601002
164	0.48600364
165	0.48600599
166	0.48601595
167	0.48602381
168	0.48603073
169	0.48604244
170	0.48605973
171	0.48604310
172	0.48607635
173	0.48605412
174	0.48605052
175	0.48607200
176	0.48605382
177	0.48605192
178	0.48605025
179	0.48605892
180	0.48606184
181	0.48606640
182	0.48608422
183	0.48607576
184	0.48606154
185	0.48607343
186	0.48606580
187	0.48604178
188	0.48605052
189	0.48608020
190	0.48607013
191	0.48607320
192	0.48608398
193	0.48608798
194	0.48609295
195	0.48610076
196	0.48608273
197	0.48607978
198	0.48610136
199	0.48609310
200	0.48611492
201	0.48610520
202	0.48609310
203	0.48610565
204	0.48610169
205	0.48610684
206	0.48609772
207	0.48612398
208	0.48610973
209	0.48610583
210	0.48614863
211	0.48612684
212	0.48610252
213	0.48612595
214	0.48616090
215	0.48613778
216	0.48613638
217	0.48614308
218	0.48614609
219	0.48612645
220	0.48612922
221	0.48615777
222	0.48613787
223	0.48615044
224	0.48615560
225	0.48616949
226	0.48618540
227	0.48615566
228	0.48616740
229	0.48618659
230	0.48614866
231	0.48618200
232	0.48618078
233	0.48617896
234	0.48619056
235	0.48620978
236	0.48620307
237	0.48620650
238	0.48621508
239	0.48622200
240	0.48620754
241	0.48621264
242	0.48622963
243	0.48621282
244	0.48621953
245	0.48624882
246	0.48625231
247	0.48625696
248	0.48626935
249	0.48627716
250	0.48625952
251	0.48623648
252	0.48622981
253	0.48624495
254	0.48625636
255	0.48624322
256	0.48625982
257	0.48624498
258	0.48627484
259	0.48626289
260	0.48626289
261	0.48626527
262	0.48627850
263	0.48624018
264	0.48626027
265	0.48625302
266	0.48627016
267	0.48627922
268	0.48628092
269	0.48627707
270	0.48628914
271	0.48629287
272	0.48629743
273	0.48629194
274	0.48627228
275	0.48628661
276	0.48626494
277	0.48628050
278	0.48630261
279	0.48630586
280	0.48631594
281	0.48630950
282	0.48632511
283	0.48631883
284	0.48632550
285	0.48632517
286	0.48632529
287	0.48633447
288	0.48632714
289	0.48633906
290	0.48633698
291	0.48635080
292	0.48632503
293	0.48632336
294	0.48632768
295	0.48634660
296	0.48632470
297	0.48633584
298	0.48633745
299	0.48631358
300	0.48633611
301	0.48634931
302	0.48634133
303	0.48635805
304	0.48634702
305	0.48633686
306	0.48634946
307	0.48633230
308	0.48633823
309	0.48637286
310	0.48637000
311	0.48637307
312	0.48639429
313	0.48639634
314	0.48637027
315	0.48640522
316	0.48639920
317	0.48640406
318	0.48639610
319	0.48641580
320	0.48640215
321	0.48640940
322	0.48640093
323	0.48641789
324	0.48643535
325	0.48642197
326	0.48644164
327	0.48644835
328	0.48645359
329	0.48644948
330	0.48642921
331	0.48645863
332	0.48644489
333	0.48648131
334	0.48646590
335	0.48648584
336	0.48649654
337	0.48648173
338	0.48647162
339	0.48648322
340	0.48647648
341	0.48647258
342	0.48650375
343	0.48648229
344	0.48649609
345	0.48651364
346	0.48651728
347	0.48650828
348	0.48651418
349	0.48650956
350	0.48652160
351	0.48652381
352	0.48652840
353	0.48652557
354	0.48653400
355	0.48653880
356	0.48657033
357	0.48654723
358	0.48656172
359	0.48656604
360	0.48656034
361	0.48654708
362	0.48655045
363	0.48656335
364	0.48655918
365	0.48657760
366	0.48656633
367	0.48657802
368	0.48657179
369	0.48658529
370	0.48658311
371	0.48657483
372	0.48660597
373	0.48657498
374	0.48658901
375	0.48659399
376	0.48657206
377	0.48658755
378	0.48659238
379	0.48658147
380	0.48658317
381	0.48658842
382	0.48659378
383	0.48657852
384	0.48658928
385	0.48659971
386	0.48658708
387	0.48657972
388	0.48659477
389	0.48660997
390	0.48659715
391	0.48660922
392	0.48659536
393	0.48659059
394	0.48660564
395	0.48659828
396	0.48660970
397	0.48658746
398	0.48660505
399	0.48660162
400	0.48659793
401	0.48658991
402	0.48660466
403	0.48660833
404	0.48661149
405	0.48660177
406	0.48661944
407	0.48660332
408	0.48660794
409	0.48660034
410	0.48661837
411	0.48661599
412	0.48661464
413	0.48664904
414	0.48662680
415	0.48665908
416	0.48663110
417	0.48663664
418	0.48664534
419	0.48663408
420	0.48663729
421	0.48663059
422	0.48663703
423	0.48664245
424	0.48664662
425	0.48664066
426	0.48663482
427	0.48664305
428	0.48665625
429	0.48664171
430	0.48664984
431	0.48664862
432	0.48664752
433	0.48663470
434	0.48664388
435	0.48663920
436	0.48663744
437	0.48665541
438	0.48663837
439	0.48664933
440	0.48665345
441	0.48664135
442	0.48663709
443	0.48665556
444	0.48664021
445	0.48663875
446	0.48664764
447	0.48664242
448	0.48664692
449	0.48663053
450	0.48663616
451	0.48662752
452	0.48662791
453	0.48663399
454	0.48662278
455	0.48664585
456	0.48662060
457	0.48662218
458	0.48660538
459	0.48661181
460	0.48662147
461	0.48660672
462	0.48659545
463	0.48662132
464	0.48660168
465	0.48658359
466	0.48658022
467	0.48657626
468	0.48659167
469	0.48659852
470	0.48658019
471	0.48658150
472	0.48656261
473	0.48656923
474	0.48654953
475	0.48655358
476	0.48655736
477	0.48656675
478	0.48655722
479	0.48656738
480	0.48656744
481	0.48655465
482	0.48655385
483	0.48654342
484	0.48655012
485	0.48655030
486	0.48653144
487	0.48654839
488	0.48653707
489	0.48653767
490	0.48652875
491	0.48654547
492	0.48654848
493	0.48653340
494	0.48650405
495	0.48651636
496	0.48649022
497	0.48650071
498	0.48648074
499	0.48648718
500	0.48646727
501	0.48645768
502	0.48644614
503	0.48644292
504	0.48642796
505	0.48642939
506	0.48641014
507	0.48639423
508	0.48637456
509	0.48637587
510	0.48637515
511	0.48636168
512	0.48634601
513	0.48634931
514	0.48630214
515	0.48631281
516	0.48628432
517	0.48627129
518	0.48626202
519	0.48625273
520	0.48625571
521	0.48621732
522	0.48620212
523	0.48621538
524	0.48619515
525	0.48621586
526	0.48618582
527	0.48618451
528	0.48616865
529	0.48613930
530	0.48616919
531	0.48614395
532	0.48615327
533	0.48612809
534	0.48615420
535	0.48612338
536	0.48612532
537	0.48614067
538	0.48612115
539	0.48609561
540	0.48611745
541	0.48611191
542	0.48612005
543	0.48613521
544	0.48611140
545	0.48612055
546	0.48611590
547	0.48610443
548	0.48609996
549	0.48608696
550	0.48608837
551	0.48607445
552	0.48605534
553	0.48606491
554	0.48602024
555	0.48603106
556	0.48602277
557	0.48604572
558	0.48603839
559	0.48600546
560	0.48600256
561	0.48598379
562	0.48599437
563	0.48597857
564	0.48597401
565	0.48597324
566	0.48599243
567	0.48597723
568	0.48597261
569	0.48597005
570	0.48596120
571	0.48595369
572	0.48595941
573	0.48595148
574	0.48594254
575	0.48592687
576	0.48594323
577	0.48593900
578	0.48594499
579	0.48596093
580	0.48593587
581	0.48594028
582	0.48593298
583	0.48592398
584	0.48591283
585	0.48590177
586	0.48590165
587	0.48590544
588	0.48587453
589	0.48590344
590	0.48588663
591	0.48589671
592	0.48591027
593	0.48588687
594	0.48585734
595	0.48585761
596	0.48586172
597	0.48583752
598	0.48583707
599	0.48583406
600	0.48583755