	C:\Users\jkuzm\OneDrive - University of Massachusetts\HRSL x UMILL-PUMA Fatigue - Fatigue\Data\F01\FR3_static2.c3d _ImpedanceExport
	RMT5H
	TARGET
	ORIGINAL
ITEM	Y
1	0.37391132
2	0.37393138
3	0.37393034
4	0.37394938
5	0.37390983
6	0.37392825
7	0.37392750
8	0.37390447
9	0.37389395
10	0.37389988
11	0.37387794
12	0.37390551
13	0.37390608
14	0.37391528
15	0.37390840
16	0.37391552
17	0.37392774
18	0.37390316
19	0.37392414
20	0.37391660
21	0.37393758
22	0.37392649
23	0.37393647
24	0.37391287
25	0.37394065
26	0.37394065
27	0.37394282
28	0.37396130
29	0.37395388
30	0.37396187
31	0.37395328
32	0.37394911
33	0.37395546
34	0.37395984
35	0.37397879
36	0.37397420
37	0.37395412
38	0.37397254
39	0.37395918
40	0.37396851
41	0.37396041
42	0.37395650
43	0.37395120
44	0.37396052
45	0.37395820
46	0.37396899
47	0.37398672
48	0.37398592
49	0.37399754
50	0.37397659
51	0.37397221
52	0.37398314
53	0.37398237
54	0.37398401
55	0.37399739
56	0.37398505
57	0.37397560
58	0.37400550
59	0.37399262
60	0.37399870
61	0.37400317
62	0.37397620
63	0.37399048
64	0.37399301
65	0.37399396
66	0.37397674
67	0.37398434
68	0.37397847
69	0.37401852
70	0.37401056
71	0.37401798
72	0.37402505
73	0.37404487
74	0.37400737
75	0.37399194
76	0.37401307
77	0.37399867
78	0.37399307
79	0.37400016
80	0.37400427
81	0.37400571
82	0.37402529
83	0.37404138
84	0.37401521
85	0.37403658
86	0.37402287
87	0.37402418
88	0.37400672
89	0.37400892
90	0.37401178
91	0.37400991
92	0.37402573
93	0.37399834
94	0.37401581
95	0.37403324
96	0.37403306
97	0.37404120
98	0.37402558
99	0.37402511
100	0.37401530
101	0.37400982
102	0.37401655
103	0.37404066
104	0.37404653
105	0.37404734
106	0.37404791
107	0.37404644
108	0.37404716
109	0.37403691
110	0.37404552
111	0.37402764
112	0.37402755
113	0.37401047
114	0.37402388
115	0.37403563
116	0.37403324
117	0.37401795
118	0.37401909
119	0.37404004
120	0.37403259
121	0.37402761
122	0.37404284
123	0.37404332
124	0.37404388
125	0.37407398
126	0.37406388
127	0.37408808
128	0.37408081
129	0.37407142
130	0.37407362
131	0.37410131
132	0.37410146
133	0.37409320
134	0.37412253
135	0.37411219
136	0.37410894
137	0.37412229
138	0.37412053
139	0.37411851
140	0.37412211
141	0.37412736
142	0.37411100
143	0.37412030
144	0.37410530
145	0.37413108
146	0.37412074
147	0.37413102
148	0.37413508
149	0.37413839
150	0.37413374
151	0.37413326
152	0.37415245
153	0.37415639
154	0.37416834
155	0.37416536
156	0.37416121
157	0.37416521
158	0.37418815
159	0.37419021
160	0.37420166
161	0.37420705
162	0.37420076
163	0.37419990
164	0.37419912
165	0.37418720
166	0.37419388
167	0.37418208
168	0.37422016
169	0.37421981
170	0.37423143
171	0.37421447
172	0.37423322
173	0.37423745
174	0.37424138
175	0.37423402
176	0.37424144
177	0.37423661
178	0.37425327
179	0.37425226
180	0.37423575
181	0.37424400
182	0.37425524
183	0.37424684
184	0.37423807
185	0.37426120
186	0.37423503
187	0.37424096
188	0.37425333
189	0.37424710
190	0.37426838
191	0.37426868
192	0.37425411
193	0.37428409
194	0.37428710
195	0.37430680
196	0.37427902
197	0.37427586
198	0.37428775
199	0.37428874
200	0.37429038
201	0.37428752
202	0.37429011
203	0.37430310
204	0.37430134
205	0.37431666
206	0.37434614
207	0.37433991
208	0.37432218
209	0.37429705
210	0.37430918
211	0.37432474
212	0.37433061
213	0.37433425
214	0.37434077
215	0.37434551
216	0.37436980
217	0.37435231
218	0.37432504
219	0.37433127
220	0.37433875
221	0.37435028
222	0.37434909
223	0.37435624
224	0.37435302
225	0.37434906
226	0.37438610
227	0.37436697
228	0.37439486
229	0.37440291
230	0.37439808
231	0.37438813
232	0.37440965
233	0.37440923
234	0.37440157
235	0.37442052
236	0.37442872
237	0.37443253
238	0.37443510
239	0.37444410
240	0.37442857
241	0.37443304
242	0.37443283
243	0.37442619
244	0.37443647
245	0.37441510
246	0.37445581
247	0.37444678
248	0.37446436
249	0.37447536
250	0.37447789
251	0.37447518
252	0.37447235
253	0.37444136
254	0.37443119
255	0.37445071
256	0.37446159
257	0.37444654
258	0.37446156
259	0.37446648
260	0.37446493
261	0.37445867
262	0.37447622
263	0.37445590
264	0.37444970
265	0.37448639
266	0.37445062
267	0.37446305
268	0.37447506
269	0.37449697
270	0.37449276
271	0.37448311
272	0.37448376
273	0.37450883
274	0.37449798
275	0.37449107
276	0.37449506
277	0.37449914
278	0.37449574
279	0.37449616
280	0.37452134
281	0.37453985
282	0.37453619
283	0.37452063
284	0.37451893
285	0.37453213
286	0.37454730
287	0.37453428
288	0.37453645
289	0.37455568
290	0.37455297
291	0.37456974
292	0.37459227
293	0.37458563
294	0.37459743
295	0.37459135
296	0.37458035
297	0.37458879
298	0.37458807
299	0.37458226
300	0.37459788
301	0.37459031
302	0.37460530
303	0.37461758
304	0.37461445
305	0.37461844
306	0.37461329
307	0.37461060
308	0.37462488
309	0.37463275
310	0.37464488
311	0.37462378
312	0.37465575
313	0.37464824
314	0.37464184
315	0.37463027
316	0.37464747
317	0.37464899
318	0.37466407
319	0.37465101
320	0.37464461
321	0.37467301
322	0.37467861
323	0.37466478
324	0.37468180
325	0.37468705
326	0.37468046
327	0.37467155
328	0.37468064
329	0.37466592
330	0.37466586
331	0.37468636
332	0.37468398
333	0.37468109
334	0.37469229
335	0.37470657
336	0.37469244
337	0.37469253
338	0.37470171
339	0.37472722
340	0.37471703
341	0.37472340
342	0.37473345
343	0.37474209
344	0.37475681
345	0.37475491
346	0.37475315
347	0.37474486
348	0.37476748
349	0.37475196
350	0.37476951
351	0.37475276
352	0.37476411
353	0.37477052
354	0.37476346
355	0.37477645
356	0.37479529
357	0.37479657
358	0.37479851
359	0.37479493
360	0.37480468
361	0.37477157
362	0.37477395
363	0.37479451
364	0.37477812
365	0.37480140
366	0.37481385
367	0.37480390
368	0.37483540
369	0.37480482
370	0.37480244
371	0.37483400
372	0.37484568
373	0.37481728
374	0.37481102
375	0.37483165
376	0.37482786
377	0.37481686
378	0.37483773
379	0.37483725
380	0.37482938
381	0.37484109
382	0.37483284
383	0.37483722
384	0.37485117
385	0.37483439
386	0.37482032
387	0.37483934
388	0.37485081
389	0.37484398
390	0.37482885
391	0.37485507
392	0.37485546
393	0.37484676
394	0.37484092
395	0.37483591
396	0.37482542
397	0.37482363
398	0.37483260
399	0.37485114
400	0.37485120
401	0.37486953
402	0.37484607
403	0.37486652
404	0.37486258
405	0.37486285
406	0.37485412
407	0.37486324
408	0.37484607
409	0.37485531
410	0.37485307
411	0.37486407
412	0.37488317
413	0.37486160
414	0.37487292
415	0.37487936
416	0.37487236
417	0.37485757
418	0.37486586
419	0.37484679
420	0.37484652
421	0.37487024
422	0.37486672
423	0.37486553
424	0.37489012
425	0.37489241
426	0.37486988
427	0.37487620
428	0.37486213
429	0.37485301
430	0.37485674
431	0.37487340
432	0.37486497
433	0.37485847
434	0.37487489
435	0.37488297
436	0.37485525
437	0.37486973
438	0.37486756
439	0.37486023
440	0.37485847
441	0.37486830
442	0.37486073
443	0.37485325
444	0.37484318
445	0.37487024
446	0.37487543
447	0.37486348
448	0.37486312
449	0.37486494
450	0.37486982
451	0.37484878
452	0.37484071
453	0.37484515
454	0.37486276
455	0.37485686
456	0.37483230
457	0.37484559
458	0.37484589
459	0.37482649
460	0.37485120
461	0.37482437
462	0.37484589
463	0.37480778
464	0.37480724
465	0.37483472
466	0.37480503
467	0.37482095
468	0.37482917
469	0.37483355
470	0.37483680
471	0.37482288
472	0.37482750
473	0.37480444
474	0.37480885
475	0.37480587
476	0.37482589
477	0.37483019
478	0.37479302
479	0.37480232
480	0.37480885
481	0.37478238
482	0.37481874
483	0.37481120
484	0.37479481
485	0.37479895
486	0.37479362
487	0.37480912
488	0.37480196
489	0.37478727
490	0.37482259
491	0.37478179
492	0.37478361
493	0.37478346
494	0.37476581
495	0.37476960
496	0.37476054
497	0.37475765
498	0.37474126
499	0.37475005
500	0.37475643
501	0.37474298
502	0.37474099
503	0.37473100
504	0.37473398
505	0.37471351
506	0.37470013
507	0.37469745
508	0.37468192
509	0.37467179
510	0.37464404
511	0.37465963
512	0.37464699
513	0.37461174
514	0.37460801
515	0.37457058
516	0.37456492
517	0.37453228
518	0.37449011
519	0.37446046
520	0.37445170
521	0.37440386
522	0.37437558
523	0.37437001
524	0.37436837
525	0.37434465
526	0.37431329
527	0.37428614
528	0.37428352
529	0.37427983
530	0.37426835
531	0.37424701
532	0.37425312
533	0.37423912
534	0.37425223
535	0.37425026
536	0.37423754
537	0.37423038
538	0.37421325
539	0.37422282
540	0.37419122
541	0.37419704
542	0.37419820
543	0.37418041
544	0.37420368
545	0.37420380
546	0.37419584
547	0.37417740
548	0.37415472
549	0.37414509
550	0.37412837
551	0.37411293
552	0.37409604
553	0.37407956
554	0.37405747
555	0.37404576
556	0.37404585
557	0.37404099
558	0.37403652
559	0.37403199
560	0.37402675
561	0.37402391
562	0.37402341
563	0.37402591
564	0.37402996
565	0.37402421
566	0.37405479
567	0.37404424
568	0.37407079
569	0.37406304
570	0.37405983
571	0.37402856
572	0.37404287
573	0.37404525
574	0.37405011
575	0.37404662
576	0.37405330
577	0.37406623
578	0.37407067
579	0.37406895
580	0.37406877
581	0.37405673
582	0.37406051
583	0.37405875
584	0.37405533
585	0.37405851
586	0.37404332
587	0.37404382
588	0.37404042
589	0.37402368
590	0.37404737
591	0.37402755
592	0.37401512
593	0.37402236
594	0.37401646
595	0.37401891
596	0.37401021
597	0.37401184
598	0.37399879
599	0.37401000
600	0.37399021