	C:\Users\jkuzm\OneDrive - University of Massachusetts\HRSL x UMILL-PUMA Fatigue - Fatigue\Data\F01\FR3_static2.c3d _ImpedanceExport
	LTOE
	TARGET
	ORIGINAL
ITEM	Z
1	0.05327996
2	0.05329756
3	0.05330984
4	0.05329813
5	0.05332673
6	0.05331627
7	0.05332648
8	0.05329945
9	0.05334371
10	0.05331743
11	0.05334187
12	0.05335110
13	0.05334589
14	0.05333861
15	0.05333576
16	0.05333789
17	0.05332447
18	0.05332294
19	0.05333311
20	0.05335268
21	0.05335870
22	0.05334320
23	0.05332765
24	0.05331712
25	0.05332313
26	0.05333236
27	0.05331070
28	0.05332655
29	0.05332169
30	0.05330738
31	0.05334299
32	0.05330479
33	0.05331253
34	0.05330442
35	0.05329339
36	0.05330189
37	0.05328961
38	0.05329227
39	0.05329445
40	0.05330515
41	0.05330658
42	0.05328906
43	0.05330427
44	0.05331036
45	0.05330777
46	0.05329304
47	0.05330235
48	0.05329556
49	0.05325095
50	0.05329710
51	0.05330076
52	0.05329738
53	0.05328550
54	0.05327224
55	0.05328830
56	0.05328907
57	0.05327541
58	0.05325303
59	0.05325570
60	0.05326756
61	0.05324880
62	0.05324814
63	0.05326518
64	0.05323891
65	0.05323457
66	0.05323783
67	0.05323095
68	0.05324652
69	0.05321816
70	0.05321892
71	0.05322165
72	0.05323922
73	0.05320287
74	0.05321081
75	0.05321296
76	0.05322544
77	0.05323216
78	0.05318001
79	0.05320625
80	0.05324878
81	0.05320575
82	0.05320802
83	0.05320738
84	0.05321093
85	0.05321369
86	0.05322159
87	0.05323242
88	0.05321626
89	0.05322751
90	0.05321618
91	0.05322282
92	0.05322745
93	0.05322317
94	0.05323371
95	0.05320166
96	0.05324890
97	0.05323743
98	0.05324921
99	0.05325820
100	0.05324332
101	0.05327411
102	0.05324989
103	0.05324096
104	0.05325991
105	0.05321077
106	0.05323509
107	0.05322672
108	0.05324282
109	0.05323830
110	0.05324369
111	0.05324342
112	0.05326007
113	0.05325167
114	0.05324184
115	0.05323143
116	0.05321025
117	0.05320428
118	0.05322613
119	0.05322299
120	0.05319130
121	0.05319622
122	0.05320882
123	0.05319710
124	0.05319781
125	0.05317605
126	0.05319278
127	0.05317644
128	0.05319132
129	0.05317768
130	0.05314676
131	0.05314112
132	0.05314901
133	0.05313394
134	0.05313518
135	0.05314266
136	0.05313204
137	0.05312207
138	0.05312987
139	0.05310827
140	0.05311028
141	0.05313819
142	0.05313145
143	0.05312401
144	0.05311453
145	0.05310923
146	0.05309172
147	0.05308283
148	0.05308851
149	0.05307250
150	0.05311848
151	0.05309950
152	0.05311059
153	0.05310820
154	0.05310963
155	0.05311939
156	0.05309842
157	0.05309241
158	0.05308454
159	0.05308497
160	0.05306265
161	0.05304796
162	0.05307934
163	0.05306365
164	0.05305037
165	0.05304841
166	0.05302614
167	0.05303655
168	0.05301704
169	0.05303955
170	0.05299451
171	0.05300213
172	0.05299091
173	0.05299413
174	0.05300882
175	0.05299656
176	0.05299380
177	0.05300704
178	0.05299795
179	0.05297290
180	0.05300102
181	0.05298054
182	0.05298816
183	0.05299705
184	0.05297315
185	0.05300042
186	0.05299735
187	0.05298969
188	0.05299821
189	0.05298830
190	0.05297696
191	0.05296732
192	0.05296270
193	0.05296204
194	0.05298680
195	0.05296804
196	0.05297911
197	0.05297154
198	0.05297138
199	0.05298433
200	0.05295936
201	0.05296955
202	0.05293646
203	0.05295533
204	0.05293626
205	0.05292485
206	0.05292401
207	0.05291538
208	0.05293337
209	0.05293586
210	0.05292284
211	0.05291819
212	0.05292304
213	0.05292768
214	0.05288950
215	0.05291399
216	0.05291483
217	0.05290524
218	0.05287909
219	0.05289475
220	0.05289708
221	0.05287270
222	0.05287854
223	0.05288693
224	0.05285684
225	0.05285688
226	0.05284834
227	0.05287756
228	0.05285810
229	0.05284352
230	0.05286640
231	0.05283980
232	0.05285588
233	0.05284233
234	0.05284044
235	0.05282499
236	0.05283177
237	0.05283150
238	0.05281201
239	0.05281043
240	0.05281235
241	0.05282550
242	0.05281075
243	0.05279962
244	0.05280383
245	0.05277506
246	0.05278386
247	0.05276648
248	0.05275919
249	0.05274204
250	0.05277164
251	0.05277910
252	0.05278609
253	0.05277626
254	0.05276786
255	0.05275450
256	0.05275765
257	0.05276693
258	0.05273333
259	0.05274867
260	0.05274300
261	0.05273330
262	0.05275185
263	0.05275824
264	0.05273186
265	0.05275143
266	0.05275172
267	0.05273859
268	0.05274081
269	0.05272331
270	0.05271558
271	0.05271883
272	0.05273161
273	0.05272122
274	0.05273652
275	0.05272468
276	0.05272087
277	0.05270110
278	0.05268623
279	0.05269529
280	0.05267508
281	0.05268477
282	0.05267945
283	0.05267457
284	0.05264594
285	0.05266260
286	0.05265834
287	0.05265352
288	0.05265725
289	0.05264048
290	0.05265783
291	0.05265422
292	0.05263741
293	0.05265103
294	0.05265050
295	0.05262888
296	0.05267464
297	0.05265312
298	0.05263115
299	0.05265214
300	0.05263538
301	0.05265488
302	0.05261294
303	0.05262567
304	0.05258869
305	0.05261193
306	0.05261604
307	0.05264038
308	0.05263648
309	0.05260289
310	0.05260030
311	0.05259476
312	0.05258707
313	0.05257259
314	0.05256423
315	0.05255890
316	0.05258296
317	0.05257923
318	0.05256134
319	0.05254364
320	0.05256403
321	0.05254728
322	0.05254616
323	0.05253778
324	0.05253079
325	0.05252181
326	0.05248799
327	0.05249901
328	0.05251958
329	0.05249187
330	0.05249841
331	0.05251667
332	0.05251877
333	0.05248993
334	0.05248311
335	0.05247650
336	0.05246444
337	0.05246420
338	0.05246475
339	0.05247108
340	0.05246181
341	0.05246198
342	0.05244062
343	0.05242997
344	0.05243090
345	0.05241191
346	0.05242674
347	0.05243921
348	0.05242834
349	0.05241709
350	0.05242345
351	0.05241541
352	0.05240118
353	0.05240911
354	0.05240002
355	0.05238649
356	0.05234963
357	0.05237715
358	0.05237927
359	0.05238993
360	0.05237146
361	0.05236986
362	0.05236518
363	0.05236609
364	0.05237109
365	0.05236123
366	0.05235995
367	0.05236153
368	0.05234425
369	0.05231065
370	0.05236750
371	0.05230637
372	0.05237246
373	0.05231075
374	0.05235916
375	0.05235574
376	0.05232463
377	0.05236695
378	0.05233033
379	0.05230509
380	0.05230891
381	0.05235102
382	0.05228472
383	0.05229861
384	0.05231624
385	0.05234746
386	0.05232923
387	0.05234501
388	0.05233996
389	0.05232791
390	0.05230461
391	0.05231928
392	0.05228744
393	0.05233387
394	0.05229111
395	0.05232380
396	0.05233466
397	0.05230279
398	0.05233519
399	0.05234031
400	0.05232786
401	0.05227419
402	0.05228847
403	0.05229649
404	0.05228475
405	0.05229263
406	0.05231815
407	0.05227228
408	0.05228577
409	0.05227248
410	0.05230163
411	0.05229728
412	0.05227078
413	0.05228527
414	0.05229861
415	0.05224217
416	0.05225730
417	0.05224958
418	0.05224286
419	0.05224409
420	0.05227297
421	0.05224794
422	0.05226011
423	0.05222836
424	0.05226870
425	0.05224977
426	0.05224544
427	0.05222963
428	0.05226547
429	0.05226479
430	0.05227928
431	0.05227337
432	0.05225417
433	0.05223455
434	0.05223881
435	0.05224915
436	0.05223608
437	0.05228657
438	0.05225880
439	0.05227827
440	0.05228227
441	0.05223995
442	0.05229682
443	0.05229419
444	0.05224270
445	0.05223884
446	0.05226048
447	0.05225809
448	0.05230128
449	0.05226515
450	0.05229831
451	0.05228107
452	0.05231199
453	0.05232317
454	0.05227123
455	0.05232371
456	0.05228408
457	0.05229605
458	0.05228624
459	0.05230341
460	0.05234606
461	0.05232281
462	0.05235400
463	0.05233338
464	0.05234623
465	0.05235626
466	0.05234348
467	0.05232680
468	0.05236948
469	0.05235200
470	0.05237626
471	0.05238336
472	0.05235705
473	0.05238166
474	0.05238257
475	0.05240173
476	0.05241295
477	0.05240104
478	0.05240631
479	0.05239416
480	0.05241428
481	0.05240861
482	0.05237931
483	0.05242866
484	0.05242466
485	0.05242763
486	0.05239636
487	0.05242383
488	0.05242090
489	0.05243027
490	0.05242890
491	0.05242962
492	0.05242665
493	0.05246157
494	0.05243720
495	0.05247248
496	0.05246325
497	0.05247298
498	0.05250632
499	0.05251545
500	0.05253750
501	0.05254601
502	0.05254091
503	0.05256074
504	0.05258215
505	0.05258752
506	0.05260328
507	0.05260373
508	0.05264297
509	0.05265564
510	0.05263399
511	0.05264487
512	0.05268097
513	0.05268772
514	0.05272954
515	0.05271382
516	0.05275398
517	0.05278095
518	0.05277909
519	0.05278494
520	0.05278259
521	0.05282883
522	0.05283308
523	0.05281890
524	0.05284999
525	0.05284206
526	0.05286540
527	0.05286464
528	0.05288320
529	0.05289374
530	0.05290342
531	0.05291788
532	0.05291152
533	0.05292443
534	0.05291891
535	0.05292843
536	0.05292850
537	0.05290746
538	0.05294295
539	0.05294662
540	0.05294070
541	0.05297478
542	0.05296280
543	0.05295878
544	0.05296057
545	0.05293654
546	0.05295563
547	0.05299474
548	0.05299356
549	0.05299310
550	0.05298967
551	0.05299537
552	0.05301336
553	0.05301813
554	0.05303422
555	0.05303996
556	0.05305988
557	0.05304498
558	0.05305601
559	0.05306895
560	0.05307524
561	0.05307911
562	0.05310484
563	0.05311962
564	0.05311254
565	0.05311758
566	0.05310591
567	0.05312449
568	0.05312541
569	0.05310017
570	0.05314732
571	0.05314278
572	0.05315166
573	0.05314492
574	0.05315224
575	0.05317295
576	0.05317385
577	0.05315477
578	0.05316047
579	0.05316274
580	0.05317615
581	0.05316802
582	0.05321688
583	0.05319546
584	0.05320003
585	0.05320635
586	0.05320339
587	0.05322461
588	0.05322705
589	0.05323465
590	0.05321771
591	0.05326181
592	0.05322731
593	0.05328871
594	0.05329673
595	0.05328048
596	0.05331285
597	0.05332114
598	0.05332508
599	0.05333417
600	0.05331892