	C:\Users\jkuzm\OneDrive - University of Massachusetts\HRSL x UMILL-PUMA Fatigue - Fatigue\Data\F01\FR3_static2.c3d _ImpedanceExport
	RTOE
	TARGET
	ORIGINAL
ITEM	Y
1	0.46035165
2	0.46033761
3	0.46032315
4	0.46033764
5	0.46036851
6	0.46035895
7	0.46037370
8	0.46037203
9	0.46036750
10	0.46036157
11	0.46038443
12	0.46038714
13	0.46038023
14	0.46038541
15	0.46038830
16	0.46039695
17	0.46043384
18	0.46041945
19	0.46041650
20	0.46043730
21	0.46043652
22	0.46043107
23	0.46043473
24	0.46045947
25	0.46045566
26	0.46045008
27	0.46046865
28	0.46047854
29	0.46049851
30	0.46050054
31	0.46049234
32	0.46047717
33	0.46050093
34	0.46049690
35	0.46051535
36	0.46049869
37	0.46051207
38	0.46050727
39	0.46050960
40	0.46050462
41	0.46050537
42	0.46050891
43	0.46051028
44	0.46051475
45	0.46052179
46	0.46053475
47	0.46053138
48	0.46053565
49	0.46055552
50	0.46055412
51	0.46056131
52	0.46056095
53	0.46055007
54	0.46057260
55	0.46055403
56	0.46056741
57	0.46057305
58	0.46056244
59	0.46056795
60	0.46057764
61	0.46057829
62	0.46057832
63	0.46057984
64	0.46055487
65	0.46059075
66	0.46058723
67	0.46057975
68	0.46058148
69	0.46057603
70	0.46060359
71	0.46061096
72	0.46060479
73	0.46058571
74	0.46060196
75	0.46059200
76	0.46059638
77	0.46059796
78	0.46059635
79	0.46062073
80	0.46060282
81	0.46062100
82	0.46062577
83	0.46063507
84	0.46062630
85	0.46062270
86	0.46061832
87	0.46061152
88	0.46060354
89	0.46062818
90	0.46061033
91	0.46063584
92	0.46061850
93	0.46062887
94	0.46061730
95	0.46062398
96	0.46063235
97	0.46064472
98	0.46062648
99	0.46061599
100	0.46063036
101	0.46062621
102	0.46062031
103	0.46063378
104	0.46063557
105	0.46063647
106	0.46064639
107	0.46063426
108	0.46065190
109	0.46063414
110	0.46064800
111	0.46063620
112	0.46063855
113	0.46063927
114	0.46064448
115	0.46065757
116	0.46065018
117	0.46065244
118	0.46065789
119	0.46065623
120	0.46064666
121	0.46067834
122	0.46067801
123	0.46068838
124	0.46070012
125	0.46073613
126	0.46072838
127	0.46073854
128	0.46074802
129	0.46076694
130	0.46076518
131	0.46075216
132	0.46075684
133	0.46076629
134	0.46076784
135	0.46076980
136	0.46079472
137	0.46080258
138	0.46080533
139	0.46079117
140	0.46077657
141	0.46078557
142	0.46080109
143	0.46080127
144	0.46081218
145	0.46079996
146	0.46082041
147	0.46083581
148	0.46085110
149	0.46084419
150	0.46085134
151	0.46084931
152	0.46086153
153	0.46087033
154	0.46089092
155	0.46090221
156	0.46091446
157	0.46090594
158	0.46094516
159	0.46092582
160	0.46094301
161	0.46094322
162	0.46096763
163	0.46094432
164	0.46095011
165	0.46096566
166	0.46097970
167	0.46095932
168	0.46096280
169	0.46099836
170	0.46098989
171	0.46101400
172	0.46100217
173	0.46103209
174	0.46103626
175	0.46100000
176	0.46099618
177	0.46101236
178	0.46103609
179	0.46100584
180	0.46105003
181	0.46105069
182	0.46105799
183	0.46104985
184	0.46103302
185	0.46102029
186	0.46103588
187	0.46103892
188	0.46105608
189	0.46104527
190	0.46104887
191	0.46105763
192	0.46105671
193	0.46107191
194	0.46107924
195	0.46107930
196	0.46109766
197	0.46110055
198	0.46109053
199	0.46110985
200	0.46111819
201	0.46112704
202	0.46111792
203	0.46112707
204	0.46114257
205	0.46113876
206	0.46116641
207	0.46118602
208	0.46118438
209	0.46117601
210	0.46118629
211	0.46117771
212	0.46118978
213	0.46121159
214	0.46121484
215	0.46121609
216	0.46121883
217	0.46122375
218	0.46120930
219	0.46123916
220	0.46123245
221	0.46123374
222	0.46124619
223	0.46124378
224	0.46128899
225	0.46126881
226	0.46129096
227	0.46128941
228	0.46129498
229	0.46130839
230	0.46130526
231	0.46131897
232	0.46132314
233	0.46133137
234	0.46133864
235	0.46136305
236	0.46135470
237	0.46137080
238	0.46136445
239	0.46138561
240	0.46137881
241	0.46141076
242	0.46139991
243	0.46139026
244	0.46141136
245	0.46139973
246	0.46141103
247	0.46140650
248	0.46141312
249	0.46141908
250	0.46140161
251	0.46141466
252	0.46140292
253	0.46139684
254	0.46139774
255	0.46141058
256	0.46139914
257	0.46144125
258	0.46141946
259	0.46141601
260	0.46143216
261	0.46141797
262	0.46144563
263	0.46143830
264	0.46145266
265	0.46144384
266	0.46144536
267	0.46143958
268	0.46147603
269	0.46145844
270	0.46146661
271	0.46147853
272	0.46146965
273	0.46148360
274	0.46147144
275	0.46147040
276	0.46149081
277	0.46147823
278	0.46149391
279	0.46149385
280	0.46149683
281	0.46150652
282	0.46151397
283	0.46152002
284	0.46151927
285	0.46152720
286	0.46154034
287	0.46156055
288	0.46157759
289	0.46157354
290	0.46158385
291	0.46160147
292	0.46159455
293	0.46161252
294	0.46161333
295	0.46159977
296	0.46163169
297	0.46162277
298	0.46162391
299	0.46161535
300	0.46163020
301	0.46165061
302	0.46165037
303	0.46166959
304	0.46166795
305	0.46166217
306	0.46167597
307	0.46165794
308	0.46167484
309	0.46168882
310	0.46168503
311	0.46170744
312	0.46168783
313	0.46171078
314	0.46173346
315	0.46173146
316	0.46174702
317	0.46174639
318	0.46173552
319	0.46173930
320	0.46174306
321	0.46176469
322	0.46176368
323	0.46177092
324	0.46177542
325	0.46179065
326	0.46176934
327	0.46180409
328	0.46179271
329	0.46177992
330	0.46178016
331	0.46178967
332	0.46177915
333	0.46179599
334	0.46180007
335	0.46181396
336	0.46182752
337	0.46182340
338	0.46184587
339	0.46183720
340	0.46185207
341	0.46184489
342	0.46185505
343	0.46186447
344	0.46187550
345	0.46187970
346	0.46190837
347	0.46192148
348	0.46192908
349	0.46191543
350	0.46192226
351	0.46194497
352	0.46192703
353	0.46192080
354	0.46194237
355	0.46194109
356	0.46196246
357	0.46197009
358	0.46197462
359	0.46198809
360	0.46198016
361	0.46197557
362	0.46197340
363	0.46197447
364	0.46196461
365	0.46198395
366	0.46197432
367	0.46198156
368	0.46200970
369	0.46200871
370	0.46200466
371	0.46201721
372	0.46202579
373	0.46203125
374	0.46202770
375	0.46204045
376	0.46204174
377	0.46204069
378	0.46204925
379	0.46205837
380	0.46208212
381	0.46206540
382	0.46206132
383	0.46205252
384	0.46207127
385	0.46207285
386	0.46208405
387	0.46207732
388	0.46206069
389	0.46208343
390	0.46207428
391	0.46207523
392	0.46209046
393	0.46208125
394	0.46207443
395	0.46208063
396	0.46209246
397	0.46207958
398	0.46208698
399	0.46207979
400	0.46207336
401	0.46210358
402	0.46206141
403	0.46210793
404	0.46209759
405	0.46210468
406	0.46210870
407	0.46210870
408	0.46210551
409	0.46209952
410	0.46209604
411	0.46212438
412	0.46211916
413	0.46211094
414	0.46213180
415	0.46211711
416	0.46211445
417	0.46211720
418	0.46211815
419	0.46212938
420	0.46212342
421	0.46210635
422	0.46213138
423	0.46212295
424	0.46212468
425	0.46210673
426	0.46214765
427	0.46213970
428	0.46213251
429	0.46212181
430	0.46209460
431	0.46211493
432	0.46211463
433	0.46211761
434	0.46211800
435	0.46211889
436	0.46212074
437	0.46214423
438	0.46211541
439	0.46211448
440	0.46211594
441	0.46210736
442	0.46211174
443	0.46211138
444	0.46210471
445	0.46211964
446	0.46214041
447	0.46214277
448	0.46213359
449	0.46211866
450	0.46211755
451	0.46210149
452	0.46210352
453	0.46210703
454	0.46209750
455	0.46210188
456	0.46209976
457	0.46210060
458	0.46211895
459	0.46207860
460	0.46208864
461	0.46206686
462	0.46207818
463	0.46207497
464	0.46206322
465	0.46204889
466	0.46207014
467	0.46205997
468	0.46206713
469	0.46207440
470	0.46206799
471	0.46204129
472	0.46205795
473	0.46204138
474	0.46203393
475	0.46204588
476	0.46202764
477	0.46204835
478	0.46203715
479	0.46204776
480	0.46202224
481	0.46204564
482	0.46202201
483	0.46203125
484	0.46201918
485	0.46201980
486	0.46203032
487	0.46201220
488	0.46202141
489	0.46203065
490	0.46200395
491	0.46200740
492	0.46199682
493	0.46201542
494	0.46197519
495	0.46198708
496	0.46197376
497	0.46195805
498	0.46195987
499	0.46195215
500	0.46195164
501	0.46196735
502	0.46194726
503	0.46193835
504	0.46191436
505	0.46190551
506	0.46188670
507	0.46186548
508	0.46184608
509	0.46183640
510	0.46180910
511	0.46179467
512	0.46177444
513	0.46174026
514	0.46170306
515	0.46166971
516	0.46163642
517	0.46157196
518	0.46152359
519	0.46146739
520	0.46144214
521	0.46139213
522	0.46134302
523	0.46131802
524	0.46127653
525	0.46125191
526	0.46122903
527	0.46121019
528	0.46116424
529	0.46113288
530	0.46113873
531	0.46112308
532	0.46109691
533	0.46109420
534	0.46107295
535	0.46106547
536	0.46104532
537	0.46105921
538	0.46104166
539	0.46103096
540	0.46101433
541	0.46098930
542	0.46097794
543	0.46097419
544	0.46097630
545	0.46092835
546	0.46095476
547	0.46091926
548	0.46090439
549	0.46087599
550	0.46084520
551	0.46081173
552	0.46079090
553	0.46073383
554	0.46073091
555	0.46071136
556	0.46069089
557	0.46068984
558	0.46068406
559	0.46069321
560	0.46066481
561	0.46070194
562	0.46067700
563	0.46068099
564	0.46070212
565	0.46070203
566	0.46070594
567	0.46071443
568	0.46071923
569	0.46072960
570	0.46071523
571	0.46072349
572	0.46070340
573	0.46072108
574	0.46072885
575	0.46071178
576	0.46071672
577	0.46071520
578	0.46072629
579	0.46073726
580	0.46074009
581	0.46073627
582	0.46073520
583	0.46072477
584	0.46070695
585	0.46071181
586	0.46070001
587	0.46069375
588	0.46068424
589	0.46067658
590	0.46068946
591	0.46068099
592	0.46069455
593	0.46067637
594	0.46067390
595	0.46064621
596	0.46064767
597	0.46064967
598	0.46064469
599	0.46063671
600	0.46064201