	C:\Users\jkuzm\OneDrive - University of Massachusetts\HRSL x UMILL-PUMA Fatigue - Fatigue\Data\F01\FR3_static2.c3d _ImpedanceExport
	RCAL3
	TARGET
	ORIGINAL
ITEM	Y
1	0.21479346
2	0.21479180
3	0.21477817
4	0.21480070
5	0.21477488
6	0.21476534
7	0.21476787
8	0.21475139
9	0.21477488
10	0.21475092
11	0.21475747
12	0.21476626
13	0.21471494
14	0.21476257
15	0.21475247
16	0.21477734
17	0.21474364
18	0.21477214
19	0.21478163
20	0.21476483
21	0.21477357
22	0.21477745
23	0.21476272
24	0.21477191
25	0.21479660
26	0.21477969
27	0.21479706
28	0.21480839
29	0.21481550
30	0.21478958
31	0.21480498
32	0.21477856
33	0.21481003
34	0.21479280
35	0.21480538
36	0.21480730
37	0.21480672
38	0.21478015
39	0.21479201
40	0.21480189
41	0.21479292
42	0.21480313
43	0.21480404
44	0.21480688
45	0.21481280
46	0.21479794
47	0.21480091
48	0.21481438
49	0.21481003
50	0.21482407
51	0.21483831
52	0.21481037
53	0.21482830
54	0.21483073
55	0.21481770
56	0.21482357
57	0.21480879
58	0.21480818
59	0.21482201
60	0.21480194
61	0.21484308
62	0.21482790
63	0.21481119
64	0.21481495
65	0.21478942
66	0.21481854
67	0.21481143
68	0.21483046
69	0.21481514
70	0.21482043
71	0.21482432
72	0.21484371
73	0.21484643
74	0.21483862
75	0.21484673
76	0.21483365
77	0.21481264
78	0.21485348
79	0.21481194
80	0.21482062
81	0.21481980
82	0.21482533
83	0.21484482
84	0.21486041
85	0.21485637
86	0.21483882
87	0.21484323
88	0.21483095
89	0.21483883
90	0.21483169
91	0.21483913
92	0.21486010
93	0.21483870
94	0.21483177
95	0.21482669
96	0.21483085
97	0.21482927
98	0.21483955
99	0.21483594
100	0.21483117
101	0.21483342
102	0.21485686
103	0.21482229
104	0.21484834
105	0.21483928
106	0.21486340
107	0.21482068
108	0.21483310
109	0.21483608
110	0.21484527
111	0.21483105
112	0.21485855
113	0.21481515
114	0.21482129
115	0.21485081
116	0.21482670
117	0.21485628
118	0.21482871
119	0.21483617
120	0.21484086
121	0.21483305
122	0.21482900
123	0.21483777
124	0.21484321
125	0.21485865
126	0.21488595
127	0.21486759
128	0.21487930
129	0.21486244
130	0.21489193
131	0.21486564
132	0.21489066
133	0.21490037
134	0.21489033
135	0.21488057
136	0.21491152
137	0.21490173
138	0.21490006
139	0.21490599
140	0.21493591
141	0.21491833
142	0.21491641
143	0.21491247
144	0.21491829
145	0.21492408
146	0.21490008
147	0.21492514
148	0.21493347
149	0.21492724
150	0.21493991
151	0.21494816
152	0.21495165
153	0.21496153
154	0.21495467
155	0.21497470
156	0.21496823
157	0.21498054
158	0.21499817
159	0.21495177
160	0.21500668
161	0.21497360
162	0.21499583
163	0.21497577
164	0.21496852
165	0.21498036
166	0.21498308
167	0.21497864
168	0.21497442
169	0.21498042
170	0.21499301
171	0.21502057
172	0.21500464
173	0.21501529
174	0.21500012
175	0.21503450
176	0.21501213
177	0.21499872
178	0.21501498
179	0.21502465
180	0.21503006
181	0.21501504
182	0.21501675
183	0.21503790
184	0.21502988
185	0.21502057
186	0.21504121
187	0.21502328
188	0.21501572
189	0.21503480
190	0.21502304
191	0.21502852
192	0.21501654
193	0.21503426
194	0.21502689
195	0.21505822
196	0.21504389
197	0.21502680
198	0.21501736
199	0.21506600
200	0.21506353
201	0.21506280
202	0.21507727
203	0.21506485
204	0.21505636
205	0.21504848
206	0.21506643
207	0.21507435
208	0.21508735
209	0.21508852
210	0.21507369
211	0.21509188
212	0.21510203
213	0.21508384
214	0.21507841
215	0.21512897
216	0.21507894
217	0.21511388
218	0.21508332
219	0.21512628
220	0.21510224
221	0.21510480
222	0.21509591
223	0.21509708
224	0.21509959
225	0.21513902
226	0.21512991
227	0.21515065
228	0.21514131
229	0.21515179
230	0.21514106
231	0.21515054
232	0.21516697
233	0.21514410
234	0.21515940
235	0.21517634
236	0.21516965
237	0.21514513
238	0.21517199
239	0.21519142
240	0.21519630
241	0.21518555
242	0.21520121
243	0.21516812
244	0.21515670
245	0.21520932
246	0.21518171
247	0.21519461
248	0.21519940
249	0.21519043
250	0.21519977
251	0.21521397
252	0.21519127
253	0.21521834
254	0.21520106
255	0.21519241
256	0.21521118
257	0.21522674
258	0.21521577
259	0.21522243
260	0.21522012
261	0.21524543
262	0.21521258
263	0.21521194
264	0.21521623
265	0.21522097
266	0.21521221
267	0.21521087
268	0.21522298
269	0.21522884
270	0.21523964
271	0.21526943
272	0.21525899
273	0.21526715
274	0.21523312
275	0.21525811
276	0.21525756
277	0.21524680
278	0.21524370
279	0.21526171
280	0.21526138
281	0.21524028
282	0.21527922
283	0.21524805
284	0.21527101
285	0.21526192
286	0.21528286
287	0.21526524
288	0.21530390
289	0.21529432
290	0.21530673
291	0.21531464
292	0.21532036
293	0.21533041
294	0.21530989
295	0.21531706
296	0.21533215
297	0.21531060
298	0.21534956
299	0.21531548
300	0.21533008
301	0.21535599
302	0.21535295
303	0.21534911
304	0.21535577
305	0.21535660
306	0.21534173
307	0.21534050
308	0.21534458
309	0.21537647
310	0.21534947
311	0.21534076
312	0.21537870
313	0.21537603
314	0.21539061
315	0.21536921
316	0.21539921
317	0.21540253
318	0.21538968
319	0.21539940
320	0.21535856
321	0.21539892
322	0.21539690
323	0.21539204
324	0.21539491
325	0.21539274
326	0.21542875
327	0.21541777
328	0.21542256
329	0.21543232
330	0.21539778
331	0.21543343
332	0.21540904
333	0.21541488
334	0.21543878
335	0.21541642
336	0.21542166
337	0.21541819
338	0.21545328
339	0.21542102
340	0.21544831
341	0.21546295
342	0.21543950
343	0.21547301
344	0.21546890
345	0.21549135
346	0.21547924
347	0.21550177
348	0.21550207
349	0.21549523
350	0.21547833
351	0.21548569
352	0.21550110
353	0.21547972
354	0.21552224
355	0.21548922
356	0.21550669
357	0.21550992
358	0.21551824
359	0.21552451
360	0.21551834
361	0.21553995
362	0.21551876
363	0.21549337
364	0.21553831
365	0.21554583
366	0.21551836
367	0.21553200
368	0.21554856
369	0.21555398
370	0.21554862
371	0.21554177
372	0.21556744
373	0.21557412
374	0.21557584
375	0.21559611
376	0.21556328
377	0.21558848
378	0.21557289
379	0.21558754
380	0.21560495
381	0.21562511
382	0.21560766
383	0.21559839
384	0.21559624
385	0.21560445
386	0.21560054
387	0.21559456
388	0.21558976
389	0.21561800
390	0.21559685
391	0.21561939
392	0.21559910
393	0.21560112
394	0.21559565
395	0.21560170
396	0.21560167
397	0.21560840
398	0.21557786
399	0.21561363
400	0.21559329
401	0.21562326
402	0.21562402
403	0.21562101
404	0.21562301
405	0.21562535
406	0.21560888
407	0.21560527
408	0.21559677
409	0.21559845
410	0.21560541
411	0.21560921
412	0.21557832
413	0.21560694
414	0.21560574
415	0.21560162
416	0.21560113
417	0.21559629
418	0.21560705
419	0.21560575
420	0.21561030
421	0.21559006
422	0.21562624
423	0.21561925
424	0.21562105
425	0.21560262
426	0.21558598
427	0.21560517
428	0.21560335
429	0.21558650
430	0.21562067
431	0.21560685
432	0.21559398
433	0.21561220
434	0.21560521
435	0.21561968
436	0.21560511
437	0.21559824
438	0.21559769
439	0.21561053
440	0.21561688
441	0.21558656
442	0.21558952
443	0.21559784
444	0.21558072
445	0.21560451
446	0.21560229
447	0.21561718
448	0.21563098
449	0.21563314
450	0.21560819
451	0.21562394
452	0.21559061
453	0.21560392
454	0.21557249
455	0.21561235
456	0.21560742
457	0.21558662
458	0.21557811
459	0.21557561
460	0.21558169
461	0.21555991
462	0.21555820
463	0.21557377
464	0.21558066
465	0.21556623
466	0.21557729
467	0.21558605
468	0.21557789
469	0.21559481
470	0.21558645
471	0.21554151
472	0.21555252
473	0.21554354
474	0.21553838
475	0.21555451
476	0.21555114
477	0.21555230
478	0.21554023
479	0.21552260
480	0.21555586
481	0.21555924
482	0.21551895
483	0.21554431
484	0.21554706
485	0.21551678
486	0.21551089
487	0.21549506
488	0.21552150
489	0.21553378
490	0.21552013
491	0.21551415
492	0.21551250
493	0.21551542
494	0.21550938
495	0.21550004
496	0.21551000
497	0.21549520
498	0.21549527
499	0.21549292
500	0.21547721
501	0.21546650
502	0.21548547
503	0.21548791
504	0.21548039
505	0.21544635
506	0.21546026
507	0.21543510
508	0.21541792
509	0.21544330
510	0.21542189
511	0.21538296
512	0.21540450
513	0.21538885
514	0.21533874
515	0.21534131
516	0.21532345
517	0.21529984
518	0.21528383
519	0.21525769
520	0.21523787
521	0.21518239
522	0.21520868
523	0.21515094
524	0.21517390
525	0.21515560
526	0.21510865
527	0.21511887
528	0.21506646
529	0.21506500
530	0.21504977
531	0.21505143
532	0.21505770
533	0.21507640
534	0.21503891
535	0.21503280
536	0.21504863
537	0.21504824
538	0.21502410
539	0.21502629
540	0.21502234
541	0.21498717
542	0.21497609
543	0.21499695
544	0.21502991
545	0.21500316
546	0.21504293
547	0.21499878
548	0.21496654
549	0.21492457
550	0.21494007
551	0.21492419
552	0.21491894
553	0.21491003
554	0.21489130
555	0.21487294
556	0.21488290
557	0.21486695
558	0.21487896
559	0.21485758
560	0.21486942
561	0.21485552
562	0.21487138
563	0.21487349
564	0.21487729
565	0.21487671
566	0.21488877
567	0.21489482
568	0.21490660
569	0.21490879
570	0.21488248
571	0.21487503
572	0.21488836
573	0.21488869
574	0.21488152
575	0.21488950
576	0.21487907
577	0.21487120
578	0.21489096
579	0.21488151
580	0.21489382
581	0.21486461
582	0.21489349
583	0.21488322
584	0.21487652
585	0.21486068
586	0.21485704
587	0.21486582
588	0.21485315
589	0.21484254
590	0.21485350
591	0.21485211
592	0.21485712
593	0.21484928
594	0.21484379
595	0.21484214
596	0.21482629
597	0.21481934
598	0.21481904
599	0.21483251
600	0.21486063