	C:\Users\jkuzm\OneDrive - University of Massachusetts\HRSL x UMILL-PUMA Fatigue - Fatigue\Data\F01\FR3_static2.c3d _ImpedanceExport
	LCAL1
	TARGET
	ORIGINAL
ITEM	X
1	0.14676455
2	0.14677201
3	0.14676923
4	0.14687030
5	0.14685360
6	0.14688888
7	0.14687616
8	0.14686756
9	0.14685977
10	0.14687869
11	0.14686733
12	0.14685425
13	0.14684075
14	0.14686415
15	0.14684707
16	0.14684959
17	0.14684890
18	0.14683734
19	0.14685136
20	0.14681773
21	0.14682314
22	0.14681639
23	0.14680086
24	0.14680406
25	0.14683671
26	0.14682315
27	0.14683028
28	0.14680447
29	0.14685945
30	0.14683987
31	0.14684547
32	0.14685187
33	0.14685254
34	0.14685655
35	0.14684999
36	0.14684774
37	0.14687711
38	0.14685179
39	0.14684764
40	0.14685911
41	0.14684194
42	0.14685543
43	0.14683707
44	0.14684136
45	0.14682607
46	0.14682251
47	0.14683437
48	0.14684258
49	0.14681059
50	0.14684831
51	0.14685187
52	0.14681345
53	0.14683022
54	0.14685467
55	0.14682943
56	0.14684297
57	0.14684522
58	0.14684124
59	0.14686079
60	0.14684676
61	0.14686200
62	0.14684793
63	0.14686584
64	0.14685865
65	0.14683694
66	0.14682791
67	0.14684595
68	0.14683923
69	0.14684062
70	0.14686175
71	0.14683993
72	0.14685996
73	0.14684831
74	0.14684542
75	0.14682865
76	0.14686331
77	0.14685297
78	0.14687002
79	0.14689858
80	0.14687786
81	0.14686330
82	0.14688507
83	0.14688547
84	0.14686163
85	0.14688469
86	0.14689045
87	0.14688209
88	0.14691733
89	0.14691134
90	0.14689919
91	0.14689951
92	0.14688633
93	0.14688052
94	0.14688596
95	0.14689811
96	0.14688697
97	0.14688671
98	0.14690319
99	0.14687352
100	0.14688683
101	0.14691584
102	0.14687046
103	0.14688562
104	0.14690606
105	0.14691693
106	0.14689994
107	0.14688632
108	0.14691664
109	0.14688903
110	0.14691009
111	0.14692545
112	0.14688864
113	0.14689203
114	0.14687701
115	0.14687559
116	0.14688021
117	0.14688340
118	0.14686121
119	0.14688000
120	0.14691468
121	0.14686576
122	0.14689857
123	0.14689754
124	0.14691223
125	0.14690591
126	0.14691752
127	0.14693041
128	0.14690171
129	0.14693479
130	0.14696343
131	0.14695188
132	0.14694005
133	0.14695176
134	0.14694096
135	0.14694871
136	0.14691736
137	0.14693457
138	0.14692935
139	0.14695114
140	0.14692409
141	0.14690608
142	0.14690703
143	0.14690514
144	0.14692384
145	0.14689611
146	0.14690207
147	0.14692649
148	0.14689109
149	0.14688940
150	0.14690231
151	0.14691783
152	0.14690293
153	0.14692464
154	0.14691940
155	0.14691289
156	0.14690983
157	0.14688519
158	0.14690858
159	0.14687298
160	0.14693230
161	0.14692873
162	0.14691196
163	0.14689921
164	0.14693221
165	0.14689307
166	0.14689565
167	0.14691830
168	0.14689650
169	0.14691977
170	0.14689891
171	0.14693181
172	0.14690414
173	0.14688088
174	0.14691675
175	0.14692047
176	0.14688611
177	0.14689316
178	0.14691469
179	0.14694245
180	0.14692870
181	0.14691916
182	0.14695241
183	0.14695510
184	0.14695016
185	0.14695196
186	0.14695932
187	0.14697061
188	0.14695050
189	0.14697252
190	0.14696738
191	0.14698215
192	0.14701290
193	0.14697011
194	0.14696588
195	0.14695953
196	0.14699118
197	0.14696975
198	0.14695022
199	0.14695080
200	0.14690989
201	0.14694813
202	0.14696220
203	0.14693250
204	0.14696831
205	0.14697143
206	0.14698583
207	0.14698645
208	0.14696719
209	0.14697132
210	0.14698173
211	0.14697881
212	0.14699039
213	0.14700110
214	0.14699459
215	0.14698197
216	0.14696915
217	0.14699410
218	0.14697939
219	0.14700229
220	0.14702414
221	0.14701748
222	0.14701593
223	0.14699115
224	0.14699221
225	0.14698090
226	0.14700660
227	0.14697510
228	0.14699617
229	0.14698087
230	0.14701150
231	0.14694323
232	0.14696781
233	0.14694956
234	0.14696695
235	0.14695348
236	0.14697684
237	0.14693467
238	0.14697365
239	0.14693834
240	0.14697523
241	0.14699338
242	0.14693929
243	0.14700021
244	0.14698721
245	0.14694333
246	0.14696842
247	0.14698428
248	0.14697471
249	0.14696211
250	0.14699525
251	0.14695783
252	0.14695133
253	0.14696980
254	0.14695485
255	0.14697492
256	0.14696795
257	0.14696391
258	0.14697176
259	0.14695163
260	0.14696306
261	0.14696403
262	0.14692481
263	0.14696938
264	0.14694007
265	0.14694719
266	0.14691821
267	0.14691423
268	0.14690642
269	0.14690219
270	0.14692071
271	0.14691396
272	0.14688341
273	0.14692838
274	0.14687708
275	0.14689496
276	0.14689074
277	0.14686427
278	0.14687303
279	0.14685284
280	0.14687149
281	0.14691260
282	0.14685130
283	0.14683497
284	0.14685668
285	0.14684826
286	0.14682534
287	0.14683157
288	0.14685194
289	0.14683947
290	0.14682254
291	0.14682911
292	0.14684260
293	0.14686035
294	0.14685088
295	0.14684865
296	0.14681511
297	0.14683029
298	0.14683956
299	0.14680162
300	0.14678054
301	0.14682043
302	0.14683777
303	0.14677711
304	0.14679919
305	0.14678793
306	0.14678955
307	0.14679694
308	0.14679222
309	0.14678060
310	0.14674823
311	0.14676340
312	0.14678818
313	0.14676031
314	0.14677809
315	0.14677498
316	0.14676833
317	0.14677685
318	0.14678654
319	0.14677741
320	0.14677982
321	0.14677522
322	0.14678037
323	0.14675336
324	0.14680642
325	0.14679737
326	0.14675401
327	0.14675505
328	0.14675540
329	0.14679569
330	0.14677869
331	0.14679268
332	0.14677271
333	0.14678043
334	0.14678052
335	0.14678456
336	0.14677654
337	0.14675520
338	0.14676692
339	0.14676632
340	0.14675213
341	0.14676227
342	0.14677231
343	0.14675233
344	0.14675942
345	0.14674667
346	0.14675586
347	0.14675318
348	0.14676102
349	0.14676492
350	0.14679015
351	0.14676508
352	0.14675994
353	0.14677209
354	0.14677930
355	0.14678335
356	0.14679225
357	0.14676738
358	0.14679983
359	0.14679924
360	0.14680389
361	0.14676866
362	0.14675745
363	0.14677085
364	0.14679749
365	0.14676298
366	0.14678094
367	0.14678463
368	0.14676312
369	0.14675041
370	0.14674848
371	0.14675722
372	0.14675459
373	0.14677170
374	0.14677797
375	0.14676028
376	0.14678405
377	0.14678998
378	0.14676534
379	0.14678591
380	0.14679620
381	0.14677678
382	0.14678171
383	0.14678204
384	0.14677984
385	0.14678630
386	0.14677200
387	0.14679101
388	0.14677571
389	0.14678569
390	0.14676754
391	0.14678419
392	0.14679725
393	0.14679876
394	0.14678642
395	0.14679292
396	0.14680679
397	0.14678432
398	0.14678404
399	0.14680369
400	0.14678852
401	0.14680006
402	0.14677635
403	0.14679857
404	0.14676887
405	0.14680637
406	0.14681016
407	0.14677988
408	0.14676683
409	0.14680186
410	0.14677286
411	0.14679766
412	0.14678684
413	0.14677650
414	0.14677995
415	0.14678423
416	0.14679772
417	0.14675593
418	0.14677903
419	0.14678007
420	0.14676376
421	0.14677352
422	0.14675252
423	0.14676620
424	0.14676872
425	0.14675872
426	0.14676438
427	0.14675501
428	0.14677146
429	0.14673790
430	0.14674765
431	0.14675888
432	0.14676166
433	0.14677353
434	0.14678486
435	0.14677055
436	0.14677073
437	0.14679830
438	0.14679094
439	0.14679523
440	0.14678232
441	0.14679502
442	0.14678712
443	0.14677660
444	0.14677949
445	0.14677249
446	0.14674631
447	0.14676522
448	0.14676000
449	0.14673653
450	0.14674060
451	0.14675297
452	0.14676474
453	0.14677911
454	0.14676732
455	0.14675941
456	0.14677472
457	0.14677130
458	0.14676230
459	0.14678009
460	0.14675756
461	0.14678659
462	0.14677912
463	0.14678062
464	0.14676343
465	0.14676701
466	0.14677045
467	0.14674468
468	0.14677390
469	0.14677978
470	0.14674802
471	0.14675587
472	0.14678639
473	0.14676380
474	0.14676967
475	0.14678228
476	0.14678621
477	0.14676684
478	0.14677854
479	0.14679091
480	0.14678633
481	0.14675681
482	0.14677435
483	0.14677174
484	0.14677542
485	0.14676930
486	0.14676769
487	0.14675076
488	0.14678083
489	0.14676182
490	0.14675690
491	0.14675590
492	0.14676477
493	0.14677188
494	0.14677052
495	0.14678580
496	0.14677960
497	0.14677054
498	0.14678653
499	0.14677620
500	0.14678597
501	0.14677629
502	0.14676525
503	0.14676699
504	0.14678332
505	0.14677785
506	0.14676993
507	0.14676809
508	0.14675574
509	0.14678983
510	0.14678551
511	0.14679490
512	0.14678042
513	0.14677753
514	0.14678843
515	0.14677632
516	0.14676948
517	0.14678067
518	0.14677294
519	0.14675921
520	0.14679450
521	0.14679001
522	0.14682099
523	0.14677644
524	0.14677462
525	0.14678271
526	0.14679638
527	0.14675941
528	0.14674325
529	0.14676008
530	0.14674816
531	0.14671372
532	0.14671560
533	0.14671479
534	0.14671984
535	0.14673708
536	0.14673936
537	0.14675090
538	0.14670970
539	0.14674842
540	0.14671609
541	0.14672889
542	0.14670351
543	0.14671688
544	0.14672829
545	0.14674610
546	0.14672671
547	0.14672573
548	0.14674479
549	0.14674874
550	0.14673184
551	0.14672102
552	0.14674155
553	0.14676510
554	0.14674127
555	0.14674111
556	0.14675163
557	0.14673644
558	0.14673083
559	0.14675465
560	0.14674111
561	0.14672583
562	0.14675064
563	0.14676388
564	0.14677218
565	0.14677973
566	0.14676672
567	0.14679135
568	0.14679946
569	0.14680701
570	0.14685015
571	0.14684017
572	0.14684148
573	0.14683664
574	0.14690195
575	0.14687815
576	0.14686018
577	0.14686599
578	0.14691183
579	0.14691088
580	0.14690433
581	0.14690086
582	0.14694354
583	0.14691499
584	0.14688572
585	0.14691138
586	0.14688368
587	0.14691195
588	0.14689474
589	0.14691588
590	0.14688233
591	0.14689286
592	0.14691012
593	0.14686939
594	0.14684653
595	0.14686711
596	0.14686231
597	0.14685954
598	0.14685391
599	0.14686637
600	0.14685313