	C:\Users\jkuzm\OneDrive - University of Massachusetts\HRSL x UMILL-PUMA Fatigue - Fatigue\Data\F01\FR3_static2.c3d _ImpedanceExport
	RMT1H
	TARGET
	ORIGINAL
ITEM	X
1	0.36557624
2	0.36557284
3	0.36556903
4	0.36599517
5	0.36590001
6	0.36587146
7	0.36586437
8	0.36583352
9	0.36585388
10	0.36585358
11	0.36585832
12	0.36583525
13	0.36581504
14	0.36581591
15	0.36582142
16	0.36580038
17	0.36580968
18	0.36579725
19	0.36581329
20	0.36580434
21	0.36579043
22	0.36578932
23	0.36579657
24	0.36578721
25	0.36577120
26	0.36577708
27	0.36578223
28	0.36577165
29	0.36578238
30	0.36576203
31	0.36575848
32	0.36576566
33	0.36573988
34	0.36575273
35	0.36575237
36	0.36576506
37	0.36576462
38	0.36573723
39	0.36574429
40	0.36575225
41	0.36575803
42	0.36575913
43	0.36573604
44	0.36576602
45	0.36574727
46	0.36575535
47	0.36575016
48	0.36574560
49	0.36575586
50	0.36575985
51	0.36576000
52	0.36575115
53	0.36576173
54	0.36575520
55	0.36574760
56	0.36574703
57	0.36574647
58	0.36575237
59	0.36574471
60	0.36574984
61	0.36575523
62	0.36575216
63	0.36574665
64	0.36575025
65	0.36572814
66	0.36573610
67	0.36572981
68	0.36573535
69	0.36573201
70	0.36572450
71	0.36572021
72	0.36573333
73	0.36572462
74	0.36572778
75	0.36572695
76	0.36572269
77	0.36572680
78	0.36570498
79	0.36572078
80	0.36572465
81	0.36572602
82	0.36572167
83	0.36573330
84	0.36572960
85	0.36573428
86	0.36572883
87	0.36573359
88	0.36571845
89	0.36570621
90	0.36570162
91	0.36572352
92	0.36570957
93	0.36572039
94	0.36571980
95	0.36573765
96	0.36571777
97	0.36572829
98	0.36571464
99	0.36571091
100	0.36570138
101	0.36570072
102	0.36569807
103	0.36569053
104	0.36568740
105	0.36570251
106	0.36568919
107	0.36567721
108	0.36569032
109	0.36569855
110	0.36569914
111	0.36569679
112	0.36568272
113	0.36570325
114	0.36567226
115	0.36569226
116	0.36568144
117	0.36568847
118	0.36568293
119	0.36567804
120	0.36568108
121	0.36568010
122	0.36567828
123	0.36567822
124	0.36566305
125	0.36567661
126	0.36565122
127	0.36565301
128	0.36566657
129	0.36566877
130	0.36566937
131	0.36566389
132	0.36569068
133	0.36567873
134	0.36568138
135	0.36568230
136	0.36568174
137	0.36567077
138	0.36566922
139	0.36567003
140	0.36565766
141	0.36565998
142	0.36564505
143	0.36564621
144	0.36565042
145	0.36561885
146	0.36563280
147	0.36563137
148	0.36564106
149	0.36562970
150	0.36563319
151	0.36564568
152	0.36563215
153	0.36563581
154	0.36563620
155	0.36562464
156	0.36562884
157	0.36564645
158	0.36562726
159	0.36563429
160	0.36563653
161	0.36563447
162	0.36563706
163	0.36564225
164	0.36563078
165	0.36564487
166	0.36564657
167	0.36564818
168	0.36566430
169	0.36564323
170	0.36564702
171	0.36564985
172	0.36564639
173	0.36563921
174	0.36563516
175	0.36563271
176	0.36564296
177	0.36563984
178	0.36562043
179	0.36563420
180	0.36563757
181	0.36563408
182	0.36563632
183	0.36565307
184	0.36564332
185	0.36564195
186	0.36564371
187	0.36564454
188	0.36563155
189	0.36561799
190	0.36564448
191	0.36564159
192	0.36563978
193	0.36564615
194	0.36565372
195	0.36565617
196	0.36565173
197	0.36565807
198	0.36565700
199	0.36566490
200	0.36565897
201	0.36564124
202	0.36564997
203	0.36565965
204	0.36566019
205	0.36565399
206	0.36567229
207	0.36566418
208	0.36570948
209	0.36565799
210	0.36565125
211	0.36570662
212	0.36565435
213	0.36566517
214	0.36570019
215	0.36569694
216	0.36565739
217	0.36565784
218	0.36564893
219	0.36564690
220	0.36565024
221	0.36566019
222	0.36564609
223	0.36564210
224	0.36570039
225	0.36563966
226	0.36570159
227	0.36564898
228	0.36563092
229	0.36569384
230	0.36562687
231	0.36568418
232	0.36569771
233	0.36568135
234	0.36567652
235	0.36566177
236	0.36568207
237	0.36568698
238	0.36568600
239	0.36567760
240	0.36567998
241	0.36566740
242	0.36567470
243	0.36568969
244	0.36568373
245	0.36562723
246	0.36568928
247	0.36569113
248	0.36569387
249	0.36569747
250	0.36569062
251	0.36570841
252	0.36569679
253	0.36568111
254	0.36569086
255	0.36569899
256	0.36567870
257	0.36567101
258	0.36566913
259	0.36566910
260	0.36569306
261	0.36568385
262	0.36567611
263	0.36568198
264	0.36568666
265	0.36568579
266	0.36567658
267	0.36567968
268	0.36567608
269	0.36568555
270	0.36569387
271	0.36567888
272	0.36568356
273	0.36568615
274	0.36569595
275	0.36569634
276	0.36569220
277	0.36569622
278	0.36567527
279	0.36568931
280	0.36568943
281	0.36569393
282	0.36569977
283	0.36568779
284	0.36568707
285	0.36569268
286	0.36566579
287	0.36567992
288	0.36568764
289	0.36566299
290	0.36564788
291	0.36566758
292	0.36569014
293	0.36568078
294	0.36566561
295	0.36565584
296	0.36567470
297	0.36566645
298	0.36568248
299	0.36568800
300	0.36567798
301	0.36568767
302	0.36567008
303	0.36568096
304	0.36569247
305	0.36567789
306	0.36565956
307	0.36568174
308	0.36569434
309	0.36567867
310	0.36565652
311	0.36566254
312	0.36567336
313	0.36566547
314	0.36567435
315	0.36566493
316	0.36566782
317	0.36566529
318	0.36568636
319	0.36566898
320	0.36567464
321	0.36569029
322	0.36570662
323	0.36569190
324	0.36568207
325	0.36569902
326	0.36571360
327	0.36571649
328	0.36569139
329	0.36570686
330	0.36570847
331	0.36572930
332	0.36570311
333	0.36569601
334	0.36571318
335	0.36569539
336	0.36571127
337	0.36570793
338	0.36570591
339	0.36569154
340	0.36569685
341	0.36570001
342	0.36570784
343	0.36571226
344	0.36570156
345	0.36569896
346	0.36572614
347	0.36571103
348	0.36570233
349	0.36571759
350	0.36571097
351	0.36571029
352	0.36570892
353	0.36571032
354	0.36570841
355	0.36573157
356	0.36573067
357	0.36572203
358	0.36572295
359	0.36571380
360	0.36572781
361	0.36570320
362	0.36570910
363	0.36570561
364	0.36570555
365	0.36571491
366	0.36570904
367	0.36571574
368	0.36573610
369	0.36570156
370	0.36569259
371	0.36570060
372	0.36569700
373	0.36569366
374	0.36570108
375	0.36569145
376	0.36568925
377	0.36570543
378	0.36571726
379	0.36570820
380	0.36569279
381	0.36569560
382	0.36570719
383	0.36571249
384	0.36569965
385	0.36570543
386	0.36570123
387	0.36570507
388	0.36571831
389	0.36572415
390	0.36571187
391	0.36572716
392	0.36570570
393	0.36568967
394	0.36570093
395	0.36570302
396	0.36570764
397	0.36570802
398	0.36570618
399	0.36570501
400	0.36572278
401	0.36570802
402	0.36571255
403	0.36570492
404	0.36573920
405	0.36570996
406	0.36572543
407	0.36572364
408	0.36572224
409	0.36572760
410	0.36574492
411	0.36571538
412	0.36569494
413	0.36569279
414	0.36570194
415	0.36569595
416	0.36570629
417	0.36570039
418	0.36569616
419	0.36572051
420	0.36570871
421	0.36569440
422	0.36571512
423	0.36569667
424	0.36571702
425	0.36571988
426	0.36571673
427	0.36571795
428	0.36571011
429	0.36571452
430	0.36572909
431	0.36572260
432	0.36573544
433	0.36570707
434	0.36572108
435	0.36574104
436	0.36570993
437	0.36572444
438	0.36571255
439	0.36570352
440	0.36572444
441	0.36571696
442	0.36572626
443	0.36572105
444	0.36572179
445	0.36573079
446	0.36573011
447	0.36570248
448	0.36571246
449	0.36570880
450	0.36571851
451	0.36573106
452	0.36574093
453	0.36572695
454	0.36571348
455	0.36572343
456	0.36570093
457	0.36570421
458	0.36573738
459	0.36574152
460	0.36572132
461	0.36571515
462	0.36572856
463	0.36572152
464	0.36571300
465	0.36572120
466	0.36571270
467	0.36571643
468	0.36573920
469	0.36569798
470	0.36570257
471	0.36572167
472	0.36570624
473	0.36571196
474	0.36571744
475	0.36570013
476	0.36570108
477	0.36570588
478	0.36570498
479	0.36569989
480	0.36570102
481	0.36569816
482	0.36570546
483	0.36570540
484	0.36570507
485	0.36569697
486	0.36569759
487	0.36568913
488	0.36569607
489	0.36570480
490	0.36570659
491	0.36569244
492	0.36570328
493	0.36572632
494	0.36572251
495	0.36570755
496	0.36571372
497	0.36570343
498	0.36572626
499	0.36571068
500	0.36572075
501	0.36571401
502	0.36570406
503	0.36572814
504	0.36573732
505	0.36573771
506	0.36574587
507	0.36576304
508	0.36573505
509	0.36575750
510	0.36576402
511	0.36573943
512	0.36575225
513	0.36577275
514	0.36576357
515	0.36576527
516	0.36581978
517	0.36578867
518	0.36581275
519	0.36580470
520	0.36579299
521	0.36580727
522	0.36580959
523	0.36579192
524	0.36581317
525	0.36576763
526	0.36576307
527	0.36577666
528	0.36577097
529	0.36577886
530	0.36578444
531	0.36579192
532	0.36580992
533	0.36578956
534	0.36580077
535	0.36579907
536	0.36580196
537	0.36583233
538	0.36582661
539	0.36582252
540	0.36581779
541	0.36580995
542	0.36581790
543	0.36581933
544	0.36580539
545	0.36580870
546	0.36580062
547	0.36580837
548	0.36581409
549	0.36581871
550	0.36581597
551	0.36581859
552	0.36580917
553	0.36581531
554	0.36580247
555	0.36580819
556	0.36580631
557	0.36578068
558	0.36578810
559	0.36578217
560	0.36577544
561	0.36577913
562	0.36574727
563	0.36576504
564	0.36575097
565	0.36574221
566	0.36575633
567	0.36575550
568	0.36575586
569	0.36576420
570	0.36575291
571	0.36575806
572	0.36576542
573	0.36577353
574	0.36578089
575	0.36576682
576	0.36577302
577	0.36577302
578	0.36578083
579	0.36579147
580	0.36579850
581	0.36579064
582	0.36580017
583	0.36581570
584	0.36581951
585	0.36581078
586	0.36579895
587	0.36579496
588	0.36580154
589	0.36579254
590	0.36579487
591	0.36580861
592	0.36579528
593	0.36579269
594	0.36580724
595	0.36579722
596	0.36580920
597	0.36580741
598	0.36580440
599	0.36580452
600	0.36579135