	C:\Users\jkuzm\OneDrive - University of Massachusetts\HRSL x UMILL-PUMA Fatigue - Fatigue\Data\F01\FR3_static2.c3d _ImpedanceExport
	LCAL1
	TARGET
	ORIGINAL
ITEM	Y
1	0.23332168
2	0.23332666
3	0.23331553
4	0.23310861
5	0.23313963
6	0.23312125
7	0.23310132
8	0.23310545
9	0.23309299
10	0.23309386
11	0.23311715
12	0.23309037
13	0.23312134
14	0.23313168
15	0.23313552
16	0.23308745
17	0.23310760
18	0.23310435
19	0.23310502
20	0.23311341
21	0.23310225
22	0.23312445
23	0.23313093
24	0.23314014
25	0.23313554
26	0.23316181
27	0.23313521
28	0.23312853
29	0.23314440
30	0.23314573
31	0.23314992
32	0.23315604
33	0.23314807
34	0.23314962
35	0.23315036
36	0.23314989
37	0.23315270
38	0.23316756
39	0.23320238
40	0.23317240
41	0.23317398
42	0.23317671
43	0.23313943
44	0.23316924
45	0.23313667
46	0.23318513
47	0.23317453
48	0.23319928
49	0.23317955
50	0.23319960
51	0.23318291
52	0.23323323
53	0.23322667
54	0.23318915
55	0.23319995
56	0.23319432
57	0.23322441
58	0.23323430
59	0.23320931
60	0.23323327
61	0.23322812
62	0.23321085
63	0.23323700
64	0.23322800
65	0.23322152
66	0.23325486
67	0.23322661
68	0.23326601
69	0.23327330
70	0.23325883
71	0.23327097
72	0.23327208
73	0.23325303
74	0.23325491
75	0.23327072
76	0.23324230
77	0.23324975
78	0.23323560
79	0.23325208
80	0.23326166
81	0.23327059
82	0.23325634
83	0.23328273
84	0.23325340
85	0.23325498
86	0.23324938
87	0.23324224
88	0.23324625
89	0.23323035
90	0.23323275
91	0.23326437
92	0.23325214
93	0.23325102
94	0.23324119
95	0.23324004
96	0.23325977
97	0.23324622
98	0.23325071
99	0.23326524
100	0.23326960
101	0.23323946
102	0.23328695
103	0.23326845
104	0.23329400
105	0.23329794
106	0.23327525
107	0.23330854
108	0.23327038
109	0.23329324
110	0.23330475
111	0.23328121
112	0.23329422
113	0.23330708
114	0.23328899
115	0.23328751
116	0.23328573
117	0.23331533
118	0.23329879
119	0.23329294
120	0.23325814
121	0.23329733
122	0.23328380
123	0.23334694
124	0.23330168
125	0.23334898
126	0.23335071
127	0.23334926
128	0.23336814
129	0.23335336
130	0.23335461
131	0.23336485
132	0.23334536
133	0.23336837
134	0.23339632
135	0.23336498
136	0.23339547
137	0.23340105
138	0.23340809
139	0.23341016
140	0.23339660
141	0.23337510
142	0.23339197
143	0.23342542
144	0.23340006
145	0.23339392
146	0.23342006
147	0.23341176
148	0.23339175
149	0.23341186
150	0.23337695
151	0.23341529
152	0.23341620
153	0.23339801
154	0.23343202
155	0.23339364
156	0.23339950
157	0.23341781
158	0.23339045
159	0.23345228
160	0.23339503
161	0.23343053
162	0.23340285
163	0.23343553
164	0.23343250
165	0.23345131
166	0.23346485
167	0.23343126
168	0.23345983
169	0.23347500
170	0.23346508
171	0.23347275
172	0.23350394
173	0.23348112
174	0.23350337
175	0.23348737
176	0.23351173
177	0.23351008
178	0.23353542
179	0.23352022
180	0.23351046
181	0.23353960
182	0.23352870
183	0.23352253
184	0.23356301
185	0.23353386
186	0.23357348
187	0.23355573
188	0.23350498
189	0.23354416
190	0.23353784
191	0.23353972
192	0.23354261
193	0.23352666
194	0.23352592
195	0.23355120
196	0.23354222
197	0.23352250
198	0.23357067
199	0.23353808
200	0.23358925
201	0.23355131
202	0.23360522
203	0.23356295
204	0.23355161
205	0.23357357
206	0.23357117
207	0.23357928
208	0.23359606
209	0.23362517
210	0.23357172
211	0.23359354
212	0.23361681
213	0.23357341
214	0.23359820
215	0.23363394
216	0.23361167
217	0.23360930
218	0.23361455
219	0.23358932
220	0.23359558
221	0.23359235
222	0.23361909
223	0.23362339
224	0.23358555
225	0.23363115
226	0.23359326
227	0.23359621
228	0.23360412
229	0.23363087
230	0.23359954
231	0.23364154
232	0.23362418
233	0.23363863
234	0.23362345
235	0.23359497
236	0.23363736
237	0.23366876
238	0.23367925
239	0.23365988
240	0.23368391
241	0.23366547
242	0.23365231
243	0.23367596
244	0.23367766
245	0.23371089
246	0.23368882
247	0.23368931
248	0.23369980
249	0.23371427
250	0.23368183
251	0.23369554
252	0.23369148
253	0.23373429
254	0.23371296
255	0.23371843
256	0.23369060
257	0.23368990
258	0.23373315
259	0.23367459
260	0.23369344
261	0.23369482
262	0.23370562
263	0.23366621
264	0.23370901
265	0.23369218
266	0.23373438
267	0.23372474
268	0.23370291
269	0.23374054
270	0.23372436
271	0.23371235
272	0.23372951
273	0.23371775
274	0.23371895
275	0.23372117
276	0.23372361
277	0.23373978
278	0.23374769
279	0.23375507
280	0.23376173
281	0.23371848
282	0.23374981
283	0.23375447
284	0.23374978
285	0.23372084
286	0.23375121
287	0.23373684
288	0.23373054
289	0.23371704
290	0.23379032
291	0.23372087
292	0.23372246
293	0.23372352
294	0.23376392
295	0.23374155
296	0.23376152
297	0.23376559
298	0.23372853
299	0.23375201
300	0.23376361
301	0.23373300
302	0.23373060
303	0.23377389
304	0.23378356
305	0.23376356
306	0.23374681
307	0.23377864
308	0.23373620
309	0.23377070
310	0.23377129
311	0.23377861
312	0.23378414
313	0.23379232
314	0.23378079
315	0.23378022
316	0.23379193
317	0.23380351
318	0.23380820
319	0.23377870
320	0.23380315
321	0.23379207
322	0.23379892
323	0.23380744
324	0.23381449
325	0.23380466
326	0.23382421
327	0.23385927
328	0.23386818
329	0.23386845
330	0.23383994
331	0.23383836
332	0.23383862
333	0.23384614
334	0.23386663
335	0.23383400
336	0.23388298
337	0.23389199
338	0.23388433
339	0.23388882
340	0.23388375
341	0.23386872
342	0.23384853
343	0.23390149
344	0.23391703
345	0.23388261
346	0.23387551
347	0.23389795
348	0.23390137
349	0.23386170
350	0.23389533
351	0.23392481
352	0.23392308
353	0.23390742
354	0.23396882
355	0.23395522
356	0.23394638
357	0.23394953
358	0.23394483
359	0.23391537
360	0.23390909
361	0.23394442
362	0.23396544
363	0.23396333
364	0.23392406
365	0.23397484
366	0.23396397
367	0.23397079
368	0.23398747
369	0.23395957
370	0.23393200
371	0.23397547
372	0.23397632
373	0.23399207
374	0.23399891
375	0.23399179
376	0.23397243
377	0.23394561
378	0.23397347
379	0.23401801
380	0.23397306
381	0.23398133
382	0.23397599
383	0.23398983
384	0.23394586
385	0.23398355
386	0.23399620
387	0.23395951
388	0.23401533
389	0.23398761
390	0.23401356
391	0.23402481
392	0.23401372
393	0.23398104
394	0.23401572
395	0.23401837
396	0.23403382
397	0.23403828
398	0.23402673
399	0.23402210
400	0.23397376
401	0.23398405
402	0.23404649
403	0.23404342
404	0.23405497
405	0.23403560
406	0.23399645
407	0.23405144
408	0.23402859
409	0.23405220
410	0.23407568
411	0.23405989
412	0.23404415
413	0.23403679
414	0.23408294
415	0.23403871
416	0.23403148
417	0.23402339
418	0.23400997
419	0.23404278
420	0.23406826
421	0.23401810
422	0.23407759
423	0.23406744
424	0.23407510
425	0.23407024
426	0.23409028
427	0.23402734
428	0.23406999
429	0.23405257
430	0.23407100
431	0.23401248
432	0.23408161
433	0.23402955
434	0.23407465
435	0.23408145
436	0.23405935
437	0.23407781
438	0.23404720
439	0.23401521
440	0.23402366
441	0.23407646
442	0.23406172
443	0.23403171
444	0.23400958
445	0.23408023
446	0.23406309
447	0.23405789
448	0.23407196
449	0.23406431
450	0.23405366
451	0.23403704
452	0.23406610
453	0.23400792
454	0.23401400
455	0.23404904
456	0.23398632
457	0.23405369
458	0.23402102
459	0.23401764
460	0.23400219
461	0.23402490
462	0.23399596
463	0.23398231
464	0.23400909
465	0.23399779
466	0.23400141
467	0.23398618
468	0.23395188
469	0.23395927
470	0.23399965
471	0.23394352
472	0.23398270
473	0.23397478
474	0.23392755
475	0.23392548
476	0.23397323
477	0.23396707
478	0.23395626
479	0.23392609
480	0.23394915
481	0.23397210
482	0.23395310
483	0.23394999
484	0.23394437
485	0.23396362
486	0.23395047
487	0.23393303
488	0.23394489
489	0.23394790
490	0.23393464
491	0.23392585
492	0.23390606
493	0.23392794
494	0.23391502
495	0.23390195
496	0.23392279
497	0.23387280
498	0.23387413
499	0.23387177
500	0.23385383
501	0.23385571
502	0.23381813
503	0.23382288
504	0.23381050
505	0.23379132
506	0.23377986
507	0.23376553
508	0.23375492
509	0.23373479
510	0.23374574
511	0.23368701
512	0.23372534
513	0.23372301
514	0.23370606
515	0.23366655
516	0.23369554
517	0.23361346
518	0.23365690
519	0.23359938
520	0.23361501
521	0.23360007
522	0.23357540
523	0.23356289
524	0.23357283
525	0.23355077
526	0.23353992
527	0.23352982
528	0.23352557
529	0.23351286
530	0.23351155
531	0.23350464
532	0.23349829
533	0.23351599
534	0.23347953
535	0.23346065
536	0.23348443
537	0.23343378
538	0.23345196
539	0.23344657
540	0.23345146
541	0.23345335
542	0.23347005
543	0.23345348
544	0.23344940
545	0.23342375
546	0.23342812
547	0.23346855
548	0.23344429
549	0.23343483
550	0.23342459
551	0.23341079
552	0.23341477
553	0.23338714
554	0.23338425
555	0.23336115
556	0.23334920
557	0.23334557
558	0.23334414
559	0.23331176
560	0.23330581
561	0.23329237
562	0.23332813
563	0.23328470
564	0.23324347
565	0.23327808
566	0.23328665
567	0.23326388
568	0.23326926
569	0.23326890
570	0.23326831
571	0.23325314
572	0.23326761
573	0.23329006
574	0.23328088
575	0.23328108
576	0.23326597
577	0.23326230
578	0.23324968
579	0.23326480
580	0.23327895
581	0.23327641
582	0.23323268
583	0.23326248
584	0.23326105
585	0.23322976
586	0.23327473
587	0.23325303
588	0.23324960
589	0.23323737
590	0.23324591
591	0.23324336
592	0.23321326
593	0.23323071
594	0.23319997
595	0.23319936
596	0.23319934
597	0.23320474
598	0.23316915
599	0.23317942
600	0.23316213