	C:\Users\jkuzm\OneDrive - University of Massachusetts\HRSL x UMILL-PUMA Fatigue - Fatigue\Data\F01\FR3_static2.c3d _ImpedanceExport
	LCAL2
	TARGET
	ORIGINAL
ITEM	Z
1	0.02089967
2	0.02088019
3	0.02089325
4	0.02085831
5	0.02089734
6	0.02092024
7	0.02093455
8	0.02094708
9	0.02094661
10	0.02093504
11	0.02093554
12	0.02094250
13	0.02094735
14	0.02095436
15	0.02095057
16	0.02096145
17	0.02093887
18	0.02099236
19	0.02099036
20	0.02102791
21	0.02100505
22	0.02097124
23	0.02098174
24	0.02096430
25	0.02099688
26	0.02100592
27	0.02098116
28	0.02100196
29	0.02100141
30	0.02098404
31	0.02100788
32	0.02096088
33	0.02101468
34	0.02097870
35	0.02102024
36	0.02100308
37	0.02098831
38	0.02101785
39	0.02101462
40	0.02101045
41	0.02101626
42	0.02101250
43	0.02102702
44	0.02103113
45	0.02102515
46	0.02101840
47	0.02100127
48	0.02102322
49	0.02103155
50	0.02105237
51	0.02105177
52	0.02101619
53	0.02107890
54	0.02104685
55	0.02107716
56	0.02107127
57	0.02107439
58	0.02106706
59	0.02107118
60	0.02108499
61	0.02106332
62	0.02109948
63	0.02111153
64	0.02111174
65	0.02112956
66	0.02109698
67	0.02107455
68	0.02114707
69	0.02111803
70	0.02112123
71	0.02111151
72	0.02110458
73	0.02115775
74	0.02113099
75	0.02112893
76	0.02114373
77	0.02114103
78	0.02113093
79	0.02112320
80	0.02107956
81	0.02113484
82	0.02107826
83	0.02114080
84	0.02111565
85	0.02110484
86	0.02110430
87	0.02111037
88	0.02109744
89	0.02115647
90	0.02113922
91	0.02112457
92	0.02111800
93	0.02110681
94	0.02110770
95	0.02111462
96	0.02111825
97	0.02113712
98	0.02113910
99	0.02113969
100	0.02112593
101	0.02113042
102	0.02112549
103	0.02114944
104	0.02112616
105	0.02113908
106	0.02108975
107	0.02112916
108	0.02115340
109	0.02115750
110	0.02115571
111	0.02118553
112	0.02118530
113	0.02117750
114	0.02116393
115	0.02117065
116	0.02119345
117	0.02119243
118	0.02116490
119	0.02117494
120	0.02121890
121	0.02120935
122	0.02121674
123	0.02123639
124	0.02121559
125	0.02121979
126	0.02120579
127	0.02124471
128	0.02123439
129	0.02124309
130	0.02125881
131	0.02124376
132	0.02128388
133	0.02128512
134	0.02131237
135	0.02126872
136	0.02125118
137	0.02128772
138	0.02127651
139	0.02132437
140	0.02132035
141	0.02131551
142	0.02129070
143	0.02130990
144	0.02132306
145	0.02134571
146	0.02132373
147	0.02133262
148	0.02133026
149	0.02132867
150	0.02132954
151	0.02134998
152	0.02136467
153	0.02137226
154	0.02136187
155	0.02132644
156	0.02134032
157	0.02133770
158	0.02135736
159	0.02130856
160	0.02132980
161	0.02133184
162	0.02132772
163	0.02136634
164	0.02137944
165	0.02138632
166	0.02139378
167	0.02139748
168	0.02139536
169	0.02138964
170	0.02141570
171	0.02141402
172	0.02143554
173	0.02139171
174	0.02142025
175	0.02148624
176	0.02143052
177	0.02144519
178	0.02148808
179	0.02143208
180	0.02146511
181	0.02145084
182	0.02144473
183	0.02145288
184	0.02145528
185	0.02147070
186	0.02145348
187	0.02143854
188	0.02141380
189	0.02146689
190	0.02143195
191	0.02146829
192	0.02149682
193	0.02144740
194	0.02148070
195	0.02148429
196	0.02149286
197	0.02150379
198	0.02147696
199	0.02152951
200	0.02151684
201	0.02150899
202	0.02150560
203	0.02149175
204	0.02149156
205	0.02154047
206	0.02148424
207	0.02153201
208	0.02153718
209	0.02154768
210	0.02155791
211	0.02153326
212	0.02152749
213	0.02154406
214	0.02153437
215	0.02154555
216	0.02155228
217	0.02152819
218	0.02152654
219	0.02156091
220	0.02155487
221	0.02157409
222	0.02157151
223	0.02156308
224	0.02153859
225	0.02158515
226	0.02156637
227	0.02159796
228	0.02158488
229	0.02159726
230	0.02162313
231	0.02162188
232	0.02157545
233	0.02161090
234	0.02158718
235	0.02166461
236	0.02165141
237	0.02164502
238	0.02167309
239	0.02168220
240	0.02167085
241	0.02166812
242	0.02168615
243	0.02168350
244	0.02168920
245	0.02169798
246	0.02166633
247	0.02168924
248	0.02168449
249	0.02169669
250	0.02173470
251	0.02167696
252	0.02171592
253	0.02173448
254	0.02172165
255	0.02172735
256	0.02171244
257	0.02171336
258	0.02170151
259	0.02174680
260	0.02172143
261	0.02168486
262	0.02173783
263	0.02172450
264	0.02174852
265	0.02176343
266	0.02175499
267	0.02177475
268	0.02175381
269	0.02176242
270	0.02171970
271	0.02177535
272	0.02172932
273	0.02178594
274	0.02176641
275	0.02177376
276	0.02179708
277	0.02182223
278	0.02180797
279	0.02177361
280	0.02180940
281	0.02179723
282	0.02181008
283	0.02182475
284	0.02181699
285	0.02183269
286	0.02182478
287	0.02179096
288	0.02181310
289	0.02182608
290	0.02178887
291	0.02178471
292	0.02182099
293	0.02180124
294	0.02178158
295	0.02184117
296	0.02179950
297	0.02183375
298	0.02182103
299	0.02179807
300	0.02179893
301	0.02181658
302	0.02183766
303	0.02181842
304	0.02183822
305	0.02180591
306	0.02184789
307	0.02183839
308	0.02186842
309	0.02187502
310	0.02187241
311	0.02184925
312	0.02191220
313	0.02190363
314	0.02186509
315	0.02189326
316	0.02191940
317	0.02191117
318	0.02188663
319	0.02191006
320	0.02194368
321	0.02192199
322	0.02192797
323	0.02192789
324	0.02195486
325	0.02192323
326	0.02196240
327	0.02190232
328	0.02192932
329	0.02198799
330	0.02192844
331	0.02192282
332	0.02196610
333	0.02194934
334	0.02193251
335	0.02195233
336	0.02197592
337	0.02196332
338	0.02197491
339	0.02195661
340	0.02196124
341	0.02199196
342	0.02199414
343	0.02201384
344	0.02201040
345	0.02197600
346	0.02199632
347	0.02204254
348	0.02200322
349	0.02204979
350	0.02203176
351	0.02201801
352	0.02204321
353	0.02199744
354	0.02207264
355	0.02205795
356	0.02208239
357	0.02206852
358	0.02205952
359	0.02208722
360	0.02206007
361	0.02209515
362	0.02207229
363	0.02211124
364	0.02212487
365	0.02211506
366	0.02212311
367	0.02212049
368	0.02211590
369	0.02215858
370	0.02210961
371	0.02207641
372	0.02210630
373	0.02215992
374	0.02211328
375	0.02212631
376	0.02215634
377	0.02214135
378	0.02211689
379	0.02213017
380	0.02211103
381	0.02209698
382	0.02214311
383	0.02213086
384	0.02215480
385	0.02214907
386	0.02215239
387	0.02218363
388	0.02215046
389	0.02214972
390	0.02217647
391	0.02219569
392	0.02219507
393	0.02216619
394	0.02218171
395	0.02217636
396	0.02220743
397	0.02218859
398	0.02217847
399	0.02221705
400	0.02218996
401	0.02218972
402	0.02220282
403	0.02222429
404	0.02224858
405	0.02225266
406	0.02224085
407	0.02223581
408	0.02226199
409	0.02224977
410	0.02225687
411	0.02227493
412	0.02224785
413	0.02225940
414	0.02225482
415	0.02226212
416	0.02224805
417	0.02227292
418	0.02229806
419	0.02226480
420	0.02230918
421	0.02229327
422	0.02228299
423	0.02230033
424	0.02228191
425	0.02231354
426	0.02229000
427	0.02229017
428	0.02230159
429	0.02227561
430	0.02233770
431	0.02233529
432	0.02232316
433	0.02229290
434	0.02228596
435	0.02227832
436	0.02228304
437	0.02227947
438	0.02228650
439	0.02229099
440	0.02227113
441	0.02228118
442	0.02232664
443	0.02228072
444	0.02229679
445	0.02228978
446	0.02230561
447	0.02230024
448	0.02226816
449	0.02229816
450	0.02229265
451	0.02228761
452	0.02230449
453	0.02228268
454	0.02229352
455	0.02228887
456	0.02226221
457	0.02228592
458	0.02227522
459	0.02227625
460	0.02224939
461	0.02224412
462	0.02225944
463	0.02226696
464	0.02225357
465	0.02222767
466	0.02225940
467	0.02226869
468	0.02221472
469	0.02220330
470	0.02220220
471	0.02221488
472	0.02221170
473	0.02221262
474	0.02221454
475	0.02222045
476	0.02218242
477	0.02218920
478	0.02217463
479	0.02215917
480	0.02216039
481	0.02216866
482	0.02216578
483	0.02218532
484	0.02219127
485	0.02216034
486	0.02219785
487	0.02220301
488	0.02217600
489	0.02219377
490	0.02214459
491	0.02216113
492	0.02215349
493	0.02217907
494	0.02215307
495	0.02212476
496	0.02214787
497	0.02207919
498	0.02209264
499	0.02204522
500	0.02208097
501	0.02206469
502	0.02199432
503	0.02202712
504	0.02197363
505	0.02197262
506	0.02196082
507	0.02193034
508	0.02192437
509	0.02192391
510	0.02191452
511	0.02188014
512	0.02186371
513	0.02183202
514	0.02181199
515	0.02181694
516	0.02179548
517	0.02173733
518	0.02175178
519	0.02175223
520	0.02170398
521	0.02171556
522	0.02168373
523	0.02164171
524	0.02167103
525	0.02162552
526	0.02161716
527	0.02158800
528	0.02160528
529	0.02155947
530	0.02157599
531	0.02157644
532	0.02159018
533	0.02160233
534	0.02157455
535	0.02157167
536	0.02159604
537	0.02157531
538	0.02157601
539	0.02158617
540	0.02160907
541	0.02157297
542	0.02156598
543	0.02156217
544	0.02155684
545	0.02154906
546	0.02152483
547	0.02153512
548	0.02155128
549	0.02151732
550	0.02152301
551	0.02147003
552	0.02147279
553	0.02145223
554	0.02145268
555	0.02145859
556	0.02139725
557	0.02139771
558	0.02137381
559	0.02135634
560	0.02132479
561	0.02132715
562	0.02132087
563	0.02129559
564	0.02132145
565	0.02127678
566	0.02126905
567	0.02125718
568	0.02125182
569	0.02121962
570	0.02122623
571	0.02123746
572	0.02125392
573	0.02125113
574	0.02122374
575	0.02120956
576	0.02120248
577	0.02119203
578	0.02118481
579	0.02114954
580	0.02118324
581	0.02118400
582	0.02119086
583	0.02118167
584	0.02121074
585	0.02119239
586	0.02119996
587	0.02116525
588	0.02116951
589	0.02114534
590	0.02115024
591	0.02112568
592	0.02112082
593	0.02109617
594	0.02112035
595	0.02111243
596	0.02111245
597	0.02113655
598	0.02108643
599	0.02107442
600	0.02107221