	C:\Users\jkuzm\OneDrive - University of Massachusetts\HRSL x UMILL-PUMA Fatigue - Fatigue\Data\F01\FR3_static2.c3d _ImpedanceExport
	LCAL3
	TARGET
	ORIGINAL
ITEM	X
1	0.10213520
2	0.10214358
3	0.10215548
4	0.10214682
5	0.10211533
6	0.10210384
7	0.10210970
8	0.10211089
9	0.10210296
10	0.10209477
11	0.10210608
12	0.10208582
13	0.10208600
14	0.10208301
15	0.10208584
16	0.10209995
17	0.10207589
18	0.10209120
19	0.10208729
20	0.10208116
21	0.10207133
22	0.10207438
23	0.10208255
24	0.10207040
25	0.10207649
26	0.10207517
27	0.10207997
28	0.10210273
29	0.10207748
30	0.10209706
31	0.10209315
32	0.10211466
33	0.10211030
34	0.10210925
35	0.10210879
36	0.10211273
37	0.10210741
38	0.10212683
39	0.10211372
40	0.10210679
41	0.10212034
42	0.10210247
43	0.10210808
44	0.10208555
45	0.10209373
46	0.10209446
47	0.10209938
48	0.10209943
49	0.10208917
50	0.10210091
51	0.10209861
52	0.10208943
53	0.10210227
54	0.10209014
55	0.10209551
56	0.10208493
57	0.10210037
58	0.10210204
59	0.10209444
60	0.10208843
61	0.10210532
62	0.10210887
63	0.10209598
64	0.10211249
65	0.10211100
66	0.10210885
67	0.10211515
68	0.10211595
69	0.10211433
70	0.10211995
71	0.10211363
72	0.10212199
73	0.10212748
74	0.10212560
75	0.10212135
76	0.10212654
77	0.10214112
78	0.10214277
79	0.10214109
80	0.10214803
81	0.10213742
82	0.10214039
83	0.10214494
84	0.10214289
85	0.10213304
86	0.10212617
87	0.10213711
88	0.10213698
89	0.10213273
90	0.10213254
91	0.10213178
92	0.10213684
93	0.10214139
94	0.10214616
95	0.10214359
96	0.10214013
97	0.10214970
98	0.10214122
99	0.10212679
100	0.10215055
101	0.10214669
102	0.10212793
103	0.10213310
104	0.10214698
105	0.10214724
106	0.10215331
107	0.10216254
108	0.10216233
109	0.10213888
110	0.10215598
111	0.10215276
112	0.10215046
113	0.10214391
114	0.10214011
115	0.10214958
116	0.10215943
117	0.10214529
118	0.10215366
119	0.10216295
120	0.10216101
121	0.10215832
122	0.10214141
123	0.10215063
124	0.10215239
125	0.10214867
126	0.10214030
127	0.10215072
128	0.10216385
129	0.10215126
130	0.10216059
131	0.10214714
132	0.10215969
133	0.10214426
134	0.10213614
135	0.10216352
136	0.10215570
137	0.10215496
138	0.10214368
139	0.10215173
140	0.10216982
141	0.10216067
142	0.10213976
143	0.10215932
144	0.10212813
145	0.10213941
146	0.10212104
147	0.10215567
148	0.10213337
149	0.10212764
150	0.10213833
151	0.10214552
152	0.10213570
153	0.10213808
154	0.10213740
155	0.10213169
156	0.10215107
157	0.10213473
158	0.10211958
159	0.10214569
160	0.10215084
161	0.10214694
162	0.10216412
163	0.10214165
164	0.10214614
165	0.10214414
166	0.10215195
167	0.10215747
168	0.10213563
169	0.10214949
170	0.10214898
171	0.10214508
172	0.10214327
173	0.10214119
174	0.10214897
175	0.10214596
176	0.10215475
177	0.10215918
178	0.10216817
179	0.10215849
180	0.10215667
181	0.10217645
182	0.10216302
183	0.10217400
184	0.10218020
185	0.10217250
186	0.10217983
187	0.10217815
188	0.10218436
189	0.10217431
190	0.10218249
191	0.10218152
192	0.10216423
193	0.10217427
194	0.10219368
195	0.10218619
196	0.10217904
197	0.10217717
198	0.10218617
199	0.10219072
200	0.10218143
201	0.10217958
202	0.10219041
203	0.10218077
204	0.10217855
205	0.10218659
206	0.10218230
207	0.10219809
208	0.10218751
209	0.10216709
210	0.10219170
211	0.10218085
212	0.10218235
213	0.10219637
214	0.10219758
215	0.10218512
216	0.10219339
217	0.10218296
218	0.10220887
219	0.10220362
220	0.10218841
221	0.10218737
222	0.10218803
223	0.10218333
224	0.10217375
225	0.10198133
226	0.10218091
227	0.10217515
228	0.10218582
229	0.10217669
230	0.10216811
231	0.10217254
232	0.10218938
233	0.10219363
234	0.10217933
235	0.10218993
236	0.10221729
237	0.10218559
238	0.10201854
239	0.10221264
240	0.10218892
241	0.10220324
242	0.10219656
243	0.10220085
244	0.10218605
245	0.10220693
246	0.10218343
247	0.10218900
248	0.10219829
249	0.10218976
250	0.10220184
251	0.10219235
252	0.10218867
253	0.10219794
254	0.10217799
255	0.10218800
256	0.10218947
257	0.10219641
258	0.10219060
259	0.10217962
260	0.10219676
261	0.10218263
262	0.10218450
263	0.10218401
264	0.10218077
265	0.10217324
266	0.10217698
267	0.10219280
268	0.10217270
269	0.10218225
270	0.10219040
271	0.10218764
272	0.10216861
273	0.10217993
274	0.10218206
275	0.10217048
276	0.10216901
277	0.10216984
278	0.10216781
279	0.10217336
280	0.10216463
281	0.10214990
282	0.10216089
283	0.10213834
284	0.10214044
285	0.10215107
286	0.10214582
287	0.10215116
288	0.10214464
289	0.10212676
290	0.10214385
291	0.10215674
292	0.10213172
293	0.10214277
294	0.10213431
295	0.10214919
296	0.10211879
297	0.10213701
298	0.10213421
299	0.10212841
300	0.10213320
301	0.10213882
302	0.10212792
303	0.10211652
304	0.10212235
305	0.10213763
306	0.10210972
307	0.10210678
308	0.10210310
309	0.10209599
310	0.10209034
311	0.10210133
312	0.10208923
313	0.10209382
314	0.10210555
315	0.10209612
316	0.10210361
317	0.10208961
318	0.10210487
319	0.10209459
320	0.10210542
321	0.10210671
322	0.10210617
323	0.10210614
324	0.10210136
325	0.10210811
326	0.10210048
327	0.10210769
328	0.10209279
329	0.10210653
330	0.10211305
331	0.10210771
332	0.10211132
333	0.10210740
334	0.10209756
335	0.10211417
336	0.10210971
337	0.10210083
338	0.10206597
339	0.10209059
340	0.10208143
341	0.10207625
342	0.10209077
343	0.10210631
344	0.10208184
345	0.10208159
346	0.10208651
347	0.10208667
348	0.10210606
349	0.10209984
350	0.10210265
351	0.10208823
352	0.10210767
353	0.10210463
354	0.10210786
355	0.10211026
356	0.10209203
357	0.10210034
358	0.10210919
359	0.10211208
360	0.10211242
361	0.10209803
362	0.10211319
363	0.10211196
364	0.10210487
365	0.10211995
366	0.10212128
367	0.10211445
368	0.10211807
369	0.10211256
370	0.10212357
371	0.10211492
372	0.10210971
373	0.10211364
374	0.10211647
375	0.10212103
376	0.10212851
377	0.10212256
378	0.10210845
379	0.10210282
380	0.10210411
381	0.10211414
382	0.10211048
383	0.10208936
384	0.10210220
385	0.10211979
386	0.10211109
387	0.10210657
388	0.10210854
389	0.10211843
390	0.10210660
391	0.10210393
392	0.10212456
393	0.10210599
394	0.10211061
395	0.10210792
396	0.10212643
397	0.10211706
398	0.10212559
399	0.10211890
400	0.10211618
401	0.10211375
402	0.10212515
403	0.10210951
404	0.10211180
405	0.10211272
406	0.10209703
407	0.10211106
408	0.10211545
409	0.10210037
410	0.10210798
411	0.10209961
412	0.10211249
413	0.10210840
414	0.10209525
415	0.10209125
416	0.10209513
417	0.10210433
418	0.10209670
419	0.10210355
420	0.10209403
421	0.10209967
422	0.10208903
423	0.10208733
424	0.10209123
425	0.10210135
426	0.10209811
427	0.10208975
428	0.10208748
429	0.10209275
430	0.10209929
431	0.10209814
432	0.10209779
433	0.10209695
434	0.10210077
435	0.10209733
436	0.10210792
437	0.10210951
438	0.10211163
439	0.10211375
440	0.10209796
441	0.10209299
442	0.10210737
443	0.10209949
444	0.10209353
445	0.10209766
446	0.10209297
447	0.10209008
448	0.10207105
449	0.10208145
450	0.10208965
451	0.10208981
452	0.10208903
453	0.10208274
454	0.10210045
455	0.10208175
456	0.10209517
457	0.10209172
458	0.10208786
459	0.10210185
460	0.10209614
461	0.10208610
462	0.10210081
463	0.10210743
464	0.10208764
465	0.10209088
466	0.10208918
467	0.10208870
468	0.10208631
469	0.10209598
470	0.10208452
471	0.10210048
472	0.10210082
473	0.10208761
474	0.10209092
475	0.10209247
476	0.10210315
477	0.10209721
478	0.10210451
479	0.10209039
480	0.10210453
481	0.10210706
482	0.10209859
483	0.10210726
484	0.10210436
485	0.10209277
486	0.10210656
487	0.10211959
488	0.10211148
489	0.10209281
490	0.10210291
491	0.10208582
492	0.10208001
493	0.10209483
494	0.10210679
495	0.10210858
496	0.10211565
497	0.10210679
498	0.10210285
499	0.10210108
500	0.10210453
501	0.10209056
502	0.10210608
503	0.10209452
504	0.10209411
505	0.10210429
506	0.10209624
507	0.10210379
508	0.10212060
509	0.10208706
510	0.10209606
511	0.10211799
512	0.10211256
513	0.10211682
514	0.10209126
515	0.10211554
516	0.10210913
517	0.10209791
518	0.10211777
519	0.10210536
520	0.10210083
521	0.10211685
522	0.10210576
523	0.10210603
524	0.10210012
525	0.10210005
526	0.10210748
527	0.10210104
528	0.10211167
529	0.10209003
530	0.10210459
531	0.10208356
532	0.10209366
533	0.10208233
534	0.10208741
535	0.10207827
536	0.10208381
537	0.10208013
538	0.10208002
539	0.10208823
540	0.10208237
541	0.10208577
542	0.10208616
543	0.10208920
544	0.10208551
545	0.10207605
546	0.10208160
547	0.10208300
548	0.10209116
549	0.10207168
550	0.10207251
551	0.10206941
552	0.10207528
553	0.10207233
554	0.10206677
555	0.10206809
556	0.10206879
557	0.10205854
558	0.10207135
559	0.10205839
560	0.10208236
561	0.10208654
562	0.10209123
563	0.10207635
564	0.10207060
565	0.10210200
566	0.10209471
567	0.10211021
568	0.10211374
569	0.10211388
570	0.10212839
571	0.10214599
572	0.10214984
573	0.10213777
574	0.10213802
575	0.10213306
576	0.10214338
577	0.10211957
578	0.10215066
579	0.10214050
580	0.10213603
581	0.10212600
582	0.10212886
583	0.10214319
584	0.10214949
585	0.10214856
586	0.10213110
587	0.10214390
588	0.10214384
589	0.10212986
590	0.10212820
591	0.10213511
592	0.10213041
593	0.10212941
594	0.10211503
595	0.10213107
596	0.10212305
597	0.10211533
598	0.10212044
599	0.10211430
600	0.10212480