	C:\Users\jkuzm\OneDrive - University of Massachusetts\HRSL x UMILL-PUMA Fatigue - Fatigue\Data\F01\FR3_static2.c3d _ImpedanceExport
	RCAL3
	TARGET
	ORIGINAL
ITEM	Z
1	0.01883553
2	0.01884018
3	0.01879749
4	0.01881433
5	0.01884397
6	0.01885892
7	0.01884571
8	0.01882789
9	0.01885931
10	0.01884241
11	0.01884759
12	0.01884334
13	0.01882526
14	0.01883382
15	0.01884054
16	0.01884731
17	0.01882635
18	0.01884594
19	0.01883656
20	0.01883354
21	0.01884941
22	0.01885476
23	0.01888737
24	0.01890044
25	0.01888711
26	0.01887638
27	0.01887862
28	0.01889632
29	0.01889239
30	0.01889400
31	0.01893544
32	0.01892569
33	0.01893872
34	0.01890660
35	0.01891785
36	0.01891830
37	0.01893980
38	0.01890429
39	0.01890850
40	0.01893625
41	0.01894135
42	0.01894518
43	0.01891705
44	0.01894796
45	0.01895617
46	0.01892943
47	0.01894614
48	0.01896258
49	0.01896020
50	0.01897012
51	0.01898370
52	0.01896876
53	0.01900772
54	0.01897347
55	0.01901461
56	0.01901508
57	0.01900109
58	0.01903365
59	0.01900752
60	0.01901497
61	0.01899507
62	0.01902036
63	0.01904538
64	0.01902936
65	0.01901605
66	0.01900750
67	0.01899583
68	0.01903414
69	0.01902580
70	0.01902815
71	0.01903239
72	0.01902806
73	0.01903584
74	0.01903459
75	0.01904623
76	0.01903969
77	0.01907376
78	0.01904156
79	0.01902733
80	0.01901360
81	0.01904175
82	0.01901150
83	0.01901758
84	0.01901179
85	0.01902482
86	0.01903233
87	0.01902384
88	0.01904583
89	0.01902603
90	0.01903187
91	0.01899153
92	0.01900716
93	0.01900134
94	0.01901825
95	0.01899405
96	0.01899349
97	0.01899920
98	0.01900884
99	0.01897827
100	0.01899782
101	0.01899431
102	0.01900711
103	0.01900604
104	0.01899725
105	0.01899683
106	0.01899249
107	0.01898684
108	0.01899981
109	0.01903113
110	0.01901751
111	0.01901660
112	0.01901551
113	0.01901624
114	0.01900558
115	0.01900791
116	0.01900051
117	0.01899002
118	0.01901401
119	0.01902773
120	0.01900743
121	0.01904298
122	0.01906169
123	0.01903330
124	0.01906398
125	0.01906468
126	0.01907821
127	0.01909192
128	0.01910816
129	0.01913425
130	0.01911258
131	0.01914002
132	0.01912483
133	0.01915052
134	0.01913813
135	0.01913995
136	0.01914365
137	0.01915417
138	0.01915977
139	0.01916946
140	0.01916549
141	0.01917296
142	0.01917670
143	0.01920764
144	0.01916795
145	0.01917733
146	0.01920463
147	0.01921486
148	0.01922209
149	0.01922753
150	0.01921328
151	0.01933336
152	0.01928102
153	0.01928620
154	0.01934649
155	0.01934930
156	0.01932886
157	0.01936855
158	0.01940692
159	0.01939536
160	0.01937069
161	0.01939406
162	0.01939437
163	0.01940280
164	0.01943312
165	0.01944675
166	0.01945721
167	0.01944485
168	0.01947063
169	0.01944717
170	0.01947096
171	0.01952248
172	0.01951839
173	0.01949971
174	0.01953989
175	0.01949429
176	0.01953799
177	0.01956245
178	0.01954518
179	0.01953596
180	0.01953626
181	0.01955265
182	0.01956313
183	0.01956084
184	0.01958716
185	0.01955857
186	0.01958369
187	0.01955765
188	0.01958341
189	0.01958822
190	0.01958640
191	0.01959646
192	0.01960558
193	0.01959490
194	0.01959129
195	0.01958972
196	0.01958988
197	0.01963665
198	0.01965359
199	0.01964998
200	0.01966543
201	0.01967163
202	0.01968305
203	0.01968840
204	0.01971073
205	0.01970313
206	0.01973433
207	0.01971840
208	0.01975906
209	0.01973495
210	0.01977477
211	0.01975671
212	0.01977630
213	0.01979349
214	0.01977516
215	0.01978604
216	0.01976495
217	0.01978533
218	0.01979086
219	0.01977250
220	0.01982359
221	0.01980926
222	0.01985689
223	0.01985088
224	0.01984397
225	0.01986162
226	0.01986050
227	0.01991286
228	0.01988060
229	0.01989455
230	0.01993445
231	0.01995886
232	0.01993685
233	0.01995968
234	0.01996969
235	0.01995140
236	0.01997800
237	0.02001771
238	0.01999593
239	0.01998224
240	0.02000669
241	0.02003771
242	0.02001757
243	0.02006663
244	0.02009110
245	0.02005018
246	0.02008266
247	0.02005526
248	0.02008087
249	0.02008409
250	0.02009184
251	0.02007122
252	0.02009806
253	0.02009806
254	0.02011470
255	0.02010491
256	0.02008974
257	0.02007546
258	0.02009129
259	0.02010703
260	0.02013687
261	0.02012765
262	0.02014769
263	0.02015697
264	0.02016492
265	0.02016168
266	0.02016732
267	0.02016186
268	0.02019049
269	0.02021137
270	0.02018493
271	0.02019523
272	0.02019420
273	0.02019283
274	0.02023236
275	0.02022259
276	0.02023588
277	0.02022679
278	0.02027015
279	0.02025825
280	0.02026099
281	0.02028229
282	0.02027240
283	0.02030424
284	0.02029371
285	0.02032512
286	0.02032808
287	0.02032140
288	0.02035287
289	0.02036170
290	0.02036806
291	0.02037404
292	0.02038137
293	0.02039721
294	0.02043159
295	0.02042444
296	0.02042695
297	0.02046712
298	0.02042811
299	0.02044791
300	0.02046002
301	0.02046661
302	0.02047099
303	0.02048675
304	0.02048037
305	0.02051244
306	0.02051814
307	0.02052044
308	0.02055032
309	0.02052906
310	0.02056518
311	0.02058082
312	0.02057740
313	0.02056295
314	0.02056598
315	0.02061914
316	0.02059607
317	0.02061646
318	0.02065481
319	0.02063280
320	0.02067527
321	0.02066071
322	0.02066423
323	0.02069024
324	0.02067467
325	0.02068624
326	0.02072460
327	0.02070422
328	0.02071573
329	0.02071159
330	0.02074296
331	0.02071286
332	0.02074061
333	0.02074798
334	0.02072620
335	0.02074218
336	0.02076850
337	0.02074876
338	0.02077406
339	0.02079465
340	0.02082965
341	0.02081953
342	0.02082615
343	0.02085940
344	0.02086206
345	0.02088177
346	0.02088541
347	0.02086935
348	0.02090369
349	0.02091657
350	0.02093988
351	0.02091566
352	0.02091821
353	0.02094890
354	0.02095199
355	0.02097689
356	0.02096104
357	0.02097552
358	0.02099573
359	0.02096683
360	0.02099457
361	0.02097983
362	0.02099780
363	0.02100542
364	0.02100104
365	0.02102516
366	0.02098943
367	0.02101495
368	0.02100773
369	0.02102779
370	0.02102648
371	0.02101338
372	0.02107076
373	0.02107690
374	0.02108688
375	0.02109168
376	0.02107468
377	0.02107777
378	0.02108312
379	0.02108729
380	0.02110813
381	0.02110774
382	0.02111080
383	0.02112459
384	0.02111153
385	0.02113920
386	0.02112152
387	0.02113504
388	0.02115303
389	0.02114684
390	0.02115518
391	0.02114947
392	0.02114517
393	0.02113989
394	0.02118744
395	0.02116774
396	0.02116893
397	0.02115955
398	0.02119794
399	0.02119747
400	0.02119433
401	0.02123312
402	0.02118132
403	0.02122537
404	0.02118251
405	0.02113492
406	0.02119217
407	0.02125423
408	0.02121333
409	0.02123112
410	0.02120188
411	0.02121582
412	0.02122581
413	0.02121935
414	0.02124408
415	0.02127177
416	0.02122482
417	0.02123713
418	0.02120909
419	0.02127426
420	0.02125199
421	0.02124669
422	0.02121285
423	0.02122126
424	0.02120064
425	0.02127211
426	0.02121517
427	0.02125701
428	0.02126372
429	0.02129253
430	0.02121438
431	0.02120710
432	0.02126832
433	0.02120641
434	0.02120862
435	0.02118997
436	0.02120690
437	0.02117661
438	0.02122161
439	0.02125214
440	0.02118113
441	0.02118687
442	0.02119601
443	0.02114470
444	0.02119134
445	0.02119341
446	0.02117329
447	0.02118858
448	0.02116854
449	0.02117757
450	0.02116576
451	0.02122004
452	0.02114540
453	0.02115069
454	0.02114783
455	0.02115890
456	0.02114486
457	0.02111301
458	0.02114282
459	0.02110813
460	0.02109197
461	0.02112183
462	0.02110009
463	0.02107503
464	0.02107386
465	0.02108182
466	0.02109671
467	0.02103878
468	0.02103004
469	0.02103314
470	0.02103282
471	0.02101927
472	0.02102767
473	0.02100210
474	0.02097969
475	0.02097889
476	0.02098196
477	0.02097395
478	0.02094841
479	0.02095389
480	0.02093318
481	0.02092310
482	0.02093672
483	0.02093711
484	0.02092821
485	0.02092874
486	0.02095930
487	0.02094467
488	0.02093853
489	0.02092781
490	0.02089566
491	0.02088548
492	0.02090243
493	0.02090482
494	0.02085818
495	0.02083901
496	0.02085007
497	0.02082399
498	0.02083124
499	0.02082716
500	0.02078023
501	0.02078144
502	0.02076775
503	0.02075935
504	0.02075802
505	0.02072552
506	0.02072011
507	0.02068499
508	0.02066980
509	0.02064212
510	0.02063346
511	0.02061511
512	0.02054118
513	0.02051891
514	0.02048812
515	0.02043645
516	0.02039386
517	0.02031749
518	0.02030240
519	0.02023123
520	0.02013922
521	0.02011417
522	0.02003449
523	0.01998758
524	0.01990980
525	0.01988667
526	0.01984862
527	0.01979809
528	0.01978429
529	0.01978775
530	0.01972839
531	0.01972624
532	0.01972163
533	0.01968299
534	0.01967624
535	0.01967599
536	0.01962799
537	0.01963004
538	0.01960803
539	0.01959747
540	0.01960137
541	0.01959256
542	0.01959660
543	0.01957580
544	0.01955003
545	0.01953843
546	0.01950193
547	0.01948849
548	0.01948642
549	0.01942009
550	0.01939781
551	0.01934219
552	0.01933619
553	0.01930988
554	0.01920618
555	0.01918188
556	0.01916437
557	0.01911280
558	0.01910993
559	0.01911055
560	0.01910344
561	0.01908021
562	0.01909819
563	0.01909203
564	0.01910977
565	0.01912713
566	0.01912531
567	0.01912934
568	0.01912156
569	0.01911492
570	0.01911985
571	0.01914843
572	0.01911614
573	0.01911718
574	0.01911465
575	0.01912032
576	0.01911542
577	0.01909913
578	0.01910515
579	0.01911390
580	0.01910000
581	0.01909842
582	0.01910194
583	0.01907928
584	0.01910792
585	0.01908728
586	0.01908452
587	0.01910174
588	0.01905454
589	0.01905555
590	0.01906436
591	0.01902007
592	0.01905458
593	0.01901099
594	0.01901649
595	0.01902806
596	0.01901059
597	0.01900328
598	0.01899910
599	0.01900168
600	0.01897657