	C:\Users\jkuzm\OneDrive - University of Massachusetts\HRSL x UMILL-PUMA Fatigue - Fatigue\Data\F01\FR3_static2.c3d _ImpedanceExport
	RTOE
	TARGET
	ORIGINAL
ITEM	X
1	0.39823815
2	0.39824045
3	0.39824665
4	0.39824086
5	0.39827770
6	0.39827603
7	0.39828336
8	0.39829215
9	0.39828312
10	0.39827880
11	0.39828053
12	0.39825973
13	0.39827797
14	0.39827245
15	0.39827317
16	0.39828002
17	0.39827362
18	0.39826310
19	0.39826438
20	0.39827850
21	0.39826852
22	0.39827496
23	0.39827797
24	0.39826477
25	0.39826024
26	0.39826131
27	0.39826301
28	0.39825490
29	0.39827150
30	0.39825726
31	0.39825815
32	0.39824715
33	0.39825752
34	0.39825568
35	0.39826953
36	0.39826465
37	0.39825365
38	0.39825967
39	0.39826521
40	0.39827242
41	0.39827129
42	0.39828283
43	0.39827409
44	0.39827678
45	0.39827597
46	0.39826515
47	0.39827633
48	0.39829183
49	0.39827555
50	0.39827788
51	0.39827591
52	0.39827806
53	0.39828801
54	0.39828345
55	0.39827928
56	0.39828199
57	0.39827913
58	0.39826685
59	0.39828882
60	0.39828789
61	0.39828464
62	0.39829487
63	0.39829820
64	0.39827922
65	0.39829528
66	0.39828539
67	0.39830247
68	0.39828214
69	0.39829123
70	0.39827734
71	0.39827484
72	0.39828709
73	0.39825723
74	0.39828634
75	0.39827505
76	0.39828974
77	0.39827442
78	0.39828014
79	0.39828104
80	0.39827567
81	0.39826342
82	0.39827523
83	0.39828357
84	0.39827263
85	0.39828452
86	0.39828545
87	0.39827338
88	0.39827958
89	0.39826512
90	0.39827359
91	0.39827454
92	0.39826560
93	0.39826640
94	0.39827827
95	0.39827579
96	0.39827797
97	0.39828825
98	0.39828619
99	0.39827326
100	0.39827490
101	0.39825299
102	0.39826277
103	0.39825636
104	0.39825800
105	0.39827538
106	0.39826980
107	0.39825723
108	0.39827216
109	0.39826322
110	0.39826217
111	0.39825490
112	0.39825290
113	0.39826488
114	0.39826134
115	0.39827320
116	0.39825550
117	0.39826384
118	0.39826471
119	0.39825341
120	0.39825344
121	0.39825061
122	0.39825675
123	0.39826301
124	0.39824635
125	0.39825210
126	0.39825240
127	0.39824453
128	0.39823157
129	0.39824837
130	0.39822406
131	0.39825299
132	0.39823550
133	0.39825323
134	0.39825881
135	0.39826256
136	0.39826000
137	0.39825520
138	0.39824256
139	0.39826101
140	0.39824760
141	0.39824381
142	0.39823940
143	0.39824253
144	0.39822793
145	0.39821452
146	0.39823720
147	0.39823449
148	0.39822683
149	0.39822522
150	0.39822593
151	0.39821520
152	0.39820644
153	0.39822096
154	0.39820999
155	0.39822239
156	0.39822662
157	0.39822686
158	0.39823243
159	0.39821512
160	0.39821485
161	0.39822692
162	0.39823002
163	0.39823565
164	0.39822215
165	0.39822748
166	0.39822528
167	0.39822924
168	0.39823642
169	0.39823213
170	0.39824146
171	0.39824271
172	0.39824712
173	0.39824864
174	0.39823210
175	0.39823061
176	0.39824823
177	0.39824012
178	0.39825338
179	0.39824426
180	0.39823684
181	0.39822939
182	0.39823836
183	0.39825875
184	0.39826122
185	0.39824903
186	0.39825335
187	0.39825970
188	0.39824164
189	0.39827356
190	0.39825892
191	0.39826572
192	0.39826334
193	0.39826044
194	0.39824492
195	0.39825198
196	0.39828998
197	0.39824864
198	0.39826092
199	0.39826524
200	0.39825568
201	0.39826408
202	0.39827567
203	0.39827612
204	0.39825448
205	0.39827314
206	0.39826235
207	0.39828786
208	0.39826456
209	0.39826965
210	0.39827740
211	0.39826196
212	0.39826369
213	0.39827371
214	0.39826965
215	0.39827827
216	0.39826179
217	0.39827555
218	0.39826870
219	0.39826491
220	0.39827102
221	0.39826435
222	0.39827606
223	0.39827406
224	0.39827606
225	0.39827505
226	0.39827725
227	0.39827344
228	0.39827988
229	0.39828551
230	0.39828071
231	0.39827102
232	0.39827645
233	0.39826253
234	0.39828008
235	0.39828250
236	0.39827824
237	0.39828330
238	0.39828432
239	0.39829156
240	0.39829257
241	0.39826307
242	0.39828470
243	0.39828619
244	0.39828360
245	0.39828715
246	0.39829171
247	0.39828789
248	0.39830881
249	0.39832345
250	0.39829785
251	0.39830214
252	0.39832699
253	0.39828393
254	0.39830574
255	0.39831093
256	0.39830238
257	0.39830276
258	0.39830723
259	0.39829665
260	0.39830667
261	0.39831007
262	0.39830297
263	0.39831012
264	0.39830720
265	0.39831015
266	0.39830855
267	0.39829907
268	0.39831480
269	0.39831847
270	0.39830199
271	0.39833114
272	0.39832354
273	0.39830890
274	0.39830947
275	0.39829880
276	0.39829755
277	0.39831680
278	0.39830607
279	0.39831996
280	0.39831617
281	0.39832714
282	0.39830858
283	0.39831787
284	0.39832789
285	0.39830711
286	0.39830938
287	0.39832449
288	0.39831099
289	0.39831299
290	0.39832649
291	0.39831358
292	0.39831543
293	0.39833769
294	0.39832228
295	0.39831087
296	0.39832482
297	0.39833027
298	0.39834973
299	0.39832330
300	0.39833447
301	0.39833030
302	0.39832669
303	0.39833969
304	0.39832968
305	0.39834365
306	0.39833042
307	0.39831266
308	0.39831698
309	0.39833465
310	0.39833921
311	0.39833364
312	0.39832965
313	0.39833859
314	0.39835075
315	0.39834005
316	0.39833593
317	0.39833671
318	0.39833832
319	0.39834774
320	0.39834231
321	0.39836252
322	0.39833421
323	0.39834616
324	0.39834723
325	0.39836338
326	0.39835742
327	0.39836082
328	0.39836711
329	0.39836016
330	0.39835948
331	0.39837110
332	0.39838290
333	0.39836022
334	0.39837199
335	0.39835712
336	0.39836469
337	0.39836115
338	0.39838263
339	0.39835963
340	0.39834607
341	0.39834273
342	0.39836091
343	0.39836356
344	0.39837548
345	0.39837310
346	0.39837670
347	0.39836591
348	0.39835504
349	0.39838001
350	0.39836442
351	0.39836943
352	0.39835006
353	0.39835644
354	0.39836934
355	0.39836732
356	0.39836544
357	0.39838147
358	0.39837179
359	0.39837265
360	0.39836362
361	0.39837506
362	0.39836434
363	0.39839435
364	0.39837471
365	0.39837638
366	0.39838368
367	0.39837474
368	0.39837161
369	0.39837337
370	0.39837900
371	0.39836630
372	0.39836770
373	0.39837897
374	0.39836282
375	0.39838642
376	0.39835528
377	0.39834905
378	0.39837471
379	0.39836931
380	0.39836684
381	0.39837092
382	0.39838213
383	0.39836976
384	0.39838433
385	0.39838371
386	0.39838788
387	0.39836928
388	0.39838520
389	0.39838305
390	0.39837277
391	0.39836296
392	0.39839664
393	0.39837113
394	0.39837587
395	0.39839473
396	0.39837191
397	0.39837846
398	0.39838675
399	0.39837936
400	0.39837360
401	0.39838055
402	0.39837992
403	0.39839676
404	0.39840323
405	0.39839137
406	0.39840567
407	0.39839274
408	0.39838731
409	0.39839670
410	0.39840099
411	0.39840895
412	0.39840573
413	0.39838430
414	0.39840338
415	0.39841706
416	0.39839604
417	0.39838484
418	0.39841631
419	0.39839000
420	0.39839184
421	0.39839447
422	0.39839578
423	0.39839482
424	0.39840567
425	0.39839277
426	0.39840311
427	0.39840484
428	0.39839670
429	0.39839503
430	0.39840448
431	0.39841101
432	0.39839718
433	0.39840585
434	0.39840332
435	0.39840835
436	0.39841372
437	0.39840108
438	0.39839798
439	0.39839801
440	0.39840409
441	0.39838132
442	0.39840949
443	0.39840475
444	0.39840075
445	0.39838845
446	0.39840963
447	0.39840952
448	0.39838675
449	0.39840335
450	0.39842770
451	0.39840862
452	0.39841104
453	0.39840207
454	0.39839730
455	0.39840052
456	0.39840803
457	0.39840147
458	0.39837894
459	0.39838019
460	0.39839002
461	0.39838901
462	0.39840233
463	0.39839435
464	0.39838412
465	0.39838144
466	0.39838508
467	0.39839238
468	0.39839709
469	0.39838567
470	0.39839876
471	0.39837575
472	0.39838147
473	0.39838156
474	0.39838591
475	0.39839187
476	0.39838839
477	0.39838076
478	0.39836922
479	0.39838386
480	0.39839947
481	0.39838886
482	0.39838538
483	0.39839241
484	0.39838272
485	0.39838743
486	0.39837620
487	0.39839423
488	0.39839840
489	0.39838746
490	0.39837855
491	0.39838952
492	0.39838722
493	0.39838660
494	0.39837986
495	0.39836347
496	0.39837858
497	0.39837605
498	0.39837852
499	0.39837265
500	0.39837629
501	0.39838320
502	0.39837679
503	0.39836726
504	0.39838147
505	0.39838329
506	0.39838535
507	0.39838618
508	0.39837772
509	0.39838484
510	0.39838034
511	0.39838538
512	0.39839816
513	0.39840204
514	0.39838290
515	0.39840022
516	0.39838579
517	0.39838400
518	0.39837793
519	0.39837003
520	0.39836261
521	0.39834094
522	0.39836183
523	0.39833388
524	0.39835280
525	0.39834720
526	0.39835271
527	0.39833912
528	0.39834285
529	0.39834803
530	0.39833602
531	0.39833593
532	0.39835587
533	0.39836350
534	0.39834827
535	0.39835775
536	0.39835861
537	0.39835629
538	0.39835626
539	0.39834002
540	0.39838028
541	0.39836088
542	0.39834282
543	0.39834693
544	0.39836428
545	0.39833856
546	0.39834413
547	0.39834279
548	0.39834121
549	0.39832187
550	0.39833748
551	0.39830607
552	0.39830989
553	0.39830792
554	0.39831349
555	0.39830339
556	0.39830005
557	0.39830500
558	0.39829841
559	0.39830178
560	0.39828232
561	0.39830393
562	0.39827257
563	0.39827421
564	0.39828536
565	0.39827529
566	0.39827082
567	0.39827773
568	0.39830187
569	0.39829472
570	0.39828458
571	0.39828578
572	0.39830655
573	0.39829987
574	0.39831123
575	0.39830154
576	0.39830118
577	0.39830855
578	0.39831111
579	0.39831758
580	0.39831579
581	0.39835006
582	0.39833656
583	0.39834794
584	0.39834607
585	0.39833671
586	0.39834741
587	0.39835528
588	0.39834884
589	0.39834726
590	0.39834669
591	0.39833581
592	0.39834586
593	0.39834231
594	0.39833525
595	0.39832911
596	0.39833629
597	0.39834026
598	0.39833623
599	0.39833954
600	0.39833573