	C:\Users\jkuzm\OneDrive - University of Massachusetts\HRSL x UMILL-PUMA Fatigue - Fatigue\Data\F01\FR3_static2.c3d _ImpedanceExport
	LTOE
	TARGET
	ORIGINAL
ITEM	X
1	0.13262469
2	0.13263641
3	0.13264427
4	0.13264665
5	0.13258289
6	0.13258436
7	0.13258149
8	0.13258196
9	0.13257803
10	0.13256380
11	0.13257974
12	0.13255922
13	0.13256873
14	0.13255841
15	0.13256128
16	0.13256741
17	0.13254645
18	0.13256349
19	0.13254818
20	0.13256814
21	0.13256766
22	0.13256246
23	0.13256153
24	0.13255772
25	0.13256814
26	0.13255949
27	0.13255519
28	0.13256608
29	0.13254902
30	0.13256441
31	0.13255936
32	0.13257025
33	0.13256133
34	0.13255043
35	0.13255486
36	0.13254648
37	0.13256370
38	0.13254477
39	0.13255666
40	0.13254787
41	0.13255018
42	0.13255818
43	0.13254948
44	0.13255502
45	0.13255623
46	0.13254178
47	0.13256064
48	0.13254137
49	0.13255738
50	0.13254328
51	0.13253872
52	0.13255022
53	0.13254766
54	0.13254549
55	0.13254295
56	0.13253799
57	0.13253695
58	0.13254665
59	0.13253586
60	0.13252571
61	0.13252148
62	0.13253136
63	0.13254905
64	0.13254584
65	0.13253893
66	0.13253355
67	0.13251020
68	0.13251054
69	0.13252135
70	0.13253948
71	0.13251586
72	0.13251053
73	0.13252380
74	0.13251820
75	0.13251726
76	0.13253066
77	0.13251641
78	0.13253269
79	0.13252285
80	0.13252658
81	0.13253751
82	0.13253273
83	0.13253468
84	0.13253658
85	0.13253821
86	0.13254812
87	0.13254020
88	0.13254341
89	0.13253634
90	0.13251792
91	0.13253431
92	0.13251911
93	0.13254471
94	0.13253856
95	0.13256247
96	0.13252170
97	0.13253029
98	0.13254055
99	0.13253389
100	0.13254786
101	0.13253552
102	0.13254350
103	0.13253769
104	0.13253848
105	0.13254906
106	0.13255864
107	0.13254578
108	0.13253543
109	0.13254215
110	0.13254070
111	0.13254018
112	0.13253193
113	0.13252428
114	0.13252610
115	0.13251507
116	0.13253103
117	0.13252868
118	0.13252860
119	0.13252133
120	0.13254246
121	0.13252686
122	0.13253863
123	0.13252452
124	0.13254090
125	0.13253863
126	0.13252844
127	0.13250555
128	0.13252522
129	0.13251294
130	0.13251324
131	0.13253237
132	0.13253312
133	0.13251171
134	0.13252094
135	0.13250536
136	0.13251179
137	0.13250780
138	0.13251047
139	0.13250877
140	0.13250577
141	0.13250978
142	0.13249604
143	0.13249636
144	0.13251597
145	0.13250421
146	0.13249673
147	0.13250518
148	0.13251255
149	0.13249062
150	0.13249114
151	0.13249551
152	0.13251893
153	0.13250683
154	0.13251048
155	0.13251153
156	0.13251248
157	0.13250206
158	0.13251707
159	0.13250703
160	0.13251178
161	0.13251029
162	0.13251674
163	0.13251747
164	0.13252331
165	0.13249761
166	0.13252378
167	0.13251230
168	0.13250759
169	0.13251817
170	0.13252632
171	0.13251629
172	0.13252206
173	0.13251327
174	0.13251714
175	0.13251714
176	0.13250718
177	0.13250758
178	0.13252722
179	0.13253355
180	0.13251986
181	0.13254337
182	0.13254000
183	0.13253067
184	0.13254216
185	0.13254224
186	0.13252936
187	0.13254546
188	0.13253561
189	0.13254327
190	0.13254079
191	0.13252759
192	0.13252917
193	0.13254194
194	0.13253735
195	0.13253769
196	0.13252634
197	0.13254103
198	0.13253354
199	0.13252465
200	0.13253394
201	0.13253410
202	0.13251476
203	0.13250862
204	0.13250768
205	0.13250121
206	0.13249524
207	0.13250072
208	0.13249402
209	0.13251156
210	0.13251391
211	0.13250859
212	0.13249402
213	0.13249819
214	0.13250239
215	0.13249953
216	0.13250241
217	0.13249801
218	0.13250490
219	0.13249452
220	0.13248776
221	0.13250171
222	0.13249788
223	0.13249047
224	0.13249722
225	0.13250263
226	0.13247998
227	0.13249171
228	0.13248070
229	0.13249072
230	0.13248582
231	0.13247298
232	0.13248390
233	0.13249455
234	0.13249026
235	0.13251792
236	0.13249651
237	0.13248806
238	0.13249449
239	0.13250184
240	0.13249469
241	0.13248520
242	0.13247629
243	0.13247651
244	0.13247159
245	0.13247660
246	0.13246088
247	0.13246346
248	0.13246217
249	0.13247593
250	0.13247481
251	0.13246311
252	0.13246891
253	0.13246793
254	0.13247249
255	0.13247234
256	0.13246191
257	0.13248579
258	0.13248545
259	0.13248181
260	0.13248636
261	0.13248804
262	0.13248186
263	0.13247648
264	0.13248436
265	0.13247189
266	0.13247678
267	0.13248758
268	0.13247968
269	0.13247561
270	0.13248605
271	0.13247886
272	0.13246712
273	0.13248825
274	0.13247503
275	0.13247766
276	0.13247330
277	0.13248427
278	0.13247058
279	0.13246018
280	0.13248481
281	0.13247299
282	0.13246293
283	0.13247116
284	0.13245849
285	0.13247928
286	0.13245806
287	0.13246153
288	0.13245985
289	0.13248447
290	0.13247256
291	0.13248399
292	0.13247719
293	0.13246708
294	0.13247484
295	0.13247998
296	0.13246907
297	0.13249630
298	0.13248491
299	0.13248335
300	0.13248947
301	0.13249725
302	0.13248397
303	0.13249071
304	0.13248579
305	0.13247706
306	0.13248959
307	0.13249625
308	0.13247852
309	0.13249129
310	0.13249704
311	0.13249831
312	0.13248776
313	0.13249142
314	0.13248712
315	0.13246582
316	0.13247676
317	0.13249175
318	0.13249402
319	0.13248788
320	0.13247356
321	0.13248095
322	0.13248399
323	0.13248561
324	0.13249767
325	0.13248210
326	0.13249031
327	0.13250269
328	0.13249193
329	0.13250509
330	0.13248838
331	0.13249598
332	0.13248302
333	0.13250631
334	0.13248484
335	0.13250344
336	0.13248563
337	0.13248809
338	0.13249826
339	0.13250053
340	0.13249147
341	0.13249633
342	0.13249908
343	0.13249964
344	0.13247624
345	0.13248834
346	0.13249941
347	0.13249905
348	0.13248570
349	0.13249014
350	0.13248189
351	0.13249549
352	0.13248883
353	0.13247244
354	0.13246381
355	0.13248011
356	0.13249648
357	0.13247706
358	0.13246220
359	0.13248844
360	0.13248673
361	0.13246119
362	0.13247508
363	0.13248059
364	0.13247247
365	0.13247366
366	0.13248582
367	0.13247713
368	0.13246910
369	0.13251157
370	0.13247181
371	0.13248810
372	0.13249668
373	0.13250990
374	0.13250422
375	0.13249618
376	0.13250297
377	0.13248613
378	0.13249919
379	0.13250950
380	0.13251266
381	0.13248739
382	0.13251047
383	0.13249412
384	0.13249695
385	0.13248834
386	0.13250297
387	0.13247730
388	0.13247873
389	0.13247603
390	0.13248079
391	0.13247733
392	0.13248950
393	0.13247451
394	0.13249235
395	0.13246785
396	0.13248339
397	0.13248086
398	0.13248602
399	0.13247018
400	0.13247855
401	0.13247792
402	0.13248357
403	0.13248882
404	0.13249102
405	0.13248475
406	0.13247105
407	0.13247494
408	0.13247108
409	0.13247436
410	0.13245760
411	0.13247642
412	0.13248180
413	0.13247231
414	0.13246100
415	0.13248435
416	0.13246812
417	0.13247393
418	0.13247994
419	0.13247165
420	0.13247111
421	0.13246737
422	0.13246606
423	0.13246115
424	0.13245817
425	0.13247426
426	0.13246298
427	0.13247505
428	0.13245687
429	0.13245144
430	0.13245720
431	0.13244469
432	0.13247320
433	0.13246301
434	0.13247265
435	0.13249603
436	0.13247089
437	0.13246931
438	0.13247424
439	0.13248013
440	0.13247192
441	0.13247763
442	0.13246024
443	0.13247797
444	0.13248311
445	0.13247214
446	0.13247719
447	0.13247010
448	0.13247471
449	0.13248223
450	0.13246298
451	0.13247372
452	0.13246970
453	0.13246593
454	0.13247822
455	0.13248047
456	0.13248235
457	0.13249494
458	0.13247523
459	0.13247824
460	0.13248140
461	0.13247348
462	0.13246544
463	0.13248844
464	0.13247830
465	0.13246898
466	0.13247326
467	0.13248521
468	0.13247654
469	0.13247430
470	0.13246931
471	0.13246690
472	0.13248368
473	0.13248061
474	0.13247395
475	0.13247955
476	0.13248430
477	0.13247383
478	0.13247845
479	0.13248937
480	0.13249187
481	0.13248514
482	0.13249595
483	0.13250022
484	0.13249171
485	0.13248661
486	0.13249683
487	0.13248271
488	0.13250816
489	0.13247754
490	0.13248217
491	0.13250013
492	0.13249211
493	0.13249804
494	0.13249780
495	0.13248445
496	0.13249521
497	0.13249816
498	0.13250116
499	0.13249777
500	0.13248248
501	0.13249782
502	0.13250382
503	0.13250124
504	0.13251424
505	0.13250412
506	0.13250901
507	0.13251385
508	0.13251871
509	0.13252923
510	0.13251270
511	0.13252304
512	0.13252933
513	0.13253431
514	0.13252909
515	0.13254778
516	0.13253263
517	0.13254407
518	0.13253945
519	0.13255128
520	0.13255239
521	0.13255563
522	0.13253970
523	0.13254832
524	0.13255545
525	0.13254245
526	0.13254942
527	0.13253041
528	0.13254254
529	0.13254954
530	0.13255921
531	0.13254213
532	0.13255312
533	0.13255472
534	0.13255019
535	0.13253514
536	0.13252735
537	0.13254479
538	0.13253888
539	0.13253613
540	0.13255422
541	0.13254096
542	0.13256390
543	0.13254113
544	0.13254684
545	0.13255647
546	0.13254495
547	0.13253942
548	0.13252468
549	0.13252600
550	0.13253132
551	0.13253498
552	0.13254137
553	0.13253433
554	0.13251860
555	0.13252206
556	0.13252386
557	0.13254865
558	0.13254283
559	0.13252537
560	0.13253741
561	0.13254543
562	0.13253693
563	0.13253641
564	0.13252760
565	0.13253751
566	0.13254441
567	0.13254231
568	0.13253801
569	0.13254057
570	0.13254464
571	0.13254534
572	0.13255119
573	0.13255745
574	0.13255250
575	0.13253166
576	0.13254540
577	0.13254149
578	0.13255514
579	0.13255352
580	0.13254473
581	0.13254002
582	0.13253732
583	0.13253413
584	0.13254592
585	0.13254125
586	0.13254054
587	0.13254856
588	0.13252673
589	0.13253184
590	0.13253327
591	0.13254261
592	0.13255247
593	0.13253868
594	0.13256611
595	0.13253821
596	0.13256073
597	0.13254848
598	0.13254912
599	0.13255250
600	0.13256672