	C:\Users\jkuzm\OneDrive - University of Massachusetts\HRSL x UMILL-PUMA Fatigue - Fatigue\Data\F01\FR3_static2.c3d _ImpedanceExport
	RMT1H
	TARGET
	ORIGINAL
ITEM	Y
1	0.41339517
2	0.41336432
3	0.41338655
4	0.41322759
5	0.41310677
6	0.41313151
7	0.41306704
8	0.41304344
9	0.41310441
10	0.41309080
11	0.41304091
12	0.41303331
13	0.41302690
14	0.41302371
15	0.41302377
16	0.41301271
17	0.41300020
18	0.41301161
19	0.41304198
20	0.41300923
21	0.41300207
22	0.41298893
23	0.41299134
24	0.41301149
25	0.41301015
26	0.41300994
27	0.41303718
28	0.41303593
29	0.41306403
30	0.41305542
31	0.41300339
32	0.41302770
33	0.41297826
34	0.41300872
35	0.41305301
36	0.41303453
37	0.41303572
38	0.41302478
39	0.41304398
40	0.41303614
41	0.41304725
42	0.41304499
43	0.41301337
44	0.41303587
45	0.41304067
46	0.41303930
47	0.41300824
48	0.41304806
49	0.41305774
50	0.41304579
51	0.41306013
52	0.41305605
53	0.41307276
54	0.41304445
55	0.41303498
56	0.41304648
57	0.41307727
58	0.41307467
59	0.41304141
60	0.41308081
61	0.41308016
62	0.41304791
63	0.41305578
64	0.41304600
65	0.41302443
66	0.41303802
67	0.41304365
68	0.41305128
69	0.41307005
70	0.41305527
71	0.41307616
72	0.41308007
73	0.41306394
74	0.41308731
75	0.41305587
76	0.41307545
77	0.41305339
78	0.41304204
79	0.41306353
80	0.41307104
81	0.41307968
82	0.41306981
83	0.41311449
84	0.41311714
85	0.41311216
86	0.41312113
87	0.41309431
88	0.41310033
89	0.41306609
90	0.41309398
91	0.41308498
92	0.41311443
93	0.41310200
94	0.41311795
95	0.41311440
96	0.41312417
97	0.41308498
98	0.41308549
99	0.41306198
100	0.41309857
101	0.41307196
102	0.41309133
103	0.41312695
104	0.41308725
105	0.41307905
106	0.41306749
107	0.41310945
108	0.41307241
109	0.41311616
110	0.41308278
111	0.41307399
112	0.41308144
113	0.41307011
114	0.41308784
115	0.41305375
116	0.41307697
117	0.41309881
118	0.41307998
119	0.41308191
120	0.41306710
121	0.41309062
122	0.41308036
123	0.41309574
124	0.41309649
125	0.41315046
126	0.41313398
127	0.41318253
128	0.41315848
129	0.41319934
130	0.41315860
131	0.41319352
132	0.41317809
133	0.41318649
134	0.41319498
135	0.41317278
136	0.41320065
137	0.41322243
138	0.41318998
139	0.41323397
140	0.41322124
141	0.41319546
142	0.41319105
143	0.41316271
144	0.41317415
145	0.41317302
146	0.41319671
147	0.41322452
148	0.41322348
149	0.41323182
150	0.41323042
151	0.41323167
152	0.41324472
153	0.41323596
154	0.41325116
155	0.41323450
156	0.41324142
157	0.41327849
158	0.41330871
159	0.41331533
160	0.41330707
161	0.41332337
162	0.41331235
163	0.41334778
164	0.41331407
165	0.41333240
166	0.41332084
167	0.41334340
168	0.41336235
169	0.41334823
170	0.41336778
171	0.41339400
172	0.41339213
173	0.41336912
174	0.41338226
175	0.41336638
176	0.41337505
177	0.41338819
178	0.41336960
179	0.41337109
180	0.41334835
181	0.41340446
182	0.41338578
183	0.41340631
184	0.41339457
185	0.41337606
186	0.41337147
187	0.41337889
188	0.41337204
189	0.41336590
190	0.41336346
191	0.41340336
192	0.41339532
193	0.41339090
194	0.41339612
195	0.41341102
196	0.41342631
197	0.41341117
198	0.41341373
199	0.41342369
200	0.41342521
201	0.41345957
202	0.41345841
203	0.41345915
204	0.41347620
205	0.41347802
206	0.41350672
207	0.41350669
208	0.41381240
209	0.41348782
210	0.41349438
211	0.41381407
212	0.41351244
213	0.41351599
214	0.41385213
215	0.41387588
216	0.41357630
217	0.41354740
218	0.41353750
219	0.41353592
220	0.41353893
221	0.41353619
222	0.41353774
223	0.41357508
224	0.41387817
225	0.41359720
226	0.41390321
227	0.41361833
228	0.41359469
229	0.41391802
230	0.41357824
231	0.41392022
232	0.41391096
233	0.41393968
234	0.41393638
235	0.41393876
236	0.41397437
237	0.41396183
238	0.41399163
239	0.41398284
240	0.41395703
241	0.41397926
242	0.41398901
243	0.41399920
244	0.41398716
245	0.41366288
246	0.41398621
247	0.41399649
248	0.41401914
249	0.41399416
250	0.41401082
251	0.41400290
252	0.41400555
253	0.41398436
254	0.41402233
255	0.41402408
256	0.41399142
257	0.41399279
258	0.41402107
259	0.41402602
260	0.41403720
261	0.41406557
262	0.41403145
263	0.41402408
264	0.41402858
265	0.41403261
266	0.41405997
267	0.41404313
268	0.41404128
269	0.41405103
270	0.41410416
271	0.41406074
272	0.41405332
273	0.41404390
274	0.41407713
275	0.41405794
276	0.41405544
277	0.41408220
278	0.41408071
279	0.41406929
280	0.41409096
281	0.41411537
282	0.41409782
283	0.41410351
284	0.41408837
285	0.41410857
286	0.41411281
287	0.41411364
288	0.41414756
289	0.41416138
290	0.41414595
291	0.41418096
292	0.41416961
293	0.41419649
294	0.41418377
295	0.41420153
296	0.41418594
297	0.41419718
298	0.41417971
299	0.41420406
300	0.41420475
301	0.41421980
302	0.41426054
303	0.41424084
304	0.41423750
305	0.41424674
306	0.41425514
307	0.41423434
308	0.41423425
309	0.41427073
310	0.41424963
311	0.41427177
312	0.41427729
313	0.41429564
314	0.41430843
315	0.41428795
316	0.41432512
317	0.41432822
318	0.41432333
319	0.41428965
320	0.41434419
321	0.41431943
322	0.41432083
323	0.41435197
324	0.41432741
325	0.41432610
326	0.41432753
327	0.41435865
328	0.41433927
329	0.41434705
330	0.41435456
331	0.41431460
332	0.41433397
333	0.41434357
334	0.41433400
335	0.41438344
336	0.41434485
337	0.41437671
338	0.41437814
339	0.41436130
340	0.41436064
341	0.41441005
342	0.41439587
343	0.41441435
344	0.41441092
345	0.41442224
346	0.41444093
347	0.41441998
348	0.41445810
349	0.41444659
350	0.41444331
351	0.41445988
352	0.41447860
353	0.41448399
354	0.41446924
355	0.41448048
356	0.41445923
357	0.41447768
358	0.41450134
359	0.41448519
360	0.41448548
361	0.41445690
362	0.41448340
363	0.41448978
364	0.41448969
365	0.41447592
366	0.41449365
367	0.41448140
368	0.41450015
369	0.41452301
370	0.41451538
371	0.41451335
372	0.41451329
373	0.41452906
374	0.41452447
375	0.41453114
376	0.41452724
377	0.41453636
378	0.41452286
379	0.41452748
380	0.41454765
381	0.41455373
382	0.41456208
383	0.41457152
384	0.41453257
385	0.41455802
386	0.41454938
387	0.41454187
388	0.41456339
389	0.41456059
390	0.41457269
391	0.41455448
392	0.41459405
393	0.41455004
394	0.41457018
395	0.41453451
396	0.41455516
397	0.41456074
398	0.41454950
399	0.41458106
400	0.41455853
401	0.41458899
402	0.41459498
403	0.41458300
404	0.41457692
405	0.41459042
406	0.41454414
407	0.41456655
408	0.41458732
409	0.41455495
410	0.41457587
411	0.41456151
412	0.41457513
413	0.41460487
414	0.41462749
415	0.41459391
416	0.41458967
417	0.41460481
418	0.41460210
419	0.41457301
420	0.41457102
421	0.41456980
422	0.41459647
423	0.41460294
424	0.41460845
425	0.41460931
426	0.41461375
427	0.41460899
428	0.41459009
429	0.41458398
430	0.41459551
431	0.41458991
432	0.41456643
433	0.41460004
434	0.41459116
435	0.41456562
436	0.41459087
437	0.41457021
438	0.41459391
439	0.41457316
440	0.41457433
441	0.41463712
442	0.41458929
443	0.41458938
444	0.41455784
445	0.41459304
446	0.41458374
447	0.41460195
448	0.41459551
449	0.41459787
450	0.41455162
451	0.41460148
452	0.41455150
453	0.41453537
454	0.41454673
455	0.41457906
456	0.41457391
457	0.41454849
458	0.41455179
459	0.41455120
460	0.41455337
461	0.41454107
462	0.41455549
463	0.41451940
464	0.41450462
465	0.41453230
466	0.41452345
467	0.41450134
468	0.41453552
469	0.41455045
470	0.41453516
471	0.41451859
472	0.41450629
473	0.41453800
474	0.41452324
475	0.41452914
476	0.41453439
477	0.41450852
478	0.41452378
479	0.41451517
480	0.41453880
481	0.41453674
482	0.41453221
483	0.41452539
484	0.41454235
485	0.41451585
486	0.41447738
487	0.41448367
488	0.41450119
489	0.41451988
490	0.41448578
491	0.41449636
492	0.41452706
493	0.41448006
494	0.41447529
495	0.41447568
496	0.41445839
497	0.41449240
498	0.41447473
499	0.41444206
500	0.41447365
501	0.41444361
502	0.41445753
503	0.41444847
504	0.41442099
505	0.41439000
506	0.41439915
507	0.41437802
508	0.41435438
509	0.41434953
510	0.41432583
511	0.41432312
512	0.41431853
513	0.41427657
514	0.41425475
515	0.41422135
516	0.41417530
517	0.41416627
518	0.41412154
519	0.41407710
520	0.41403505
521	0.41399851
522	0.41397420
523	0.41393593
524	0.41393667
525	0.41362175
526	0.41359219
527	0.41358551
528	0.41354901
529	0.41351587
530	0.41350049
531	0.41353685
532	0.41348672
533	0.41350681
534	0.41348225
535	0.41345173
536	0.41346312
537	0.41345632
538	0.41344756
539	0.41340008
540	0.41341826
541	0.41339710
542	0.41336274
543	0.41336390
544	0.41338897
545	0.41337243
546	0.41337964
547	0.41339335
548	0.41335163
549	0.41332939
550	0.41329971
551	0.41326654
552	0.41320285
553	0.41320437
554	0.41316676
555	0.41317406
556	0.41315946
557	0.41314590
558	0.41312456
559	0.41315892
560	0.41313651
561	0.41315135
562	0.41313857
563	0.41312817
564	0.41312864
565	0.41315958
566	0.41317412
567	0.41316628
568	0.41318542
569	0.41317880
570	0.41317582
571	0.41319138
572	0.41318163
573	0.41317162
574	0.41315937
575	0.41318360
576	0.41314438
577	0.41314936
578	0.41315308
579	0.41318193
580	0.41319117
581	0.41316655
582	0.41318849
583	0.41316757
584	0.41315940
585	0.41315946
586	0.41314059
587	0.41314915
588	0.41312721
589	0.41312605
590	0.41313964
591	0.41314721
592	0.41313174
593	0.41309983
594	0.41310453
595	0.41311002
596	0.41309050
597	0.41308525
598	0.41309449
599	0.41310146
600	0.41311261