	C:\Users\jkuzm\OneDrive - University of Massachusetts\HRSL x UMILL-PUMA Fatigue - Fatigue\Data\F01\FR3_static2.c3d _ImpedanceExport
	RCAL3
	TARGET
	ORIGINAL
ITEM	X
1	0.42579791
2	0.42578700
3	0.42578930
4	0.42579263
5	0.42577618
6	0.42575061
7	0.42578074
8	0.42574841
9	0.42577103
10	0.42576537
11	0.42576778
12	0.42577899
13	0.42574728
14	0.42578334
15	0.42578596
16	0.42578343
17	0.42576382
18	0.42578623
19	0.42578918
20	0.42577669
21	0.42578262
22	0.42579967
23	0.42577347
24	0.42577416
25	0.42578584
26	0.42576107
27	0.42576849
28	0.42578375
29	0.42578343
30	0.42578843
31	0.42577600
32	0.42577517
33	0.42578611
34	0.42578933
35	0.42577741
36	0.42577505
37	0.42579085
38	0.42574340
39	0.42577425
40	0.42577243
41	0.42577401
42	0.42577612
43	0.42576963
44	0.42578208
45	0.42576027
46	0.42578441
47	0.42578670
48	0.42577124
49	0.42578495
50	0.42578977
51	0.42577967
52	0.42577201
53	0.42578167
54	0.42577472
55	0.42577311
56	0.42576087
57	0.42575568
58	0.42574957
59	0.42575520
60	0.42575157
61	0.42577267
62	0.42575529
63	0.42575473
64	0.42576501
65	0.42576018
66	0.42575279
67	0.42577910
68	0.42577618
69	0.42577049
70	0.42576987
71	0.42577222
72	0.42577532
73	0.42576793
74	0.42575809
75	0.42576969
76	0.42576709
77	0.42577329
78	0.42578918
79	0.42577302
80	0.42577171
81	0.42577225
82	0.42579025
83	0.42578730
84	0.42579073
85	0.42579088
86	0.42576516
87	0.42577881
88	0.42578065
89	0.42578620
90	0.42577118
91	0.42578921
92	0.42577767
93	0.42578152
94	0.42577127
95	0.42576462
96	0.42578456
97	0.42577383
98	0.42577472
99	0.42577776
100	0.42577800
101	0.42577863
102	0.42579627
103	0.42576513
104	0.42578572
105	0.42577928
106	0.42577580
107	0.42576760
108	0.42578742
109	0.42578074
110	0.42578632
111	0.42579165
112	0.42580009
113	0.42578173
114	0.42578402
115	0.42579851
116	0.42577738
117	0.42577478
118	0.42578545
119	0.42578185
120	0.42578626
121	0.42579472
122	0.42578262
123	0.42578754
124	0.42577577
125	0.42578000
126	0.42578447
127	0.42578393
128	0.42578664
129	0.42577994
130	0.42578521
131	0.42577568
132	0.42577747
133	0.42579699
134	0.42578539
135	0.42579857
136	0.42580736
137	0.42579919
138	0.42579749
139	0.42579815
140	0.42581797
141	0.42581195
142	0.42580619
143	0.42580420
144	0.42580715
145	0.42580459
146	0.42579427
147	0.42579871
148	0.42580333
149	0.42579401
150	0.42579642
151	0.42577121
152	0.42578363
153	0.42578334
154	0.42576659
155	0.42574960
156	0.42576092
157	0.42575380
158	0.42575294
159	0.42575741
160	0.42575711
161	0.42574987
162	0.42575756
163	0.42575896
164	0.42574483
165	0.42576647
166	0.42574778
167	0.42575023
168	0.42573461
169	0.42575470
170	0.42574519
171	0.42575112
172	0.42574999
173	0.42573524
174	0.42575201
175	0.42573941
176	0.42572162
177	0.42573836
178	0.42572987
179	0.42571923
180	0.42574885
181	0.42573738
182	0.42574021
183	0.42573968
184	0.42572767
185	0.42573911
186	0.42574942
187	0.42574942
188	0.42571783
189	0.42574292
190	0.42575115
191	0.42574179
192	0.42572916
193	0.42574331
194	0.42575401
195	0.42573866
196	0.42573437
197	0.42573205
198	0.42572039
199	0.42574191
200	0.42572704
201	0.42572886
202	0.42573392
203	0.42572880
204	0.42572707
205	0.42572320
206	0.42570433
207	0.42573488
208	0.42574126
209	0.42572749
210	0.42573252
211	0.42573622
212	0.42574403
213	0.42572206
214	0.42569467
215	0.42573997
216	0.42572811
217	0.42573828
218	0.42570192
219	0.42572883
220	0.42571515
221	0.42572677
222	0.42571831
223	0.42571396
224	0.42571783
225	0.42573148
226	0.42572883
227	0.42571497
228	0.42572084
229	0.42571867
230	0.42573616
231	0.42571712
232	0.42572969
233	0.42572272
234	0.42570862
235	0.42573172
236	0.42571473
237	0.42571220
238	0.42570952
239	0.42574057
240	0.42571759
241	0.42572156
242	0.42572117
243	0.42571029
244	0.42571113
245	0.42572629
246	0.42572072
247	0.42573225
248	0.42571941
249	0.42573759
250	0.42571738
251	0.42573449
252	0.42572644
253	0.42572278
254	0.42573109
255	0.42572239
256	0.42571396
257	0.42571604
258	0.42571381
259	0.42570648
260	0.42571750
261	0.42572165
262	0.42569861
263	0.42572781
264	0.42571160
265	0.42571348
266	0.42571652
267	0.42571419
268	0.42570814
269	0.42571557
270	0.42572138
271	0.42573687
272	0.42573020
273	0.42572895
274	0.42571607
275	0.42571065
276	0.42572016
277	0.42569861
278	0.42571142
279	0.42571479
280	0.42571297
281	0.42571163
282	0.42573059
283	0.42570171
284	0.42575365
285	0.42571488
286	0.42571399
287	0.42571190
288	0.42572790
289	0.42572525
290	0.42571092
291	0.42570981
292	0.42570043
293	0.42572737
294	0.42570293
295	0.42572781
296	0.42570698
297	0.42573538
298	0.42571828
299	0.42573723
300	0.42572188
301	0.42573860
302	0.42573234
303	0.42573720
304	0.42573816
305	0.42573479
306	0.42571893
307	0.42572516
308	0.42572275
309	0.42572623
310	0.42571577
311	0.42571920
312	0.42571726
313	0.42572060
314	0.42571208
315	0.42572397
316	0.42572057
317	0.42572096
318	0.42571121
319	0.42573601
320	0.42570892
321	0.42571729
322	0.42572990
323	0.42571086
324	0.42573518
325	0.42572841
326	0.42572311
327	0.42572388
328	0.42573684
329	0.42573154
330	0.42573759
331	0.42574030
332	0.42574352
333	0.42574400
334	0.42573187
335	0.42574531
336	0.42573142
337	0.42572999
338	0.42572233
339	0.42573103
340	0.42573884
341	0.42573091
342	0.42571962
343	0.42573473
344	0.42574054
345	0.42573607
346	0.42572135
347	0.42574146
348	0.42573169
349	0.42573327
350	0.42572078
351	0.42572442
352	0.42573673
353	0.42573738
354	0.42573968
355	0.42573565
356	0.42573264
357	0.42573959
358	0.42574045
359	0.42575204
360	0.42575109
361	0.42574966
362	0.42574212
363	0.42572641
364	0.42572451
365	0.42573860
366	0.42575508
367	0.42571267
368	0.42572284
369	0.42575482
370	0.42572075
371	0.42573786
372	0.42572063
373	0.42574593
374	0.42572731
375	0.42573011
376	0.42571259
377	0.42572224
378	0.42570996
379	0.42574194
380	0.42572337
381	0.42574432
382	0.42570940
383	0.42572674
384	0.42572644
385	0.42573774
386	0.42571300
387	0.42573181
388	0.42572349
389	0.42573297
390	0.42572469
391	0.42573580
392	0.42573345
393	0.42573708
394	0.42574382
395	0.42571428
396	0.42572680
397	0.42573085
398	0.42573065
399	0.42573363
400	0.42571744
401	0.42573026
402	0.42574620
403	0.42571566
404	0.42573828
405	0.42572299
406	0.42574322
407	0.42571494
408	0.42573890
409	0.42571831
410	0.42572278
411	0.42573261
412	0.42571419
413	0.42572981
414	0.42571613
415	0.42571372
416	0.42573130
417	0.42571968
418	0.42572325
419	0.42571089
420	0.42571592
421	0.42572400
422	0.42574114
423	0.42574242
424	0.42574599
425	0.42571443
426	0.42571118
427	0.42569324
428	0.42571583
429	0.42572135
430	0.42572710
431	0.42574579
432	0.42572120
433	0.42572668
434	0.42572153
435	0.42572185
436	0.42573950
437	0.42573431
438	0.42571074
439	0.42570657
440	0.42573002
441	0.42571554
442	0.42571679
443	0.42571706
444	0.42570788
445	0.42573452
446	0.42573053
447	0.42571574
448	0.42572528
449	0.42572734
450	0.42571729
451	0.42571104
452	0.42570812
453	0.42574364
454	0.42571983
455	0.42573282
456	0.42573708
457	0.42573276
458	0.42571500
459	0.42574430
460	0.42572188
461	0.42574066
462	0.42574099
463	0.42573497
464	0.42573610
465	0.42574134
466	0.42573148
467	0.42572212
468	0.42573690
469	0.42573249
470	0.42574254
471	0.42573199
472	0.42572561
473	0.42571941
474	0.42571729
475	0.42573944
476	0.42572093
477	0.42572138
478	0.42573744
479	0.42572233
480	0.42571864
481	0.42573646
482	0.42573327
483	0.42572474
484	0.42571992
485	0.42570516
486	0.42571959
487	0.42571849
488	0.42573023
489	0.42574325
490	0.42574397
491	0.42572817
492	0.42573664
493	0.42573059
494	0.42573926
495	0.42571759
496	0.42573747
497	0.42573869
498	0.42572385
499	0.42572808
500	0.42573372
501	0.42572114
502	0.42572558
503	0.42574146
504	0.42573383
505	0.42571670
506	0.42572260
507	0.42572632
508	0.42572957
509	0.42572567
510	0.42571500
511	0.42571220
512	0.42571548
513	0.42571989
514	0.42569911
515	0.42569420
516	0.42572436
517	0.42570007
518	0.42571980
519	0.42569649
520	0.42570502
521	0.42571718
522	0.42570403
523	0.42568707
524	0.42571878
525	0.42570147
526	0.42569065
527	0.42567554
528	0.42569205
529	0.42569008
530	0.42569742
531	0.42570415
532	0.42570803
533	0.42570740
534	0.42570934
535	0.42569199
536	0.42573303
537	0.42572695
538	0.42573309
539	0.42573050
540	0.42574206
541	0.42572588
542	0.42573631
543	0.42574668
544	0.42574829
545	0.42574948
546	0.42577246
547	0.42574978
548	0.42572838
549	0.42576161
550	0.42576876
551	0.42577562
552	0.42577603
553	0.42577484
554	0.42580554
555	0.42580891
556	0.42580697
557	0.42581370
558	0.42582595
559	0.42581427
560	0.42582411
561	0.42580587
562	0.42583337
563	0.42582721
564	0.42579269
565	0.42580152
566	0.42581725
567	0.42581302
568	0.42581862
569	0.42580396
570	0.42582637
571	0.42582187
572	0.42582870
573	0.42584771
574	0.42584625
575	0.42585817
576	0.42585799
577	0.42586434
578	0.42585438
579	0.42586696
580	0.42588377
581	0.42586994
582	0.42586952
583	0.42587772
584	0.42587176
585	0.42587820
586	0.42589152
587	0.42588666
588	0.42588750
589	0.42588952
590	0.42588553
591	0.42589742
592	0.42589402
593	0.42589873
594	0.42589208
595	0.42589378
596	0.42590103
597	0.42589077
598	0.42588982
599	0.42589670
600	0.42588773