	C:\Users\jkuzm\OneDrive - University of Massachusetts\HRSL x UMILL-PUMA Fatigue - Fatigue\Data\F01\FR3_static2.c3d _ImpedanceExport
	LCAL2
	TARGET
	ORIGINAL
ITEM	X
1	0.17343292
2	0.17342550
3	0.17344947
4	0.17343234
5	0.17340246
6	0.17340086
7	0.17341682
8	0.17340429
9	0.17338483
10	0.17340285
11	0.17341302
12	0.17340083
13	0.17338739
14	0.17338100
15	0.17339231
16	0.17338192
17	0.17338249
18	0.17339040
19	0.17338379
20	0.17337628
21	0.17336997
22	0.17339085
23	0.17337920
24	0.17338017
25	0.17336752
26	0.17338531
27	0.17336850
28	0.17339404
29	0.17337562
30	0.17338766
31	0.17339449
32	0.17339917
33	0.17340857
34	0.17339341
35	0.17339794
36	0.17339942
37	0.17339507
38	0.17339353
39	0.17339058
40	0.17339413
41	0.17339411
42	0.17341109
43	0.17338619
44	0.17339547
45	0.17338493
46	0.17337759
47	0.17338033
48	0.17339183
49	0.17338070
50	0.17339826
51	0.17338386
52	0.17338939
53	0.17338865
54	0.17339364
55	0.17340246
56	0.17338449
57	0.17338535
58	0.17338994
59	0.17338316
60	0.17340092
61	0.17338197
62	0.17339334
63	0.17339064
64	0.17340510
65	0.17339841
66	0.17338583
67	0.17338018
68	0.17339158
69	0.17337754
70	0.17340139
71	0.17338489
72	0.17339802
73	0.17338708
74	0.17339094
75	0.17338078
76	0.17338611
77	0.17339662
78	0.17339970
79	0.17339794
80	0.17340992
81	0.17341819
82	0.17341340
83	0.17339256
84	0.17339191
85	0.17341062
86	0.17341189
87	0.17340118
88	0.17342949
89	0.17340517
90	0.17339620
91	0.17341408
92	0.17342527
93	0.17341080
94	0.17341694
95	0.17340930
96	0.17340375
97	0.17342027
98	0.17342384
99	0.17342505
100	0.17339154
101	0.17342520
102	0.17342226
103	0.17341238
104	0.17341772
105	0.17341587
106	0.17343524
107	0.17342296
108	0.17343014
109	0.17341796
110	0.17342807
111	0.17342098
112	0.17342491
113	0.17341518
114	0.17341956
115	0.17341630
116	0.17340927
117	0.17343339
118	0.17341574
119	0.17342328
120	0.17341122
121	0.17340741
122	0.17344260
123	0.17342159
124	0.17343394
125	0.17342295
126	0.17342460
127	0.17342274
128	0.17344485
129	0.17343615
130	0.17342988
131	0.17344111
132	0.17343767
133	0.17345648
134	0.17344606
135	0.17345102
136	0.17343898
137	0.17343017
138	0.17344595
139	0.17343731
140	0.17342199
141	0.17342222
142	0.17342685
143	0.17343149
144	0.17342913
145	0.17341180
146	0.17341059
147	0.17342518
148	0.17342897
149	0.17343348
150	0.17341015
151	0.17342030
152	0.17342584
153	0.17341858
154	0.17341718
155	0.17341745
156	0.17342961
157	0.17342716
158	0.17342226
159	0.17341731
160	0.17342719
161	0.17340432
162	0.17343280
163	0.17343225
164	0.17342730
165	0.17342228
166	0.17343667
167	0.17341001
168	0.17341311
169	0.17341831
170	0.17342466
171	0.17341498
172	0.17341252
173	0.17341851
174	0.17341417
175	0.17341653
176	0.17341504
177	0.17344376
178	0.17343752
179	0.17345759
180	0.17344141
181	0.17343152
182	0.17343372
183	0.17345786
184	0.17344764
185	0.17345633
186	0.17345650
187	0.17344509
188	0.17348260
189	0.17347972
190	0.17346008
191	0.17344888
192	0.17346817
193	0.17345327
194	0.17345928
195	0.17345406
196	0.17346121
197	0.17346483
198	0.17346197
199	0.17345670
200	0.17345645
201	0.17346276
202	0.17346129
203	0.17345938
204	0.17345226
205	0.17344993
206	0.17346393
207	0.17346387
208	0.17345507
209	0.17345317
210	0.17346226
211	0.17345795
212	0.17346853
213	0.17347853
214	0.17347667
215	0.17347981
216	0.17348444
217	0.17348658
218	0.17346630
219	0.17346621
220	0.17347583
221	0.17347750
222	0.17347944
223	0.17347470
224	0.17347866
225	0.17347772
226	0.17347994
227	0.17347234
228	0.17346974
229	0.17347337
230	0.17346410
231	0.17348276
232	0.17348143
233	0.17347115
234	0.17347457
235	0.17346096
236	0.17344646
237	0.17347018
238	0.17346883
239	0.17345908
240	0.17347266
241	0.17348684
242	0.17346090
243	0.17346765
244	0.17346860
245	0.17345753
246	0.17346007
247	0.17346838
248	0.17346656
249	0.17347869
250	0.17346725
251	0.17346804
252	0.17345789
253	0.17347854
254	0.17348321
255	0.17348324
256	0.17348152
257	0.17346489
258	0.17346729
259	0.17346250
260	0.17347364
261	0.17347762
262	0.17347531
263	0.17347795
264	0.17346337
265	0.17346653
266	0.17345461
267	0.17346144
268	0.17345032
269	0.17345290
270	0.17346950
271	0.17344639
272	0.17346139
273	0.17345122
274	0.17345737
275	0.17345069
276	0.17344648
277	0.17344545
278	0.17345233
279	0.17344685
280	0.17345364
281	0.17344619
282	0.17343979
283	0.17344059
284	0.17342328
285	0.17342597
286	0.17341492
287	0.17341456
288	0.17342651
289	0.17342292
290	0.17341881
291	0.17342792
292	0.17342454
293	0.17344087
294	0.17343323
295	0.17342025
296	0.17342393
297	0.17342128
298	0.17341572
299	0.17341755
300	0.17341900
301	0.17342594
302	0.17340671
303	0.17340384
304	0.17340137
305	0.17339900
306	0.17339794
307	0.17340173
308	0.17341532
309	0.17339443
310	0.17338552
311	0.17340113
312	0.17337771
313	0.17338865
314	0.17339645
315	0.17337486
316	0.17338225
317	0.17340183
318	0.17337729
319	0.17337947
320	0.17337717
321	0.17337082
322	0.17339991
323	0.17338580
324	0.17338191
325	0.17337511
326	0.17338067
327	0.17337367
328	0.17338252
329	0.17337815
330	0.17339024
331	0.17337480
332	0.17338911
333	0.17339842
334	0.17338258
335	0.17338474
336	0.17337200
337	0.17335916
338	0.17338917
339	0.17338251
340	0.17338440
341	0.17336920
342	0.17337142
343	0.17337111
344	0.17335267
345	0.17338461
346	0.17338113
347	0.17337133
348	0.17337972
349	0.17336340
350	0.17338102
351	0.17339055
352	0.17336844
353	0.17337906
354	0.17337264
355	0.17338234
356	0.17339076
357	0.17338370
358	0.17338081
359	0.17338130
360	0.17336690
361	0.17338666
362	0.17337354
363	0.17336823
364	0.17336810
365	0.17337109
366	0.17335066
367	0.17336772
368	0.17336489
369	0.17336619
370	0.17335992
371	0.17336310
372	0.17336266
373	0.17336039
374	0.17337228
375	0.17336829
376	0.17337899
377	0.17338206
378	0.17337054
379	0.17338195
380	0.17337957
381	0.17337419
382	0.17338535
383	0.17337644
384	0.17338443
385	0.17338417
386	0.17337315
387	0.17338495
388	0.17338157
389	0.17337209
390	0.17336947
391	0.17337207
392	0.17339155
393	0.17339264
394	0.17338842
395	0.17339183
396	0.17337474
397	0.17340362
398	0.17338961
399	0.17339104
400	0.17337564
401	0.17339818
402	0.17337459
403	0.17337103
404	0.17337178
405	0.17336591
406	0.17338091
407	0.17338067
408	0.17337380
409	0.17337702
410	0.17337964
411	0.17337702
412	0.17338166
413	0.17337370
414	0.17338453
415	0.17338301
416	0.17338230
417	0.17336737
418	0.17337431
419	0.17337310
420	0.17336683
421	0.17337154
422	0.17335522
423	0.17335810
424	0.17334294
425	0.17336036
426	0.17336640
427	0.17335629
428	0.17336363
429	0.17336656
430	0.17335896
431	0.17336157
432	0.17335691
433	0.17337911
434	0.17335905
435	0.17338467
436	0.17337413
437	0.17337233
438	0.17338464
439	0.17338417
440	0.17337672
441	0.17338528
442	0.17336462
443	0.17336790
444	0.17337532
445	0.17336597
446	0.17336720
447	0.17335911
448	0.17335963
449	0.17335342
450	0.17336386
451	0.17336947
452	0.17336240
453	0.17337908
454	0.17336093
455	0.17337961
456	0.17337701
457	0.17338088
458	0.17336050
459	0.17338747
460	0.17336346
461	0.17338873
462	0.17336553
463	0.17337589
464	0.17337437
465	0.17338455
466	0.17338413
467	0.17337430
468	0.17337094
469	0.17337123
470	0.17334805
471	0.17336908
472	0.17337215
473	0.17337769
474	0.17336790
475	0.17337260
476	0.17337027
477	0.17336413
478	0.17339328
479	0.17337154
480	0.17336568
481	0.17336221
482	0.17338793
483	0.17339194
484	0.17339106
485	0.17336978
486	0.17337596
487	0.17336939
488	0.17337267
489	0.17337362
490	0.17337726
491	0.17335902
492	0.17339483
493	0.17338671
494	0.17337897
495	0.17336670
496	0.17338690
497	0.17339413
498	0.17336698
499	0.17338628
500	0.17337637
501	0.17338783
502	0.17338055
503	0.17339300
504	0.17339006
505	0.17339027
506	0.17338350
507	0.17336912
508	0.17338756
509	0.17337994
510	0.17337838
511	0.17340709
512	0.17340522
513	0.17340924
514	0.17339428
515	0.17340313
516	0.17338668
517	0.17339930
518	0.17337850
519	0.17339438
520	0.17337644
521	0.17337677
522	0.17338915
523	0.17340028
524	0.17336462
525	0.17338616
526	0.17336626
527	0.17335844
528	0.17335919
529	0.17335302
530	0.17335962
531	0.17335144
532	0.17334558
533	0.17335093
534	0.17336638
535	0.17336321
536	0.17335059
537	0.17334907
538	0.17335682
539	0.17336696
540	0.17335509
541	0.17336136
542	0.17334358
543	0.17335401
544	0.17336567
545	0.17336473
546	0.17337207
547	0.17336498
548	0.17335364
549	0.17335843
550	0.17337053
551	0.17336448
552	0.17336220
553	0.17337193
554	0.17334326
555	0.17334843
556	0.17334805
557	0.17334960
558	0.17334524
559	0.17334947
560	0.17334341
561	0.17334761
562	0.17336139
563	0.17335606
564	0.17334719
565	0.17336498
566	0.17338309
567	0.17336372
568	0.17338383
569	0.17339092
570	0.17338859
571	0.17337538
572	0.17340221
573	0.17339972
574	0.17339948
575	0.17341496
576	0.17340446
577	0.17341492
578	0.17341830
579	0.17343681
580	0.17341504
581	0.17341749
582	0.17341439
583	0.17342091
584	0.17341748
585	0.17341201
586	0.17340851
587	0.17342083
588	0.17342108
589	0.17341980
590	0.17342392
591	0.17342104
592	0.17340003
593	0.17341307
594	0.17341338
595	0.17339627
596	0.17339668
597	0.17339399
598	0.17340490
599	0.17341483
600	0.17339934