	C:\Users\jkuzm\OneDrive - University of Massachusetts\HRSL x UMILL-PUMA Fatigue - Fatigue\Data\F01\FR3_static2.c3d _ImpedanceExport
	RMT5H
	TARGET
	ORIGINAL
ITEM	Z
1	0.02779563
2	0.02776556
3	0.02777238
4	0.02777565
5	0.02777391
6	0.02777707
7	0.02777665
8	0.02777630
9	0.02778889
10	0.02779001
11	0.02781317
12	0.02779488
13	0.02781679
14	0.02780045
15	0.02779376
16	0.02778190
17	0.02778495
18	0.02778935
19	0.02779278
20	0.02778857
21	0.02779333
22	0.02777413
23	0.02780450
24	0.02778693
25	0.02778809
26	0.02779605
27	0.02776589
28	0.02777793
29	0.02778925
30	0.02778190
31	0.02779709
32	0.02779574
33	0.02781017
34	0.02777408
35	0.02779334
36	0.02777566
37	0.02778943
38	0.02778950
39	0.02780276
40	0.02777120
41	0.02778934
42	0.02780380
43	0.02779083
44	0.02778236
45	0.02780560
46	0.02776755
47	0.02776783
48	0.02776661
49	0.02776576
50	0.02777908
51	0.02776930
52	0.02778062
53	0.02778108
54	0.02777124
55	0.02775808
56	0.02777480
57	0.02776414
58	0.02777039
59	0.02776377
60	0.02777111
61	0.02774887
62	0.02774562
63	0.02775115
64	0.02775539
65	0.02775372
66	0.02776940
67	0.02775503
68	0.02775918
69	0.02775503
70	0.02776750
71	0.02773137
72	0.02775206
73	0.02773779
74	0.02777722
75	0.02777074
76	0.02776838
77	0.02774922
78	0.02773517
79	0.02773339
80	0.02774175
81	0.02773235
82	0.02773118
83	0.02773676
84	0.02774801
85	0.02773502
86	0.02774186
87	0.02773206
88	0.02775929
89	0.02774803
90	0.02775436
91	0.02774860
92	0.02775375
93	0.02772497
94	0.02771460
95	0.02772958
96	0.02771351
97	0.02771874
98	0.02773490
99	0.02774124
100	0.02774572
101	0.02772322
102	0.02773245
103	0.02771721
104	0.02770503
105	0.02768457
106	0.02770021
107	0.02769796
108	0.02769049
109	0.02769749
110	0.02772209
111	0.02772494
112	0.02771720
113	0.02769698
114	0.02770888
115	0.02770083
116	0.02771156
117	0.02773772
118	0.02771659
119	0.02769944
120	0.02770969
121	0.02771711
122	0.02773174
123	0.02772656
124	0.02771326
125	0.02770692
126	0.02768424
127	0.02769213
128	0.02772274
129	0.02771506
130	0.02772064
131	0.02770609
132	0.02769934
133	0.02772054
134	0.02769466
135	0.02771706
136	0.02770513
137	0.02768130
138	0.02770293
139	0.02770349
140	0.02771123
141	0.02771495
142	0.02773009
143	0.02770335
144	0.02772149
145	0.02770834
146	0.02772797
147	0.02771018
148	0.02768393
149	0.02771965
150	0.02770835
151	0.02771009
152	0.02770875
153	0.02774011
154	0.02771120
155	0.02772537
156	0.02769507
157	0.02770696
158	0.02768216
159	0.02766738
160	0.02769464
161	0.02770369
162	0.02771792
163	0.02768594
164	0.02770365
165	0.02769504
166	0.02769206
167	0.02765879
168	0.02767947
169	0.02768102
170	0.02768091
171	0.02767800
172	0.02767167
173	0.02766386
174	0.02767777
175	0.02768936
176	0.02765580
177	0.02766082
178	0.02767036
179	0.02768378
180	0.02765713
181	0.02763897
182	0.02764835
183	0.02767237
184	0.02768192
185	0.02767280
186	0.02768301
187	0.02767928
188	0.02767447
189	0.02765616
190	0.02767317
191	0.02766614
192	0.02766999
193	0.02766524
194	0.02766010
195	0.02766370
196	0.02767195
197	0.02766001
198	0.02766390
199	0.02765511
200	0.02764545
201	0.02766263
202	0.02767911
203	0.02764034
204	0.02763897
205	0.02764048
206	0.02764164
207	0.02766361
208	0.02767080
209	0.02764439
210	0.02765001
211	0.02761620
212	0.02761670
213	0.02762275
214	0.02760134
215	0.02762478
216	0.02759893
217	0.02760355
218	0.02763761
219	0.02764314
220	0.02763263
221	0.02762888
222	0.02763246
223	0.02760996
224	0.02761491
225	0.02760619
226	0.02760579
227	0.02761182
228	0.02762191
229	0.02759433
230	0.02759493
231	0.02759308
232	0.02760920
233	0.02759945
234	0.02758189
235	0.02758718
236	0.02755961
237	0.02758305
238	0.02757359
239	0.02757904
240	0.02759116
241	0.02757212
242	0.02756929
243	0.02760243
244	0.02759297
245	0.02761076
246	0.02760205
247	0.02757938
248	0.02758580
249	0.02757899
250	0.02756974
251	0.02757045
252	0.02758283
253	0.02757985
254	0.02758167
255	0.02758528
256	0.02760086
257	0.02757460
258	0.02755631
259	0.02754031
260	0.02756279
261	0.02757018
262	0.02756426
263	0.02758580
264	0.02756565
265	0.02756997
266	0.02757408
267	0.02756933
268	0.02755950
269	0.02756918
270	0.02757634
271	0.02756255
272	0.02755597
273	0.02756333
274	0.02756305
275	0.02756904
276	0.02756625
277	0.02755149
278	0.02756724
279	0.02756894
280	0.02756413
281	0.02754868
282	0.02755561
283	0.02756231
284	0.02755193
285	0.02756856
286	0.02756200
287	0.02755122
288	0.02756550
289	0.02756369
290	0.02754779
291	0.02752968
292	0.02754150
293	0.02752034
294	0.02753124
295	0.02753035
296	0.02753062
297	0.02751521
298	0.02752941
299	0.02754041
300	0.02753666
301	0.02751866
302	0.02750866
303	0.02752632
304	0.02751068
305	0.02748420
306	0.02751662
307	0.02751937
308	0.02749977
309	0.02752000
310	0.02751685
311	0.02752596
312	0.02750720
313	0.02750473
314	0.02751163
315	0.02749169
316	0.02751975
317	0.02749832
318	0.02749979
319	0.02748588
320	0.02752008
321	0.02750502
322	0.02751636
323	0.02749285
324	0.02749140
325	0.02747818
326	0.02749771
327	0.02749118
328	0.02750158
329	0.02749874
330	0.02751372
331	0.02750624
332	0.02750885
333	0.02751085
334	0.02749167
335	0.02748880
336	0.02747973
337	0.02747263
338	0.02748532
339	0.02750577
340	0.02751807
341	0.02751590
342	0.02749212
343	0.02749930
344	0.02748658
345	0.02747570
346	0.02749172
347	0.02748022
348	0.02751022
349	0.02749706
350	0.02749472
351	0.02749413
352	0.02748046
353	0.02749870
354	0.02749581
355	0.02747605
356	0.02747335
357	0.02745146
358	0.02747158
359	0.02746451
360	0.02748405
361	0.02746646
362	0.02747458
363	0.02746258
364	0.02747558
365	0.02746972
366	0.02746928
367	0.02745051
368	0.02746600
369	0.02744045
370	0.02747449
371	0.02745868
372	0.02745858
373	0.02748567
374	0.02746416
375	0.02746534
376	0.02749494
377	0.02745721
378	0.02747319
379	0.02747716
380	0.02745199
381	0.02747411
382	0.02745579
383	0.02746710
384	0.02744475
385	0.02747508
386	0.02746554
387	0.02746498
388	0.02746112
389	0.02747549
390	0.02747261
391	0.02745015
392	0.02746140
393	0.02743519
394	0.02747406
395	0.02746918
396	0.02748090
397	0.02745008
398	0.02748962
399	0.02746811
400	0.02745415
401	0.02746562
402	0.02746423
403	0.02746646
404	0.02747041
405	0.02747289
406	0.02746470
407	0.02745104
408	0.02747210
409	0.02746263
410	0.02745562
411	0.02745643
412	0.02744304
413	0.02747037
414	0.02744752
415	0.02745364
416	0.02746101
417	0.02746370
418	0.02745709
419	0.02744984
420	0.02745862
421	0.02746704
422	0.02745348
423	0.02744048
424	0.02742578
425	0.02744102
426	0.02742973
427	0.02743813
428	0.02743874
429	0.02744713
430	0.02746169
431	0.02744951
432	0.02745246
433	0.02742765
434	0.02743895
435	0.02743723
436	0.02744388
437	0.02743944
438	0.02746332
439	0.02745194
440	0.02743758
441	0.02745663
442	0.02743483
443	0.02743898
444	0.02744223
445	0.02743790
446	0.02744054
447	0.02745669
448	0.02746874
449	0.02744792
450	0.02742347
451	0.02747039
452	0.02744289
453	0.02745439
454	0.02746286
455	0.02743490
456	0.02744227
457	0.02744311
458	0.02744303
459	0.02743192
460	0.02744374
461	0.02744397
462	0.02743931
463	0.02745586
464	0.02746271
465	0.02746256
466	0.02744959
467	0.02745933
468	0.02742928
469	0.02744144
470	0.02743085
471	0.02743719
472	0.02743060
473	0.02746332
474	0.02746451
475	0.02745546
476	0.02742907
477	0.02744548
478	0.02744627
479	0.02743918
480	0.02743905
481	0.02742525
482	0.02743150
483	0.02745776
484	0.02744817
485	0.02746585
486	0.02749149
487	0.02744381
488	0.02746482
489	0.02746101
490	0.02745685
491	0.02743946
492	0.02745027
493	0.02743113
494	0.02746896
495	0.02746488
496	0.02746584
497	0.02747441
498	0.02749598
499	0.02746502
500	0.02747029
501	0.02748669
502	0.02747183
503	0.02748154
504	0.02747427
505	0.02748215
506	0.02749233
507	0.02749149
508	0.02750358
509	0.02752278
510	0.02750070
511	0.02750348
512	0.02751505
513	0.02751899
514	0.02753329
515	0.02752488
516	0.02755864
517	0.02757806
518	0.02756458
519	0.02758091
520	0.02760454
521	0.02760008
522	0.02759658
523	0.02758790
524	0.02760557
525	0.02761845
526	0.02762574
527	0.02763332
528	0.02764646
529	0.02762998
530	0.02764884
531	0.02763977
532	0.02763007
533	0.02767272
534	0.02764435
535	0.02764641
536	0.02765665
537	0.02768436
538	0.02763977
539	0.02766339
540	0.02768326
541	0.02766812
542	0.02765798
543	0.02766397
544	0.02765745
545	0.02768465
546	0.02767789
547	0.02770739
548	0.02771607
549	0.02771516
550	0.02773547
551	0.02774197
552	0.02772872
553	0.02774033
554	0.02772863
555	0.02775289
556	0.02773190
557	0.02772610
558	0.02772515
559	0.02772730
560	0.02771684
561	0.02776223
562	0.02775303
563	0.02773428
564	0.02774526
565	0.02774190
566	0.02773412
567	0.02770132
568	0.02773043
569	0.02769604
570	0.02773398
571	0.02771900
572	0.02772061
573	0.02772899
574	0.02773031
575	0.02772459
576	0.02772789
577	0.02769311
578	0.02771162
579	0.02768418
580	0.02770392
581	0.02769673
582	0.02768678
583	0.02767973
584	0.02771600
585	0.02769036
586	0.02770914
587	0.02769461
588	0.02770336
589	0.02770393
590	0.02770163
591	0.02769913
592	0.02770085
593	0.02767642
594	0.02770131
595	0.02771192
596	0.02772349
597	0.02768896
598	0.02771395
599	0.02770146
600	0.02770007