	C:\Users\jkuzm\OneDrive - University of Massachusetts\HRSL x UMILL-PUMA Fatigue - Fatigue\Data\F01\FR3_static2.c3d _ImpedanceExport
	FP1
	COFP
	ORIGINAL
ITEM	X
1	0.27601096
2	0.27663466
3	0.27449629
4	0.27662894
5	0.27488452
6	0.27402836
7	0.27505231
8	0.27412242
9	0.27476379
10	0.27553582
11	0.27609539
12	0.27681109
13	0.27613533
14	0.27417144
15	0.27594966
16	0.27588665
17	0.27378985
18	0.27711684
19	0.27646947
20	0.27588832
21	0.27775666
22	0.27453020
23	0.27504697
24	0.27725187
25	0.27417719
26	0.27710420
27	0.27666992
28	0.27573770
29	0.27666745
30	0.27659392
31	0.27377996
32	0.27605721
33	0.27531302
34	0.27415958
35	0.27670157
36	0.27569476
37	0.27635932
38	0.27626929
39	0.27390933
40	0.27358669
41	0.27679244
42	0.27319625
43	0.27623299
44	0.27629438
45	0.27562979
46	0.27640632
47	0.27444389
48	0.27482465
49	0.27666801
50	0.27436313
51	0.27613991
52	0.27683619
53	0.27504355
54	0.27671063
55	0.27580479
56	0.27457619
57	0.27667138
58	0.27561235
59	0.27622750
60	0.27755737
61	0.27622846
62	0.27688217
63	0.27721053
64	0.27453703
65	0.27553967
66	0.27650154
67	0.27405873
68	0.27794468
69	0.27756816
70	0.27604029
71	0.27706954
72	0.27424806
73	0.27513480
74	0.27667633
75	0.27396023
76	0.27652830
77	0.27725247
78	0.27461222
79	0.27662206
80	0.27599427
81	0.27434218
82	0.27668828
83	0.27563775
84	0.27502495
85	0.27735674
86	0.27601919
87	0.27683648
88	0.27690113
89	0.27263504
90	0.27615318
91	0.27667946
92	0.27459681
93	0.27699432
94	0.27705193
95	0.27648807
96	0.27775320
97	0.27542481
98	0.27572194
99	0.27646276
100	0.27433777
101	0.27748340
102	0.27760729
103	0.27628732
104	0.27767363
105	0.27644485
106	0.27545699
107	0.27757347
108	0.27547738
109	0.27591819
110	0.27709273
111	0.27672333
112	0.27771646
113	0.27718323
114	0.27470973
115	0.27626494
116	0.27697778
117	0.27304807
118	0.27734822
119	0.27718654
120	0.27621782
121	0.27723473
122	0.27501386
123	0.27540657
124	0.27672487
125	0.27477288
126	0.27692503
127	0.27642187
128	0.27633286
129	0.27745527
130	0.27634865
131	0.27487150
132	0.27702793
133	0.27554393
134	0.27617460
135	0.27695867
136	0.27614054
137	0.27727613
138	0.27814874
139	0.27508315
140	0.27709585
141	0.27668113
142	0.27570426
143	0.27754539
144	0.27785194
145	0.27699357
146	0.27710679
147	0.27556527
148	0.27605623
149	0.27733034
150	0.27532747
151	0.27675471
152	0.27733710
153	0.27582625
154	0.27759591
155	0.27656826
156	0.27521443
157	0.27611300
158	0.27568331
159	0.27598739
160	0.27763411
161	0.27651021
162	0.27741426
163	0.27770224
164	0.27415597
165	0.27955034
166	0.27656057
167	0.27434269
168	0.27797815
169	0.27685064
170	0.27660215
171	0.27736148
172	0.27503467
173	0.27551109
174	0.27776003
175	0.27439222
176	0.27733842
177	0.27722535
178	0.27625790
179	0.27771592
180	0.27693602
181	0.27548805
182	0.27739573
183	0.27556813
184	0.27661490
185	0.27721325
186	0.27612108
187	0.27760214
188	0.27730829
189	0.27489614
190	0.27604046
191	0.27715355
192	0.27520713
193	0.27766359
194	0.27698874
195	0.27766132
196	0.27795741
197	0.27556130
198	0.27573797
199	0.27743948
200	0.27468589
201	0.27705100
202	0.27741584
203	0.27698904
204	0.27775884
205	0.27647099
206	0.27513430
207	0.27696902
208	0.27560174
209	0.27635947
210	0.27713037
211	0.27661559
212	0.27780196
213	0.27767995
214	0.27454883
215	0.27625564
216	0.27752790
217	0.27539870
218	0.27812496
219	0.27717629
220	0.27725825
221	0.27759743
222	0.27571237
223	0.27552554
224	0.27855709
225	0.27522245
226	0.27730599
227	0.27746454
228	0.27613509
229	0.27813959
230	0.27644652
231	0.27583033
232	0.27745366
233	0.27644116
234	0.27608743
235	0.27724910
236	0.27615759
237	0.27723870
238	0.27749506
239	0.27533492
240	0.27600425
241	0.27684957
242	0.27672249
243	0.27678621
244	0.27740100
245	0.27804658
246	0.27776507
247	0.27541673
248	0.27569255
249	0.27774572
250	0.27479115
251	0.27725524
252	0.27740589
253	0.27564374
254	0.27761415
255	0.27640298
256	0.27503234
257	0.27670720
258	0.27590331
259	0.27611181
260	0.27778357
261	0.27764484
262	0.27822974
263	0.27767691
264	0.27538633
265	0.27679452
266	0.27761602
267	0.27534455
268	0.27773297
269	0.27720460
270	0.27704346
271	0.27640551
272	0.27546483
273	0.27623713
274	0.27756381
275	0.27529505
276	0.27781764
277	0.27789029
278	0.27630833
279	0.27808747
280	0.27645519
281	0.27548015
282	0.27814746
283	0.27601674
284	0.27682695
285	0.27831391
286	0.27671501
287	0.27740785
288	0.27732250
289	0.27517012
290	0.27763742
291	0.27767032
292	0.27582231
293	0.27776301
294	0.27825367
295	0.27800760
296	0.27829558
297	0.27625540
298	0.27679724
299	0.27817643
300	0.27537191
301	0.27969271
302	0.27856123
303	0.27683657
304	0.27834684
305	0.27695182
306	0.27591017
307	0.27789661
308	0.27641213
309	0.27583650
310	0.27784503
311	0.27762821
312	0.27847081
313	0.27755976
314	0.27603617
315	0.27703512
316	0.27764913
317	0.27555087
318	0.27781788
319	0.27723029
320	0.27626005
321	0.27869409
322	0.27622038
323	0.27630383
324	0.27806950
325	0.27503768
326	0.27773169
327	0.27792624
328	0.27727950
329	0.27923474
330	0.27684921
331	0.27707228
332	0.27835977
333	0.27660280
334	0.27777779
335	0.27849656
336	0.27738526
337	0.27851260
338	0.27909335
339	0.27656692
340	0.27771741
341	0.27815849
342	0.27593908
343	0.27872297
344	0.27832139
345	0.27861622
346	0.27934721
347	0.27581903
348	0.27837473
349	0.27906007
350	0.27608192
351	0.27932695
352	0.27869850
353	0.27715048
354	0.27887601
355	0.27735531
356	0.27631098
357	0.27838561
358	0.27596688
359	0.27719924
360	0.27809307
361	0.27771428
362	0.27889553
363	0.27802160
364	0.27605677
365	0.27816617
366	0.27850994
367	0.27432185
368	0.27958763
369	0.27828678
370	0.27876508
371	0.27910793
372	0.27689204
373	0.27745792
374	0.27872217
375	0.27612305
376	0.27820522
377	0.27802795
378	0.27701220
379	0.27938738
380	0.27777353
381	0.27618390
382	0.27897814
383	0.27722296
384	0.27852246
385	0.27931017
386	0.27828643
387	0.27933601
388	0.27892536
389	0.27669924
390	0.27852249
391	0.27815521
392	0.27685475
393	0.27876273
394	0.27868748
395	0.27864307
396	0.28007653
397	0.27669036
398	0.27697459
399	0.27930224
400	0.27634576
401	0.27872562
402	0.27884209
403	0.27712899
404	0.27925849
405	0.27628100
406	0.27674675
407	0.27898481
408	0.27716377
409	0.27796093
410	0.27868274
411	0.27738649
412	0.27921620
413	0.27823362
414	0.27613851
415	0.27817976
416	0.27746680
417	0.27693230
418	0.27931380
419	0.27885070
420	0.27838618
421	0.27931082
422	0.27686688
423	0.27725402
424	0.27933624
425	0.27625722
426	0.27731362
427	0.27849144
428	0.27764285
429	0.27840579
430	0.27744979
431	0.27680677
432	0.27906087
433	0.27676824
434	0.27796492
435	0.27882433
436	0.27785832
437	0.27919012
438	0.27899483
439	0.27714467
440	0.27826017
441	0.27845970
442	0.27638510
443	0.27931499
444	0.27869380
445	0.27800891
446	0.27991441
447	0.27689132
448	0.27805045
449	0.27948475
450	0.27597684
451	0.27927196
452	0.27932283
453	0.27726117
454	0.27861565
455	0.27789256
456	0.27734521
457	0.27952060
458	0.27730116
459	0.27810144
460	0.27899644
461	0.27814797
462	0.28015283
463	0.27822354
464	0.27668539
465	0.27880841
466	0.27883321
467	0.27701026
468	0.27904814
469	0.27880663
470	0.27890280
471	0.27975813
472	0.27666602
473	0.27688414
474	0.27939990
475	0.27683938
476	0.27944046
477	0.27926716
478	0.27827734
479	0.27992401
480	0.27762991
481	0.27700353
482	0.27939782
483	0.27750829
484	0.27822176
485	0.27976960
486	0.27828553
487	0.27949226
488	0.27983007
489	0.27798417
490	0.27872470
491	0.27901343
492	0.28042796
493	0.27958918
494	0.27932909
495	0.27917880
496	0.28011599
497	0.27751988
498	0.27835751
499	0.27955621
500	0.27691555
501	0.28012103
502	0.27940491
503	0.27884859
504	0.28039664
505	0.27887449
506	0.27822301
507	0.27993008
508	0.27806890
509	0.27923414
510	0.27951851
511	0.27860212
512	0.28000543
513	0.27869684
514	0.27715856
515	0.27887934
516	0.27939367
517	0.27717441
518	0.28026718
519	0.27901712
520	0.27958298
521	0.28060505
522	0.27859753
523	0.27904159
524	0.28031966
525	0.27712637
526	0.27993974
527	0.27978706
528	0.27931777
529	0.28041014
530	0.28022081
531	0.27815881
532	0.28047422
533	0.27780318
534	0.27897564
535	0.28039441
536	0.27921730
537	0.27993512
538	0.28018799
539	0.27791828
540	0.27790266
541	0.27863261
542	0.27811196
543	0.27976716
544	0.28015891
545	0.28033033
546	0.28082699
547	0.27754787
548	0.27941132
549	0.28066695
550	0.27786046
551	0.28157592
552	0.28026533
553	0.27948254
554	0.28102130
555	0.27916548
556	0.27844337
557	0.28123438
558	0.27866322
559	0.28009477
560	0.28103819
561	0.27915698
562	0.28097859
563	0.27976489
564	0.27791914
565	0.27999505
566	0.27894247
567	0.27787587
568	0.28049159
569	0.28051561
570	0.28052911
571	0.28069258
572	0.27862173
573	0.27829161
574	0.28101230
575	0.27747774
576	0.28020883
577	0.28044555
578	0.27935717
579	0.28170192
580	0.27934095
581	0.27798778
582	0.28026256
583	0.27813557
584	0.27922186
585	0.28059658
586	0.27921134
587	0.28071216
588	0.28106222
589	0.27848378
590	0.27990356
591	0.27953118
592	0.27802652
593	0.28051564
594	0.28041565
595	0.28085870
596	0.28080043
597	0.27827939
598	0.27830446
599	0.28093848
600	0.27776420
601	0.28106856
602	0.28095922
603	0.27986088
604	0.28146112
605	0.27944690
606	0.27864200
607	0.28081527
608	0.27887067
609	0.28075993
610	0.28048274
611	0.27946785
612	0.28082749
613	0.27959996
614	0.27845833
615	0.27991596
616	0.27985543
617	0.27885303
618	0.28204757
619	0.27952841
620	0.28059325
621	0.28077909
622	0.27863613
623	0.27999905
624	0.28088394
625	0.27825552
626	0.28059268
627	0.28118685
628	0.28059325
629	0.28080881
630	0.27965674
631	0.27877831
632	0.28055406
633	0.27849883
634	0.28040335
635	0.28128839
636	0.27896196
637	0.28098682
638	0.28022566
639	0.27879164
640	0.28013527
641	0.27993673
642	0.27822345
643	0.28092790
644	0.27993393
645	0.28075907
646	0.28081161
647	0.27723193
648	0.27936369
649	0.28113359
650	0.27757710
651	0.28078976
652	0.28022835
653	0.27970010
654	0.28089112
655	0.27916783
656	0.27932566
657	0.28029290
658	0.27839893
659	0.28057155
660	0.28132695
661	0.27956653
662	0.28103966
663	0.28033951
664	0.27855161
665	0.28179336
666	0.28130120
667	0.27951851
668	0.28142610
669	0.28096634
670	0.28040022
671	0.28101215
672	0.27865866
673	0.27926189
674	0.28066763
675	0.27794719
676	0.28138041
677	0.28094223
678	0.28035057
679	0.28120506
680	0.27883217
681	0.27862316
682	0.28059947
683	0.27817759
684	0.27933222
685	0.28055888
686	0.27895480
687	0.28054431
688	0.27973223
689	0.27790764
690	0.27968648
691	0.27922493
692	0.27861923
693	0.28010479
694	0.27857119
695	0.28126663
696	0.28064960
697	0.27837512
698	0.27970812
699	0.28063053
700	0.27728978
701	0.28149796
702	0.28010610
703	0.27971488
704	0.27997276
705	0.27865362
706	0.27878648
707	0.28029934
708	0.27860078
709	0.28005713
710	0.28102592
711	0.28011981
712	0.28144833
713	0.28124398
714	0.27901301
715	0.28015071
716	0.28002375
717	0.27829573
718	0.28085929
719	0.27985871
720	0.28031415
721	0.28083545
722	0.27832803
723	0.28057829
724	0.27940401
725	0.27775061
726	0.28086835
727	0.28015640
728	0.27892438
729	0.28095010
730	0.27817193
731	0.27815139
732	0.27881390
733	0.27731118
734	0.27971539
735	0.27997422
736	0.27907604
737	0.28048298
738	0.27986276
739	0.27844158
740	0.27932972
741	0.27967784
742	0.28024840
743	0.27952558
744	0.27988437
745	0.28063297
746	0.28055170
747	0.27900326
748	0.27894124
749	0.28060231
750	0.27720407
751	0.28076109
752	0.28097531
753	0.27851063
754	0.28111356
755	0.27931285
756	0.27839762
757	0.27998206
758	0.27786639
759	0.27967039
760	0.28081283
761	0.27891919
762	0.28082231
763	0.27964285
764	0.27795434
765	0.28001618
766	0.27900973
767	0.27821377
768	0.28079897
769	0.28015015
770	0.27959821
771	0.28072524
772	0.27815479
773	0.27922794
774	0.27938855
775	0.27770847
776	0.28071877
777	0.28027034
778	0.28015926
779	0.28051567
780	0.27876505
781	0.27738559
782	0.28099906
783	0.27823246
784	0.27954492
785	0.28040737
786	0.27856183
787	0.28110892
788	0.27968031
789	0.27809438
790	0.27940160
791	0.27946076
792	0.27840590
793	0.27976388
794	0.27963597
795	0.28034714
796	0.28022912
797	0.27848920
798	0.27911237
799	0.28101900
800	0.27793664
801	0.27994040
802	0.28057316
803	0.27936912
804	0.28070056
805	0.27913266
806	0.27778134
807	0.28028771
808	0.27780902
809	0.28044993
810	0.27997273
811	0.27861851
812	0.28147021
813	0.27964032
814	0.27768755
815	0.28012449
816	0.27934664
817	0.27816761
818	0.28129992
819	0.28264290
820	0.27926427
821	0.28121644
822	0.27810565
823	0.27996373
824	0.28098011
825	0.27729103
826	0.28112784
827	0.28001982
828	0.28025085
829	0.28083196
830	0.27927914
831	0.27855831
832	0.28074399
833	0.27827027
834	0.28011310
835	0.28034550
836	0.27942672
837	0.28033826
838	0.27968374
839	0.27768329
840	0.27966809
841	0.27926680
842	0.27810761
843	0.28012794
844	0.27965656
845	0.28014001
846	0.28071421
847	0.27770394
848	0.27979404
849	0.28137842
850	0.27735519
851	0.28066862
852	0.28088722
853	0.27920625
854	0.28067219
855	0.27913311
856	0.27923319
857	0.28240153
858	0.27916417
859	0.28153336
860	0.28070393
861	0.27977824
862	0.28184965
863	0.28073546
864	0.27927846
865	0.28123102
866	0.28015339
867	0.27874619
868	0.28103271
869	0.28072912
870	0.28143990
871	0.28201124
872	0.27935562
873	0.28049585
874	0.28146493
875	0.27807191
876	0.28167903
877	0.28179061
878	0.28157166
879	0.28124121
880	0.27916262
881	0.27924851
882	0.28083307
883	0.27838022
884	0.28053302
885	0.28094491
886	0.27939519
887	0.28130057
888	0.27987024
889	0.27807963
890	0.28005993
891	0.27890727
892	0.27854523
893	0.28104734
894	0.27942148
895	0.28091955
896	0.28082365
897	0.27779296
898	0.27990824
899	0.28103730
900	0.27806604
901	0.28164288
902	0.28109059
903	0.28045893
904	0.28210619
905	0.27921334
906	0.27999836
907	0.28133982
908	0.27888569
909	0.28128189
910	0.28119072
911	0.27972141
912	0.28142247
913	0.28081867
914	0.27942160
915	0.28139010
916	0.28007802
917	0.27864963
918	0.28177291
919	0.28084043
920	0.28158787
921	0.28103653
922	0.27865094
923	0.27998316
924	0.28104687
925	0.27774367
926	0.28170037
927	0.28113580
928	0.28006461
929	0.28133410
930	0.27897927
931	0.27841765
932	0.28054279
933	0.27797443
934	0.28042135
935	0.28044137
936	0.27893633
937	0.28047433
938	0.27997476
939	0.27800682
940	0.28004965
941	0.27920106
942	0.27921951
943	0.28028649
944	0.27939439
945	0.28131294
946	0.28099817
947	0.27798021
948	0.27924430
949	0.28037325
950	0.27740839
951	0.28176567
952	0.28125328
953	0.28003877
954	0.28167504
955	0.27987671
956	0.27888370
957	0.28046191
958	0.27824742
959	0.28047881
960	0.28083611
961	0.27885565
962	0.28086615
963	0.27981246
964	0.27889863
965	0.28088886
966	0.27968320
967	0.27930847
968	0.28152934
969	0.28020015
970	0.28130665
971	0.28131452
972	0.27899274
973	0.27850908
974	0.28069389
975	0.27736378
976	0.28097066
977	0.28110278
978	0.28023902
979	0.28186232
980	0.27941787
981	0.27880922
982	0.28078797
983	0.27774033
984	0.27980682
985	0.28137845
986	0.27953947
987	0.28127563
988	0.28007087
989	0.27844334
990	0.28033838
991	0.27976540
992	0.28018823
993	0.28118780
994	0.28089324
995	0.28038105
996	0.28083053
997	0.27794567
998	0.27957109
999	0.28093377
1000	0.27795368
1001	0.28123361
1002	0.28005075
1003	0.28009355
1004	0.28186938
1005	0.27844626
1006	0.27832589
1007	0.28117183
1008	0.27754122
1009	0.28060284
1010	0.28051919
1011	0.27918020
1012	0.28063208
1013	0.27979967
1014	0.27814198
1015	0.27990040
1016	0.28000256
1017	0.27994674
1018	0.28053308
1019	0.28021854
1020	0.28112671
1021	0.27987704
1022	0.27932137
1023	0.28007844
1024	0.28050932
1025	0.27828375
1026	0.28118452
1027	0.28145859
1028	0.28044525
1029	0.28164974
1030	0.27878591
1031	0.27841631
1032	0.28123870
1033	0.27859324
1034	0.28046611
1035	0.28059569
1036	0.27949432
1037	0.28061137
1038	0.28027308
1039	0.27860901
1040	0.28085783
1041	0.27935877
1042	0.27953365
1043	0.28068441
1044	0.28038561
1045	0.28086263
1046	0.28094667
1047	0.27819380
1048	0.27996275
1049	0.28073704
1050	0.27901441
1051	0.27992243
1052	0.28038549
1053	0.27953649
1054	0.28078616
1055	0.27907211
1056	0.27865773
1057	0.28144890
1058	0.27757835
1059	0.27934858
1060	0.28088769
1061	0.27969888
1062	0.28134933
1063	0.27944705
1064	0.27774546
1065	0.28041929
1066	0.28024939
1067	0.27917892
1068	0.28119171
1069	0.28033862
1070	0.27903375
1071	0.28210953
1072	0.27852863
1073	0.28021026
1074	0.28123990
1075	0.27809286
1076	0.28126124
1077	0.28141546
1078	0.28120121
1079	0.28167528
1080	0.27839717
1081	0.27878714
1082	0.28104427
1083	0.27785164
1084	0.28080806
1085	0.28128764
1086	0.27919951
1087	0.28064966
1088	0.28025001
1089	0.27829987
1090	0.27979612
1091	0.27930912
1092	0.27864707
1093	0.28006184
1094	0.28003302
1095	0.28073782
1096	0.28014505
1097	0.27840027
1098	0.27820393
1099	0.28041625
1100	0.27815005
1101	0.28115577
1102	0.28036514
1103	0.27948415
1104	0.28173932
1105	0.27914762
1106	0.27824318
1107	0.28048488
1108	0.27858189
1109	0.28081083
1110	0.28102830
1111	0.27922225
1112	0.28194532
1113	0.27986103
1114	0.27806979
1115	0.28062469
1116	0.27903083
1117	0.27795807
1118	0.28025103
1119	0.28031200
1120	0.28072584
1121	0.28069806
1122	0.27862903
1123	0.27937689
1124	0.28083193
1125	0.27819550
1126	0.28065264
1127	0.28017229
1128	0.27943271
1129	0.28105229
1130	0.27866811
1131	0.27833214
1132	0.28077239
1133	0.27731776
1134	0.27999324
1135	0.28052965
1136	0.27861744
1137	0.28057075
1138	0.27916887
1139	0.27798712
1140	0.27978757
1141	0.27889583
1142	0.27928129
1143	0.28054807
1144	0.28031513
1145	0.28088212
1146	0.28285855
1147	0.27747470
1148	0.27926508
1149	0.28100011
1150	0.27748808
1151	0.28127712
1152	0.28066978
1153	0.27980432
1154	0.28103572
1155	0.27849513
1156	0.27777892
1157	0.28162858
1158	0.27787003
1159	0.28064400
1160	0.28077957
1161	0.28000450
1162	0.28107888
1163	0.27973992
1164	0.27772906
1165	0.28029183
1166	0.27837604
1167	0.27892360
1168	0.28086707
1169	0.27938691
1170	0.28004354
1171	0.28073272
1172	0.27780595
1173	0.27967790
1174	0.28074509
1175	0.27707803
1176	0.28112814
1177	0.28057522
1178	0.27956018
1179	0.28142136
1180	0.27875158
1181	0.27882564
1182	0.28084776
1183	0.27821457
1184	0.28272635
1185	0.28087208
1186	0.27937758
1187	0.28131098
1188	0.27986693
1189	0.27796355
1190	0.28036103
1191	0.27902994
1192	0.27964920
1193	0.28066617
1194	0.27883384
1195	0.28007108
1196	0.28039661
1197	0.27709544
1198	0.27956238
1199	0.28099206
1200	0.27782968
1201	0.28092495
1202	0.28032753
1203	0.27974728
1204	0.28051499
1205	0.27935034
1206	0.27872404
1207	0.28097016
1208	0.27713567
1209	0.28071076
1210	0.28018424
1211	0.27869347
1212	0.28045309
1213	0.27910617
1214	0.27843571
1215	0.28019223
1216	0.27823928
1217	0.27806509
1218	0.28056675
1219	0.27911609
1220	0.28045592
1221	0.28025678
1222	0.27738348
1223	0.28025490
1224	0.27975878
1225	0.27756628
1226	0.28080764
1227	0.28065130
1228	0.28094450
1229	0.28110570
1230	0.27895904
1231	0.27844495
1232	0.28095135
1233	0.27788612
1234	0.28115952
1235	0.28094152
1236	0.27923876
1237	0.28047451
1238	0.27975753
1239	0.27748844
1240	0.27970964
1241	0.27809310
1242	0.27972940
1243	0.28023493
1244	0.27885374
1245	0.27962548
1246	0.28045005
1247	0.27713484
1248	0.27836016
1249	0.27980939
1250	0.27695766
1251	0.27991840
1252	0.27822900
1253	0.27879870
1254	0.28021574
1255	0.27750999
1256	0.27798834
1257	0.28062293
1258	0.27642250
1259	0.28029975
1260	0.27956390
1261	0.27846184
1262	0.27938536
1263	0.27928823
1264	0.27785292
1265	0.27968189
1266	0.27843124
1267	0.27864385
1268	0.28059691
1269	0.27973953
1270	0.28038728
1271	0.28081587
1272	0.27833751
1273	0.27876633
1274	0.28012145
1275	0.27742472
1276	0.28038132
1277	0.27979109
1278	0.27965024
1279	0.28029916
1280	0.27758679
1281	0.27857995
1282	0.28129539
1283	0.27672261
1284	0.27950966
1285	0.27967757
1286	0.27791327
1287	0.27953985
1288	0.27794904
1289	0.27732259
1290	0.27756390
1291	0.27811143
1292	0.27770770
1293	0.27974778
1294	0.27853456
1295	0.27958307
1296	0.27937540
1297	0.27659416
1298	0.27847487
1299	0.27988040
1300	0.27716660
1301	0.27975178
1302	0.27878597
1303	0.27874982
1304	0.27987584
1305	0.27746281
1306	0.27820140
1307	0.27949700
1308	0.27691475
1309	0.28008428
1310	0.27988806
1311	0.27805403
1312	0.28045318
1313	0.27879766
1314	0.27729762
1315	0.27973753
1316	0.27831006
1317	0.27917197
1318	0.27999288
1319	0.27879494
1320	0.28062385
1321	0.28007582
1322	0.27772212
1323	0.27875698
1324	0.27925324
1325	0.27641046
1326	0.27877778
1327	0.27877116
1328	0.27894920
1329	0.28056321
1330	0.27783531
1331	0.27754486
1332	0.28032768
1333	0.27661750
1334	0.27963582
1335	0.27980641
1336	0.27671993
1337	0.27857068
1338	0.27893656
1339	0.27702713
1340	0.27894649
1341	0.27680075
1342	0.27791375
1343	0.27929536
1344	0.27738920
1345	0.27951178
1346	0.27893433
1347	0.27654293
1348	0.27638111
1349	0.27939689
1350	0.27633625
1351	0.27954540
1352	0.27896219
1353	0.27823699
1354	0.27956721
1355	0.27693695
1356	0.27672094
1357	0.27941120
1358	0.27682933
1359	0.27931637
1360	0.27927625
1361	0.27748314
1362	0.27916571
1363	0.27792174
1364	0.27642846
1365	0.27897301
1366	0.27728200
1367	0.27767432
1368	0.27945808
1369	0.27824539
1370	0.27964312
1371	0.27874240
1372	0.27590704
1373	0.27792278
1374	0.27828205
1375	0.27638409
1376	0.27861363
1377	0.27967927
1378	0.27896208
1379	0.27937156
1380	0.27673626
1381	0.27715626
1382	0.27954030
1383	0.27609637
1384	0.27899098
1385	0.27898130
1386	0.27679634
1387	0.27922943
1388	0.27803347
1389	0.27663347
1390	0.27856997
1391	0.27673048
1392	0.27839780
1393	0.27817032
1394	0.27719462
1395	0.27833804
1396	0.27824041
1397	0.27387226
1398	0.27768552
1399	0.27853987
1400	0.27622354
1401	0.27890450
1402	0.27802366
1403	0.27742529
1404	0.27907714
1405	0.27647153
1406	0.27699485
1407	0.27795357
1408	0.27554521
1409	0.27884945
1410	0.27873242
1411	0.27774769
1412	0.27898526
1413	0.27726063
1414	0.27641961
1415	0.27927688
1416	0.27732718
1417	0.27766177
1418	0.27934811
1419	0.27787220
1420	0.27890256
1421	0.27885324
1422	0.27695742
1423	0.27861845
1424	0.27810636
1425	0.27612695
1426	0.27898338
1427	0.27848396
1428	0.27825189
1429	0.27997065
1430	0.27698863
1431	0.27704087
1432	0.27889749
1433	0.27573797
1434	0.27925417
1435	0.27851436
1436	0.27761424
1437	0.27870771
1438	0.27766132
1439	0.27637991
1440	0.27863654
1441	0.27644414
1442	0.27770203
1443	0.27854428
1444	0.27671301
1445	0.27852356
1446	0.27780622
1447	0.27512050
1448	0.27700064
1449	0.27726051
1450	0.27507132
1451	0.27864078
1452	0.27680501
1453	0.27756080
1454	0.27750111
1455	0.27585873
1456	0.27623820
1457	0.27798247
1458	0.27526793
1459	0.27818832
1460	0.27840295
1461	0.27677512
1462	0.27868700
1463	0.27748701
1464	0.27568942
1465	0.27800182
1466	0.27639288
1467	0.27726632
1468	0.27889752
1469	0.27660641
1470	0.27837840
1471	0.27822760
1472	0.27616435
1473	0.28113991
1474	0.27855578
1475	0.27540502
1476	0.27830157
1477	0.27825889
1478	0.27779362
1479	0.27942041
1480	0.27517211
1481	0.27662638
1482	0.27861834
1483	0.27451819
1484	0.27831942
1485	0.27826765
1486	0.27654672
1487	0.27808067
1488	0.27647969
1489	0.27601975
1490	0.27788141
1491	0.27615246
1492	0.27669969
1493	0.27701929
1494	0.27600682
1495	0.27828962
1496	0.27805573
1497	0.27496570
1498	0.27681106
1499	0.27680200
1500	0.27499524
1501	0.27775732
1502	0.27799430
1503	0.27746788
1504	0.27893057
1505	0.27534223
1506	0.27653781
1507	0.27882147
1508	0.27495900
1509	0.27803430
1510	0.27781510
1511	0.27814734
1512	0.27799562
1513	0.27729720
1514	0.27444381
1515	0.27741939
1516	0.27590528
1517	0.27631882
1518	0.27779043
1519	0.27627546
1520	0.27841464
1521	0.27662984
1522	0.27509803
1523	0.27668822
1524	0.27686459
1525	0.27508035
1526	0.27762690
1527	0.27703184
1528	0.27728489
1529	0.27745849
1530	0.27563956
1531	0.27584067
1532	0.27898666
1533	0.27453190
1534	0.27779093
1535	0.27757195
1536	0.27578995
1537	0.27780908
1538	0.27605063
1539	0.27536929
1540	0.27772793
1541	0.27645978
1542	0.27614295
1543	0.27724203
1544	0.27633613
1545	0.27836624
1546	0.27707621
1547	0.27534917
1548	0.27668956
1549	0.27750710
1550	0.27625760
1551	0.27743450
1552	0.27681735
1553	0.27716473
1554	0.27832520
1555	0.27504060
1556	0.27545241
1557	0.27741182
1558	0.27447942
1559	0.27716073
1560	0.27730215
1561	0.27615565
1562	0.27774748
1563	0.27554527
1564	0.27501315
1565	0.27719173
1566	0.27464214
1567	0.27603295
1568	0.27683115
1569	0.27599567
1570	0.27754679
1571	0.27682650
1572	0.27471116
1573	0.27706790
1574	0.27680677
1575	0.27433532
1576	0.27732089
1577	0.27792758
1578	0.27759621
1579	0.27617547
1580	0.27495912
1581	0.27539310
1582	0.27874523
1583	0.27412766
1584	0.27842888
1585	0.27796674
1586	0.27655974
1587	0.27716962
1588	0.27517101
1589	0.27552465
1590	0.27832171
1591	0.27580604
1592	0.27687839
1593	0.27758956
1594	0.27572873
1595	0.27766296
1596	0.27694133
1597	0.27441531
1598	0.27667761
1599	0.27766776
1600	0.27483404
1601	0.27711335
1602	0.27620408
1603	0.27722916
1604	0.27742660
1605	0.27426195
1606	0.27523375
1607	0.27778709
1608	0.27355742
1609	0.27794167
1610	0.27685353
1611	0.27543443
1612	0.27721429
1613	0.27485529
1614	0.27477211
1615	0.27645862
1616	0.27464887
1617	0.27477983
1618	0.27692968
1619	0.27522320
1620	0.27685741
1621	0.27635887
1622	0.27399084
1623	0.27612272
1624	0.27607664
1625	0.27370727
1626	0.27599108
1627	0.27726227
1628	0.27565801
1629	0.27715153
1630	0.27459556
1631	0.27493349
1632	0.27708513
1633	0.27407563
1634	0.27693632
1635	0.27694964
1636	0.27557164
1637	0.27731964
1638	0.27489942
1639	0.27478763
1640	0.27617884
1641	0.27421817
1642	0.27516761
1643	0.27654886
1644	0.27478501
1645	0.27626285
1646	0.27688339
1647	0.27448496
1648	0.27565858
1649	0.27583793
1650	0.27366769
1651	0.27682474
1652	0.27607512
1653	0.27606115
1654	0.27723590
1655	0.27351782
1656	0.27590162
1657	0.27703515
1658	0.27295479
1659	0.27666292
1660	0.27668971
1661	0.27530199
1662	0.27650943
1663	0.27452427
1664	0.27371934
1665	0.27604640
1666	0.27327880
1667	0.27451149
1668	0.27610531
1669	0.27404973
1670	0.27530444
1671	0.27523112
1672	0.27274865
1673	0.27460676
1674	0.27489775
1675	0.27210930
1676	0.27725798
1677	0.27577180
1678	0.27562270
1679	0.27619421
1680	0.27387747
1681	0.27440661
1682	0.27592000
1683	0.27318627
1684	0.27606404
1685	0.27645528
1686	0.27496508
1687	0.27625373
1688	0.27482745
1689	0.27339724
1690	0.27547333
1691	0.27361739
1692	0.27535179
1693	0.27564600
1694	0.27488881
1695	0.27603447
1696	0.27612546
1697	0.27375641
1698	0.27497160
1699	0.27521706
1700	0.27382928
1701	0.27578449
1702	0.27524137
1703	0.27633613
1704	0.27751866
1705	0.27373037
1706	0.27370292
1707	0.27578431
1708	0.27302772
1709	0.27619064
1710	0.27584240
1711	0.27476797
1712	0.27639458
1713	0.27344733
1714	0.27323490
1715	0.27595782
1716	0.27410680
1717	0.27484620
1718	0.27552411
1719	0.27392167
1720	0.27603191
1721	0.27546448
1722	0.27321658
1723	0.27520975
1724	0.27318534
1725	0.27335745
1726	0.27597904
1727	0.27509788
1728	0.27585876
1729	0.27683011
1730	0.27275553
1731	0.27391958
1732	0.27637854
1733	0.27254152
1734	0.27466398
1735	0.27606440
1736	0.27535203
1737	0.27613738
1738	0.27420133
1739	0.27411628
1740	0.27590173
1741	0.27393284
1742	0.27591082
1743	0.27515912
1744	0.27416682
1745	0.27652004
1746	0.27587265
1747	0.27320853
1748	0.27502513
1749	0.27525336
1750	0.27356791
1751	0.27603155
1752	0.27555874
1753	0.27519587
1754	0.27555507
1755	0.27320316
1756	0.27406430
1757	0.27579561
1758	0.27189857
1759	0.27683684
1760	0.27531323
1761	0.27487454
1762	0.27488089
1763	0.27365011
1764	0.27253741
1765	0.27533296
1766	0.27263236
1767	0.27422479
1768	0.27569121
1769	0.27416536
1770	0.27502954
1771	0.27406439
1772	0.27246386
1773	0.27424029
1774	0.27379122
1775	0.27204594
1776	0.27385285
1777	0.27467272
1778	0.27511078
1779	0.27597588
1780	0.27306131
1781	0.27220359
1782	0.27581304
1783	0.27264842
1784	0.27531555
1785	0.27530009
1786	0.27431580
1787	0.27610266
1788	0.27291760
1789	0.27288845
1790	0.27609831
1791	0.27314216
1792	0.27440310
1793	0.27543947
1794	0.27384913
1795	0.27561054
1796	0.27484515
1797	0.27307969
1798	0.27495542
1799	0.27476197
1800	0.27587107
1801	0.27514365
1802	0.27431485
1803	0.27527523
1804	0.27666301
1805	0.27316725
1806	0.27319455
1807	0.27564609
1808	0.27271342
1809	0.27524367
1810	0.27471671
1811	0.27419564
1812	0.27540269
1813	0.27323827
1814	0.27259901
1815	0.27478933
1816	0.27250254
1817	0.27367347
1818	0.27499884
1819	0.27320075
1820	0.27529109
1821	0.27440512
1822	0.27288097
1823	0.27337340
1824	0.27381548
1825	0.27251521
1826	0.27433926
1827	0.27368534
1828	0.27430066
1829	0.27498400
1830	0.27244172
1831	0.27380338
1832	0.27553016
1833	0.27186328
1834	0.27602071
1835	0.27540302
1836	0.27436963
1837	0.27658519
1838	0.27406728
1839	0.27329901
1840	0.27580068
1841	0.27276912
1842	0.27478641
1843	0.27472281
1844	0.27337325
1845	0.27532995
1846	0.27471071
1847	0.27278152
1848	0.27491596
1849	0.27461818
1850	0.27341673
1851	0.27610040
1852	0.27472228
1853	0.27550238
1854	0.27581379
1855	0.27296475
1856	0.27423665
1857	0.27544025
1858	0.27200499
1859	0.27593264
1860	0.27465898
1861	0.27409631
1862	0.27493802
1863	0.27340645
1864	0.27261552
1865	0.27472606
1866	0.27223307
1867	0.27405924
1868	0.27486205
1869	0.27184120
1870	0.27545696
1871	0.27349570
1872	0.27184981
1873	0.27447894
1874	0.27302656
1875	0.27227378
1876	0.27519155
1877	0.27310205
1878	0.27579895
1879	0.27567637
1880	0.27278304
1881	0.27380458
1882	0.27532482
1883	0.27152106
1884	0.27562162
1885	0.27497190
1886	0.27431035
1887	0.27668494
1888	0.27232724
1889	0.27350909
1890	0.27563596
1891	0.27261162
1892	0.27492023
1893	0.27501243
1894	0.27369690
1895	0.27577251
1896	0.27435854
1897	0.27288938
1898	0.27515510
1899	0.27448133
1900	0.27293992
1901	0.27579033
1902	0.27460727
1903	0.27525327
1904	0.27647489
1905	0.27300814
1906	0.27242145
1907	0.27494514
1908	0.27247450
1909	0.27529013
1910	0.27513281
1911	0.27420282
1912	0.27539727
1913	0.27395013
1914	0.27287564
1915	0.27476364
1916	0.27142328
1917	0.27439484
1918	0.27509809
1919	0.27326825
1920	0.27582982
1921	0.27463168
1922	0.27191010
1923	0.27455047
1924	0.27371842
1925	0.27267349
1926	0.27581471
1927	0.27433085
1928	0.27485442
1929	0.27520710
1930	0.27190199
1931	0.27405158
1932	0.27572533
1933	0.27175987
1934	0.27562582
1935	0.27520767
1936	0.27553189
1937	0.27600998
1938	0.27286163
1939	0.27228069
1940	0.27534181
1941	0.27286279
1942	0.27528191
1943	0.27490780
1944	0.27354562
1945	0.27571374
1946	0.27449757
1947	0.27248690
1948	0.27495876
1949	0.27444252
1950	0.27338636
1951	0.27584279
1952	0.27453476
1953	0.27567247
1954	0.27684715
1955	0.27259293
1956	0.27445996
1957	0.27575150
1958	0.27263325
1959	0.27559033
1960	0.27533251
1961	0.27498838
1962	0.27628696
1963	0.27363467
1964	0.27401942
1965	0.27592644
1966	0.27261257
1967	0.27515861
1968	0.27516803
1969	0.27414015
1970	0.27513143
1971	0.27467871
1972	0.27200153
1973	0.27420148
1974	0.27396172
1975	0.27347335
1976	0.27465436
1977	0.27438441
1978	0.27472922
1979	0.27568725
1980	0.27240545
1981	0.27340800
1982	0.27515996
1983	0.27166906
1984	0.27528715
1985	0.27489072
1986	0.27450112
1987	0.27568766
1988	0.27286178
1989	0.27321827
1990	0.27577239
1991	0.27265564
1992	0.27482569
1993	0.27564326
1994	0.27406254
1995	0.27658746
1996	0.27448991
1997	0.27292633
1998	0.27542824
1999	0.27478990
2000	0.27391550
2001	0.27612272
2002	0.27383187
2003	0.27604389
2004	0.27623913
2005	0.27369159
2006	0.27476367
2007	0.27633178
2008	0.27324522
2009	0.27607945
2010	0.27539226
2011	0.27467006
2012	0.27556098
2013	0.27375939
2014	0.27382314
2015	0.27579114
2016	0.27273655
2017	0.27546582
2018	0.27533028
2019	0.27439761
2020	0.27545413
2021	0.27556941
2022	0.27294996
2023	0.27500448
2024	0.27451047
2025	0.27328923
2026	0.27538666
2027	0.27462381
2028	0.27587917
2029	0.27595392
2030	0.27264550
2031	0.27521035
2032	0.27588862
2033	0.27242202
2034	0.27582532
2035	0.27549529
2036	0.27523637
2037	0.27735803
2038	0.27444535
2039	0.27355617
2040	0.27676344
2041	0.27381524
2042	0.27551913
2043	0.27626163
2044	0.27475971
2045	0.27622586
2046	0.27521873
2047	0.27258280
2048	0.27504098
2049	0.27432132
2050	0.27218884
2051	0.27444479
2052	0.27448484
2053	0.27553451
2054	0.27676800
2055	0.27407318
2056	0.27452794
2057	0.27634746
2058	0.27294385
2059	0.27679563
2060	0.27538219
2061	0.27499697
2062	0.27712286
2063	0.27367666
2064	0.27450567
2065	0.27595407
2066	0.27293018
2067	0.27539721
2068	0.27625698
2069	0.27440593
2070	0.27677554
2071	0.27599937
2072	0.27388328
2073	0.27581027
2074	0.27520540
2075	0.27429545
2076	0.27581185
2077	0.27574462
2078	0.27634060
2079	0.27709231
2080	0.27409190
2081	0.27467859
2082	0.27614602
2083	0.27258983
2084	0.27625728
2085	0.27567354
2086	0.27532250
2087	0.27626953
2088	0.27336267
2089	0.27239773
2090	0.27670959
2091	0.27235743
2092	0.27576563
2093	0.27615291
2094	0.27471766
2095	0.27623945
2096	0.27491993
2097	0.27328831
2098	0.27493635
2099	0.27448443
2100	0.27421713
2101	0.27574739
2102	0.27479944
2103	0.27611858
2104	0.27665290
2105	0.27314705
2106	0.27466276
2107	0.27581638
2108	0.27302134
2109	0.27726322
2110	0.27650470
2111	0.27652279
2112	0.27682880
2113	0.27365151
2114	0.27457792
2115	0.27681643
2116	0.27319807
2117	0.27741283
2118	0.27662629
2119	0.27509075
2120	0.27686387
2121	0.27627528
2122	0.27400321
2123	0.27605924
2124	0.27546012
2125	0.27431825
2126	0.27662638
2127	0.27496123
2128	0.27822253
2129	0.27669305
2130	0.27370375
2131	0.27501255
2132	0.27591211
2133	0.27286047
2134	0.27713287
2135	0.27640024
2136	0.27503988
2137	0.27702954
2138	0.27442932
2139	0.27377158
2140	0.27686596
2141	0.27265319
2142	0.27551207
2143	0.27622601
2144	0.27482301
2145	0.27663338
2146	0.27452528
2147	0.27391791
2148	0.27485257
2149	0.27527696
2150	0.27371231
2151	0.27664837
2152	0.27494860
2153	0.27532917
2154	0.27603874
2155	0.27380648
2156	0.27413449
2157	0.27618819
2158	0.27301475
2159	0.27673620
2160	0.27674574
2161	0.27567488
2162	0.27730897
2163	0.27461913
2164	0.27377358
2165	0.27633274
2166	0.27343053
2167	0.27638945
2168	0.27636543
2169	0.27506435
2170	0.27669722
2171	0.27574480
2172	0.27335936
2173	0.27624753
2174	0.27454823
2175	0.27616602
2176	0.27622059
2177	0.27572939
2178	0.27635092
2179	0.27633542
2180	0.27425534
2181	0.27607429
2182	0.27674744
2183	0.27356786
2184	0.27774706
2185	0.27573436
2186	0.27531925
2187	0.27740741
2188	0.27429450
2189	0.27501506
2190	0.27706480
2191	0.27333817
2192	0.27757517
2193	0.27638468
2194	0.27463317
2195	0.27672681
2196	0.27566600
2197	0.27375555
2198	0.27649835
2199	0.27454039
2200	0.27511522
2201	0.27711761
2202	0.27484331
2203	0.27645716
2204	0.27439356
2205	0.27396005
2206	0.27555144
2207	0.27690408
2208	0.27347124
2209	0.27673218
2210	0.27640006
2211	0.27645010
2212	0.27734813
2213	0.27446288
2214	0.27592215
2215	0.27759752
2216	0.27334753
2217	0.27681831
2218	0.27736372
2219	0.27554485
2220	0.27749601
2221	0.27641174
2222	0.27474672
2223	0.27600968
2224	0.27549964
2225	0.27579108
2226	0.27634257
2227	0.27597755
2228	0.27684149
2229	0.27746326
2230	0.27454874
2231	0.27588713
2232	0.27753484
2233	0.27499232
2234	0.27711594
2235	0.27762535
2236	0.27643532
2237	0.27769610
2238	0.27508992
2239	0.27515402
2240	0.27747142
2241	0.27370870
2242	0.27464128
2243	0.27723989
2244	0.27496898
2245	0.27749056
2246	0.27608359
2247	0.27429625
2248	0.27730951
2249	0.27652687
2250	0.27517638
2251	0.27711123
2252	0.27579916
2253	0.27846894
2254	0.27765229
2255	0.27483192
2256	0.27550143
2257	0.27670762
2258	0.27393866
2259	0.27734780
2260	0.27661002
2261	0.27686465
2262	0.27828375
2263	0.27527869
2264	0.27580076
2265	0.27831247
2266	0.27451700
2267	0.27800414
2268	0.27785155
2269	0.27568740
2270	0.27809986
2271	0.27678159
2272	0.27522945
2273	0.27675650
2274	0.27575138
2275	0.27619588
2276	0.27727497
2277	0.27616325
2278	0.27861610
2279	0.27811980
2280	0.27511713
2281	0.27649090
2282	0.27839276
2283	0.27475852
2284	0.27841133
2285	0.27816752
2286	0.27774456
2287	0.27850103
2288	0.27627382
2289	0.27610683
2290	0.27884930
2291	0.27549738
2292	0.27853939
2293	0.27809983
2294	0.27742457
2295	0.27833781
2296	0.27703744
2297	0.27561337
2298	0.27793670
2299	0.27593720
2300	0.27390665
2301	0.27795836
2302	0.27671021
2303	0.27796459
2304	0.27849993
2305	0.27537090
2306	0.27659312
2307	0.27780917
2308	0.27424014
2309	0.27772841
2310	0.27797255
2311	0.27697387
2312	0.27754733
2313	0.27534229
2314	0.27562451
2315	0.27860314
2316	0.27503648
2317	0.27808365
2318	0.27805620
2319	0.27704114
2320	0.27889863
2321	0.27699232
2322	0.27537018
2323	0.27812147
2324	0.27683753
2325	0.27790216
2326	0.27820274
2327	0.27706578
2328	0.27820191
2329	0.27838817
2330	0.27473745
2331	0.27726737
2332	0.27851832
2333	0.27565262
2334	0.27885175
2335	0.27846935
2336	0.27786264
2337	0.27921411
2338	0.27677304
2339	0.27747512
2340	0.27855277
2341	0.27587196
2342	0.27824926
2343	0.27858430
2344	0.27678826
2345	0.27828112
2346	0.27735066
2347	0.27644998
2348	0.27831802
2349	0.27691114
2350	0.27605873
2351	0.27836850
2352	0.27588299
2353	0.27850491
2354	0.27815288
2355	0.27541286
2356	0.27724573
2357	0.27746925
2358	0.27448109
2359	0.27906016
2360	0.27837807
2361	0.27787444
2362	0.27843896
2363	0.27620852
2364	0.27749842
2365	0.27869383
2366	0.27531245
2367	0.27916172
2368	0.27798304
2369	0.27741858
2370	0.27984953
2371	0.27796832
2372	0.27649322
2373	0.27905506
2374	0.27666068
2375	0.27743244
2376	0.27891058
2377	0.27763376
2378	0.27899507
2379	0.27869236
2380	0.27635580
2381	0.27803603
2382	0.27865377
2383	0.27586162
2384	0.27968413
2385	0.27906123
2386	0.27864155
2387	0.27940825
2388	0.27722472
2389	0.27707779
2390	0.27937639
2391	0.27566713
2392	0.27983373
2393	0.27931267
2394	0.27816895
2395	0.27922785
2396	0.27779958
2397	0.27606976
2398	0.27866238
2399	0.27690995
2400	0.27747267
2401	0.27927783
2402	0.27804053
2403	0.27960300
2404	0.27877480
2405	0.27606490
2406	0.28035101
2407	0.27866963
2408	0.27597535
2409	0.27934280
2410	0.27907348
2411	0.27897942
2412	0.27932060
2413	0.27719206
2414	0.27737513
2415	0.27937242
2416	0.27588797
2417	0.27819601
2418	0.27971992
2419	0.27770174
2420	0.28002229
2421	0.27834687
2422	0.27627635
2423	0.27905223
2424	0.27803740
2425	0.27805728
2426	0.27948028
2427	0.27872184
2428	0.27961364
2429	0.27938470
2430	0.27676800
2431	0.27868128
2432	0.27962255
2433	0.27717096
2434	0.28003150
2435	0.28023988
2436	0.27977979
2437	0.28050098
2438	0.27793568
2439	0.27845100
2440	0.28052890
2441	0.27643922
2442	0.27960563
2443	0.27987689
2444	0.27873099
2445	0.28035012
2446	0.27896515
2447	0.27714393
2448	0.27976593
2449	0.27780041
2450	0.27878851
2451	0.27974540
2452	0.27812502
2453	0.27975008
2454	0.27892286
2455	0.27884075
2456	0.27871260
2457	0.27928209
2458	0.27675101
2459	0.27984223
2460	0.27957129
2461	0.27901936
2462	0.27971026
2463	0.27745274
2464	0.27889168
2465	0.27993667
2466	0.27637386
2467	0.27992067
2468	0.27978304
2469	0.27865314
2470	0.28078628
2471	0.27850753
2472	0.27720362
2473	0.27968499
2474	0.27823997
2475	0.27887091
2476	0.28004757
2477	0.27899924
2478	0.28026709
2479	0.27984130
2480	0.27750626
2481	0.27919537
2482	0.27951452
2483	0.27706468
2484	0.28044984
2485	0.27999946
2486	0.27954647
2487	0.28070214
2488	0.27811015
2489	0.27852160
2490	0.28037748
2491	0.27708894
2492	0.28001356
2493	0.28164440
2494	0.27911937
2495	0.28134272
2496	0.27887416
2497	0.27788582
2498	0.27972186
2499	0.27790111
2500	0.27798074
2501	0.27962977
2502	0.27893946
2503	0.27949002
2504	0.27930093
2505	0.27715847
2506	0.27831024
2507	0.27930367
2508	0.27732775
2509	0.27903008
2510	0.27976570
2511	0.27973998
2512	0.28054461
2513	0.27613300
2514	0.27797446
2515	0.28034130
2516	0.27678016
2517	0.28005594
2518	0.28004867
2519	0.27857643
2520	0.28076530
2521	0.27863491
2522	0.27813897
2523	0.28003052
2524	0.27818665
2525	0.27957383
2526	0.27998552
2527	0.27945167
2528	0.28076643
2529	0.27939704
2530	0.27767089
2531	0.27807426
2532	0.28116882
2533	0.27722907
2534	0.28071940
2535	0.28024051
2536	0.27932727
2537	0.28158098
2538	0.27802277
2539	0.27830315
2540	0.28017277
2541	0.27684891
2542	0.27992046
2543	0.28030816
2544	0.27928734
2545	0.28023738
2546	0.27808368
2547	0.27735853
2548	0.27929178
2549	0.27797949
2550	0.27803838
2551	0.27918372
2552	0.27854395
2553	0.27964112
2554	0.27992219
2555	0.27702108
2556	0.27832410
2557	0.27909431
2558	0.27676895
2559	0.27941224
2560	0.28026247
2561	0.27855831
2562	0.27950755
2563	0.27693865
2564	0.27814227
2565	0.27973518
2566	0.27644682
2567	0.27880317
2568	0.27970561
2569	0.27826923
2570	0.27966860
2571	0.27849108
2572	0.27690566
2573	0.27891120
2574	0.27723464
2575	0.27880779
2576	0.27908736
2577	0.27802348
2578	0.27925169
2579	0.27771086
2580	0.27558696
2581	0.27751166
2582	0.27875587
2583	0.27623963
2584	0.27899361
2585	0.27825871
2586	0.27871042
2587	0.27954644
2588	0.27626538
2589	0.27639681
2590	0.27813661
2591	0.27494177
2592	0.27836159
2593	0.27828908
2594	0.27707353
2595	0.27882865
2596	0.27718556
2597	0.27671981
2598	0.27889919
2599	0.27646878
2600	0.27730715
2601	0.27769861
2602	0.27622846
2603	0.27788502
2604	0.27815691
2605	0.27565697
2606	0.27731565
2607	0.27804273
2608	0.27597013
2609	0.27880073
2610	0.27800280
2611	0.27749518
2612	0.27887225
2613	0.27633801
2614	0.27661833
2615	0.27883548
2616	0.27531779
2617	0.27867281
2618	0.27833116
2619	0.27754506
2620	0.27892184
2621	0.27686372
2622	0.27579883
2623	0.27868110
2624	0.27635148
2625	0.27760971
2626	0.27780563
2627	0.27910396
2628	0.27905992
2629	0.27800244
2630	0.27613372
2631	0.27789569
2632	0.27763182
2633	0.27600878
2634	0.27940595
2635	0.27826497
2636	0.27795607
2637	0.27884826
2638	0.27641645
2639	0.27730995
2640	0.27914470
2641	0.27566376
2642	0.27924138
2643	0.27947807
2644	0.27806440
2645	0.27908042
2646	0.27792066
2647	0.27647147
2648	0.27875996
2649	0.27742293
2650	0.27715996
2651	0.27888164
2652	0.27702513
2653	0.27827552
2654	0.27778643
2655	0.27629551
2656	0.27842081
2657	0.27684501
2658	0.27647156
2659	0.27831492
2660	0.27847248
2661	0.27855855
2662	0.27813193
2663	0.27596718
2664	0.27712014
2665	0.27885523
2666	0.27606127
2667	0.27951533
2668	0.27878612
2669	0.27778554
2670	0.27885139
2671	0.27742189
2672	0.27611193
2673	0.27964967
2674	0.27674073
2675	0.27771518
2676	0.27871859
2677	0.27813196
2678	0.27881980
2679	0.27787000
2680	0.27618918
2681	0.27856833
2682	0.27847055
2683	0.27603868
2684	0.27899602
2685	0.27866003
2686	0.27806553
2687	0.27908105
2688	0.27725023
2689	0.27746868
2690	0.27869925
2691	0.27590662
2692	0.27971831
2693	0.27958214
2694	0.27744779
2695	0.27983212
2696	0.27813223
2697	0.27678198
2698	0.27855459
2699	0.27669722
2700	0.27798560
2701	0.27892715
2702	0.27688476
2703	0.27828753
2704	0.27879944
2705	0.27613673
2706	0.27716807
2707	0.27767214
2708	0.27679336
2709	0.27813455
2710	0.27743378
2711	0.27845144
2712	0.27886832
2713	0.27626920
2714	0.27684271
2715	0.27984878
2716	0.27575728
2717	0.27944162
2718	0.27901423
2719	0.27763635
2720	0.27912763
2721	0.27670339
2722	0.27625233
2723	0.27841949
2724	0.27587849
2725	0.27778623
2726	0.27849826
2727	0.27771088
2728	0.27854767
2729	0.27791029
2730	0.27541009
2731	0.27754968
2732	0.27802557
2733	0.27491453
2734	0.27932361
2735	0.27776235
2736	0.27773163
2737	0.27818981
2738	0.27597183
2739	0.27632949
2740	0.27818084
2741	0.27498215
2742	0.27785528
2743	0.27815422
2744	0.27649233
2745	0.27814361
2746	0.27696893
2747	0.27541056
2748	0.27824366
2749	0.27595294
2750	0.27699906
2751	0.27834651
2752	0.27650729
2753	0.27806932
2754	0.27752888
2755	0.27531675
2756	0.27708572
2757	0.27671885
2758	0.27551571
2759	0.27690980
2760	0.27732784
2761	0.27766302
2762	0.27903965
2763	0.27474514
2764	0.27612159
2765	0.27776304
2766	0.27379385
2767	0.27806664
2768	0.27693519
2769	0.27613238
2770	0.27769259
2771	0.27543610
2772	0.27462834
2773	0.27763617
2774	0.27560294
2775	0.27645835
2776	0.27710479
2777	0.27623132
2778	0.27727649
2779	0.27716157
2780	0.27510887
2781	0.27728510
2782	0.27645633
2783	0.27532518
2784	0.27739009
2785	0.27783668
2786	0.27788132
2787	0.27857953
2788	0.27542010
2789	0.27685940
2790	0.27785292
2791	0.27538973
2792	0.27754307
2793	0.27801415
2794	0.27759892
2795	0.27907363
2796	0.27697301
2797	0.27575809
2798	0.27864805
2799	0.27620792
2800	0.27824432
2801	0.27781922
2802	0.27672878
2803	0.27869284
2804	0.27844596
2805	0.27573937
2806	0.27719101
2807	0.27727306
2808	0.27553409
2809	0.27813742
2810	0.27688941
2811	0.27715099
2812	0.27892908
2813	0.27558133
2814	0.27621204
2815	0.27880269
2816	0.27481210
2817	0.27924737
2818	0.27909654
2819	0.27762744
2820	0.27745572
2821	0.27659285
2822	0.27640921
2823	0.27845910
2824	0.27568874
2825	0.27736741
2826	0.27781054
2827	0.27747783
2828	0.27867758
2829	0.27721420
2830	0.27546906
2831	0.27776328
2832	0.27766058
2833	0.27597335
2834	0.27845305
2835	0.27866089
2836	0.27826574
2837	0.27946082
2838	0.27694011
2839	0.27701342
2840	0.27823237
2841	0.27575907
2842	0.27901292
2843	0.27920318
2844	0.27864689
2845	0.27936849
2846	0.27723441
2847	0.27759913
2848	0.27979887
2849	0.27732632
2850	0.27773625
2851	0.27927402
2852	0.27794108
2853	0.27849171
2854	0.27822766
2855	0.27652782
2856	0.27745634
2857	0.27795768
2858	0.27858374
2859	0.27812833
2860	0.27869239
2861	0.27840999
2862	0.27844536
2863	0.27636835
2864	0.27669448
2865	0.27926967
2866	0.27519596
2867	0.27913314
2868	0.27809078
2869	0.27703077
2870	0.27855319
2871	0.27719277
2872	0.27674448
2873	0.27856085
2874	0.27608415
2875	0.27795422
2876	0.27853251
2877	0.27667588
2878	0.27888060
2879	0.27865350
2880	0.27664244
2881	0.27907005
2882	0.27820703
2883	0.27705756
2884	0.27951932
2885	0.27880803
2886	0.27927697
2887	0.28016070
2888	0.27806619
2889	0.27783325
2890	0.28006238
2891	0.27618906
2892	0.27888978
2893	0.27982280
2894	0.27892280
2895	0.27992702
2896	0.27804327
2897	0.27776471
2898	0.28029385
2899	0.27725112
2900	0.27886719
2901	0.27963707
2902	0.27742332
2903	0.28032067
2904	0.27898470
2905	0.27727395
2906	0.27783805
2907	0.27895936
2908	0.27792761
2909	0.27925259
2910	0.27874106
2911	0.27921787
2912	0.28026125
2913	0.27736023
2914	0.27860180
2915	0.28020206
2916	0.27688727
2917	0.28199053
2918	0.28050232
2919	0.27899894
2920	0.28010988
2921	0.27785572
2922	0.27788225
2923	0.28056869
2924	0.27729532
2925	0.27973402
2926	0.28016341
2927	0.27883449
2928	0.28031549
2929	0.27864841
2930	0.27761903
2931	0.27975488
2932	0.27900335
2933	0.27760795
2934	0.28035590
2935	0.27909112
2936	0.28013647
2937	0.28042945
2938	0.27788177
2939	0.27820885
2940	0.27962887
2941	0.27695304
2942	0.28025714
2943	0.27926838
2944	0.27944693
2945	0.28148395
2946	0.27898890
2947	0.27728426
2948	0.28031397
2949	0.27793366
2950	0.27957451
2951	0.28002012
2952	0.27860758
2953	0.27996132
2954	0.28064656
2955	0.27807149
2956	0.27913836
2957	0.27888408
2958	0.27828693
2959	0.28040886
2960	0.27931896
2961	0.28039277
2962	0.27984878
2963	0.27744526
2964	0.27740929
2965	0.27975443
2966	0.27724597
2967	0.28062907
2968	0.28011960
2969	0.27873832
2970	0.28045806
2971	0.27881786
2972	0.27807882
2973	0.28046694
2974	0.27731249
2975	0.28020895
2976	0.27982506
2977	0.27805007
2978	0.28013104
2979	0.27910170
2980	0.27769551
2981	0.27951017
2982	0.27926677
2983	0.27953491
2984	0.28147322
2985	0.27869445
2986	0.28020287
2987	0.28057232
2988	0.27821687
2989	0.27910215
2990	0.28039065
2991	0.27730498
2992	0.28076196
2993	0.27993876
2994	0.28094259
2995	0.28154597
2996	0.27905563
2997	0.27887246
2998	0.28145069
2999	0.27824554
3000	0.27983093