	C:\Users\jkuzm\OneDrive - University of Massachusetts\HRSL x UMILL-PUMA Fatigue - Fatigue\Data\F01\FR3_static2.c3d _ImpedanceExport
	FP1
	COFP
	ORIGINAL
ITEM	Y
1	0.30154961
2	0.30288115
3	0.30113980
4	0.30194175
5	0.30196428
6	0.30152410
7	0.30146170
8	0.30024192
9	0.30083945
10	0.30258235
11	0.30097798
12	0.30296600
13	0.30065075
14	0.30058828
15	0.30104312
16	0.30175447
17	0.29969087
18	0.30178297
19	0.30121791
20	0.30107418
21	0.30102208
22	0.29841280
23	0.29963970
24	0.30057773
25	0.29961443
26	0.30093291
27	0.30137545
28	0.29949614
29	0.30008519
30	0.29853198
31	0.29812956
32	0.30042136
33	0.29918635
34	0.29884136
35	0.30129305
36	0.30019718
37	0.30133191
38	0.30157918
39	0.29889300
40	0.29838660
41	0.29921994
42	0.29863727
43	0.30238205
44	0.30128062
45	0.30177599
46	0.30173215
47	0.30012140
48	0.30070585
49	0.30196500
50	0.29947153
51	0.30279002
52	0.30253237
53	0.30095556
54	0.30206195
55	0.30107173
56	0.29888037
57	0.30083317
58	0.29922402
59	0.29932904
60	0.30131289
61	0.29941258
62	0.30127111
63	0.29977900
64	0.29942387
65	0.30060419
66	0.30022430
67	0.29747799
68	0.30138382
69	0.30169004
70	0.29866245
71	0.30084515
72	0.29976401
73	0.29935631
74	0.30078134
75	0.29838797
76	0.30160996
77	0.30099040
78	0.30047640
79	0.30059996
80	0.30070901
81	0.30000734
82	0.30143332
83	0.29969436
84	0.29910046
85	0.30130002
86	0.30125433
87	0.30124843
88	0.30112311
89	0.30373433
90	0.30060238
91	0.30037516
92	0.29906234
93	0.30172193
94	0.30059910
95	0.30157736
96	0.30120653
97	0.30039173
98	0.30038354
99	0.30026832
100	0.29911548
101	0.30089307
102	0.30164167
103	0.30015558
104	0.30171654
105	0.30127224
106	0.29962382
107	0.30002728
108	0.29958040
109	0.29996607
110	0.30225506
111	0.29969668
112	0.30080265
113	0.30024335
114	0.29923922
115	0.30069238
116	0.30010122
117	0.29774234
118	0.30075115
119	0.30079386
120	0.30179346
121	0.30166766
122	0.29992592
123	0.30065694
124	0.30152994
125	0.29905322
126	0.30177060
127	0.30219302
128	0.29985923
129	0.30210987
130	0.30097735
131	0.30038726
132	0.30206341
133	0.30063066
134	0.30025864
135	0.30137509
136	0.30061710
137	0.30245945
138	0.30132079
139	0.29889238
140	0.30087993
141	0.30071712
142	0.29847646
143	0.30200312
144	0.30062345
145	0.30039594
146	0.29966921
147	0.30186388
148	0.29995084
149	0.30007336
150	0.29864499
151	0.30074704
152	0.30145109
153	0.30022675
154	0.30140775
155	0.30036247
156	0.29900989
157	0.29978299
158	0.30061734
159	0.30024719
160	0.30186048
161	0.30080274
162	0.30123493
163	0.30129504
164	0.29920989
165	0.30536234
166	0.30163637
167	0.29896683
168	0.30215240
169	0.30189916
170	0.30033141
171	0.30249786
172	0.29918736
173	0.30096576
174	0.30114073
175	0.29929963
176	0.30223054
177	0.30223829
178	0.30121773
179	0.30224437
180	0.30122748
181	0.29959795
182	0.30148131
183	0.30014589
184	0.30017847
185	0.30159599
186	0.30139241
187	0.30196211
188	0.30085734
189	0.29963765
190	0.30061901
191	0.30044103
192	0.29912579
193	0.30106139
194	0.30182499
195	0.29585081
196	0.29994375
197	0.29973570
198	0.30050078
199	0.30145830
200	0.29783463
201	0.30063888
202	0.30154195
203	0.29886973
204	0.30189422
205	0.30028200
206	0.29985249
207	0.30081367
208	0.30113512
209	0.30072486
210	0.30269226
211	0.30133021
212	0.30153790
213	0.30062956
214	0.30042294
215	0.30209690
216	0.30094543
217	0.29928708
218	0.30295885
219	0.30190468
220	0.30196434
221	0.30238205
222	0.30012071
223	0.29966241
224	0.30358896
225	0.30016023
226	0.30228454
227	0.30219799
228	0.30054462
229	0.30095580
230	0.30114275
231	0.29951730
232	0.30183274
233	0.29943261
234	0.30014908
235	0.30249473
236	0.30006981
237	0.30148646
238	0.30151191
239	0.29934290
240	0.30060905
241	0.30058286
242	0.30090040
243	0.30439350
244	0.30123687
245	0.30109090
246	0.30194372
247	0.30024782
248	0.30147359
249	0.30189154
250	0.29970771
251	0.30186519
252	0.30265680
253	0.29936966
254	0.30230340
255	0.30095267
256	0.30043623
257	0.30114850
258	0.30146268
259	0.30113134
260	0.30245319
261	0.30183932
262	0.30297825
263	0.30201024
264	0.30144796
265	0.30132106
266	0.30155781
267	0.29913762
268	0.30237231
269	0.30200350
270	0.30158263
271	0.30119044
272	0.30087709
273	0.29972726
274	0.30143705
275	0.29903153
276	0.30245939
277	0.30086780
278	0.30132455
279	0.30110741
280	0.30201688
281	0.30057204
282	0.30186513
283	0.30008090
284	0.30005106
285	0.30204672
286	0.30126595
287	0.30172953
288	0.30196127
289	0.30041203
290	0.30061638
291	0.30017188
292	0.29938647
293	0.30184117
294	0.30091441
295	0.30099946
296	0.30150607
297	0.30115527
298	0.30062836
299	0.30276063
300	0.29926917
301	0.30306855
302	0.30326787
303	0.30168521
304	0.30210674
305	0.30107400
306	0.30155841
307	0.30205095
308	0.30028075
309	0.30082932
310	0.30338082
311	0.30116707
312	0.30142373
313	0.30147219
314	0.30017209
315	0.30128109
316	0.30149594
317	0.30078587
318	0.30185145
319	0.30314189
320	0.30865690
321	0.30256954
322	0.30067402
323	0.30043864
324	0.30109262
325	0.29971427
326	0.30219093
327	0.30177048
328	0.30092931
329	0.30233157
330	0.30027440
331	0.30061433
332	0.30204284
333	0.30066204
334	0.30191612
335	0.30258897
336	0.30149835
337	0.30211505
338	0.30100858
339	0.29964960
340	0.30090046
341	0.30074954
342	0.29956460
343	0.30183151
344	0.30287760
345	0.30180302
346	0.30170900
347	0.30218259
348	0.30155686
349	0.30095163
350	0.30046183
351	0.30341777
352	0.30261737
353	0.30146608
354	0.30236331
355	0.30137792
356	0.30091086
357	0.30136260
358	0.29963669
359	0.30166417
360	0.30317390
361	0.30138111
362	0.30196673
363	0.30106026
364	0.30074427
365	0.30251426
366	0.30084348
367	0.29920402
368	0.30108517
369	0.30265650
370	0.30192482
371	0.30248049
372	0.30163974
373	0.30128691
374	0.30202651
375	0.30002722
376	0.30340484
377	0.30132806
378	0.30141947
379	0.30247897
380	0.30110556
381	0.30079922
382	0.30269107
383	0.30036211
384	0.30329680
385	0.30315113
386	0.30183828
387	0.30344278
388	0.30144623
389	0.30039179
390	0.30220130
391	0.30095205
392	0.29915380
393	0.30319044
394	0.30233949
395	0.30195731
396	0.30249286
397	0.30259591
398	0.30081734
399	0.30225194
400	0.29942241
401	0.30265176
402	0.30325919
403	0.30247641
404	0.30254692
405	0.30224445
406	0.30073059
407	0.30250397
408	0.30002144
409	0.30210581
410	0.30327934
411	0.30126217
412	0.30191061
413	0.30190137
414	0.30057213
415	0.30225450
416	0.30456072
417	0.30024183
418	0.30332738
419	0.30343878
420	0.30394441
421	0.30287737
422	0.30173773
423	0.30191025
424	0.30316478
425	0.29996738
426	0.30116639
427	0.30289060
428	0.30207163
429	0.30272561
430	0.30220363
431	0.30208778
432	0.30332348
433	0.30186260
434	0.30187285
435	0.30287221
436	0.30190834
437	0.30260414
438	0.30295241
439	0.29999676
440	0.30167302
441	0.30123007
442	0.29966262
443	0.30304614
444	0.30089381
445	0.30213922
446	0.30127120
447	0.29991159
448	0.30039370
449	0.30226567
450	0.29926479
451	0.30227262
452	0.30131492
453	0.30157918
454	0.30266082
455	0.30152851
456	0.30144474
457	0.30115610
458	0.30122662
459	0.30218306
460	0.30333304
461	0.30234319
462	0.30284798
463	0.30212176
464	0.30081356
465	0.30314648
466	0.30317795
467	0.30021879
468	0.30313647
469	0.30208027
470	0.30333805
471	0.30280688
472	0.30074534
473	0.30299634
474	0.30615616
475	0.29997936
476	0.30248985
477	0.30319101
478	0.30140442
479	0.30237785
480	0.30184418
481	0.30156970
482	0.30298766
483	0.30011791
484	0.30130109
485	0.30270675
486	0.30146676
487	0.30240470
488	0.30291802
489	0.29988992
490	0.30188999
491	0.30137244
492	0.30244240
493	0.30378914
494	0.30174309
495	0.30091634
496	0.30155718
497	0.30015764
498	0.30108821
499	0.30132464
500	0.29963025
501	0.30309045
502	0.30275375
503	0.30392289
504	0.30342877
505	0.30188018
506	0.30150232
507	0.30272266
508	0.30102637
509	0.30320656
510	0.30241925
511	0.30220786
512	0.30226314
513	0.30177337
514	0.30019408
515	0.30292064
516	0.30091569
517	0.30125564
518	0.30393040
519	0.30199382
520	0.30305439
521	0.30347413
522	0.29753461
523	0.30108857
524	0.30204210
525	0.29961830
526	0.30286804
527	0.30318671
528	0.30161306
529	0.30221251
530	0.30049607
531	0.30123606
532	0.30192754
533	0.30056652
534	0.30100891
535	0.30330756
536	0.30153540
537	0.30223608
538	0.30240062
539	0.30106166
540	0.30190602
541	0.30111331
542	0.30014852
543	0.30285904
544	0.30211505
545	0.30308530
546	0.30184829
547	0.30076292
548	0.30133563
549	0.30244434
550	0.30074885
551	0.30655855
552	0.30330312
553	0.30170053
554	0.30231798
555	0.30121979
556	0.30036673
557	0.30168086
558	0.30092606
559	0.30195761
560	0.30324703
561	0.30207136
562	0.30183083
563	0.30228359
564	0.30078408
565	0.30197483
566	0.30211452
567	0.30185595
568	0.30281007
569	0.30363536
570	0.30396083
571	0.30319291
572	0.30045667
573	0.30249706
574	0.30180249
575	0.30060452
576	0.30373967
577	0.30288252
578	0.30316207
579	0.30449072
580	0.30074376
581	0.30207729
582	0.30277997
583	0.30129892
584	0.30328992
585	0.30289620
586	0.30256492
587	0.30334583
588	0.30236894
589	0.30113277
590	0.30225846
591	0.30127898
592	0.30108294
593	0.30267876
594	0.30338278
595	0.30162418
596	0.30254966
597	0.30141264
598	0.30058202
599	0.30251315
600	0.29935867
601	0.30435410
602	0.30263230
603	0.30210963
604	0.30363420
605	0.30141717
606	0.30118230
607	0.30148193
608	0.30047157
609	0.30431426
610	0.30339184
611	0.30323181
612	0.30231261
613	0.30322462
614	0.30178589
615	0.30269244
616	0.30298153
617	0.30191901
618	0.30205566
619	0.30299324
620	0.30347830
621	0.30328366
622	0.30253324
623	0.30297986
624	0.30303168
625	0.30029491
626	0.30409727
627	0.30370849
628	0.30094475
629	0.30323714
630	0.30241352
631	0.30181381
632	0.30299091
633	0.30117419
634	0.30224901
635	0.30428222
636	0.30342230
637	0.30368462
638	0.30231428
639	0.30225325
640	0.30314371
641	0.30282673
642	0.30106601
643	0.30422014
644	0.30282956
645	0.30369684
646	0.30367982
647	0.30648065
648	0.30340150
649	0.30340743
650	0.30043632
651	0.30454728
652	0.30425420
653	0.30392504
654	0.30382490
655	0.30269691
656	0.30255076
657	0.30309111
658	0.30257761
659	0.30421296
660	0.30332908
661	0.30299848
662	0.30350435
663	0.30240875
664	0.30205560
665	0.30286387
666	0.30215013
667	0.30181435
668	0.30507553
669	0.30255851
670	0.30422515
671	0.30361101
672	0.30214956
673	0.30226925
674	0.30416003
675	0.30107167
676	0.30238545
677	0.30460799
678	0.30289266
679	0.30375817
680	0.30324900
681	0.30257663
682	0.30498174
683	0.30228460
684	0.30431628
685	0.30296156
686	0.30195197
687	0.30455530
688	0.30257413
689	0.30187193
690	0.30265075
691	0.30324346
692	0.30235109
693	0.30415246
694	0.30359873
695	0.30317855
696	0.30433893
697	0.30275086
698	0.30280185
699	0.30454981
700	0.30240396
701	0.30506718
702	0.30401045
703	0.30351496
704	0.30388334
705	0.30334496
706	0.30180955
707	0.30448422
708	0.30194676
709	0.30452466
710	0.30494434
711	0.30374265
712	0.30425194
713	0.30206159
714	0.30320296
715	0.30226561
716	0.30259958
717	0.30213195
718	0.30341691
719	0.30389151
720	0.30412382
721	0.30405122
722	0.30250353
723	0.30574146
724	0.30916524
725	0.30273691
726	0.30543074
727	0.30530298
728	0.30407327
729	0.30405617
730	0.30424324
731	0.30373451
732	0.30592951
733	0.30301133
734	0.30581990
735	0.30462331
736	0.30427176
737	0.30487838
738	0.30458900
739	0.30301112
740	0.30366921
741	0.30399671
742	0.30365059
743	0.30679035
744	0.30378005
745	0.30528632
746	0.30409735
747	0.30268073
748	0.30391940
749	0.30613154
750	0.30302736
751	0.30547869
752	0.30508956
753	0.30319512
754	0.30597481
755	0.30288336
756	0.30236572
757	0.30418023
758	0.30292475
759	0.30316505
760	0.30404964
761	0.30258897
762	0.30342725
763	0.30278623
764	0.30303702
765	0.30446270
766	0.30375767
767	0.30297482
768	0.30574980
769	0.30454808
770	0.30464017
771	0.30536637
772	0.30240592
773	0.30454308
774	0.30447745
775	0.30247557
776	0.30495504
777	0.30485258
778	0.30527332
779	0.30506763
780	0.30416304
781	0.30276474
782	0.30537596
783	0.30477476
784	0.30458421
785	0.30518335
786	0.30498263
787	0.30604917
788	0.30512840
789	0.30352110
790	0.30518365
791	0.30508709
792	0.30366391
793	0.30626291
794	0.30464906
795	0.30518594
796	0.30544668
797	0.30404752
798	0.30464378
799	0.30558434
800	0.30440304
801	0.30815119
802	0.30489570
803	0.30479553
804	0.30513570
805	0.30434474
806	0.30221608
807	0.30430654
808	0.30322081
809	0.30414838
810	0.30554482
811	0.30400369
812	0.30596927
813	0.30394590
814	0.30315122
815	0.30565131
816	0.30561000
817	0.30406392
818	0.30621985
819	0.30757838
820	0.30828899
821	0.30578378
822	0.30376062
823	0.30448705
824	0.30575559
825	0.30225465
826	0.30604529
827	0.30622116
828	0.30479586
829	0.30390117
830	0.30556554
831	0.30450639
832	0.30584559
833	0.30313864
834	0.30584106
835	0.30548286
836	0.30417043
837	0.30608776
838	0.30604699
839	0.30335927
840	0.30631885
841	0.30591005
842	0.30464554
843	0.30657762
844	0.30569869
845	0.30593413
846	0.30520570
847	0.30442280
848	0.30604771
849	0.30088064
850	0.30307677
851	0.30710697
852	0.30625784
853	0.30563653
854	0.30583623
855	0.30510607
856	0.30437487
857	0.30388054
858	0.30402789
859	0.30435809
860	0.30576488
861	0.30326310
862	0.30501452
863	0.30516401
864	0.30316907
865	0.30516794
866	0.30491608
867	0.30394638
868	0.30613720
869	0.30485517
870	0.30539009
871	0.30572835
872	0.30366415
873	0.30528384
874	0.30483350
875	0.30263385
876	0.30671138
877	0.30599251
878	0.30679071
879	0.30568665
880	0.30425563
881	0.30442065
882	0.30659866
883	0.30265301
884	0.30514655
885	0.30563867
886	0.30530235
887	0.30719596
888	0.30639926
889	0.30393401
890	0.30622268
891	0.30489460
892	0.30425027
893	0.30655915
894	0.30650213
895	0.30672926
896	0.30635646
897	0.30666023
898	0.30669102
899	0.30617139
900	0.30386585
901	0.30734673
902	0.30628791
903	0.30673525
904	0.30712718
905	0.30552924
906	0.30466476
907	0.30493122
908	0.30391106
909	0.30561036
910	0.30604383
911	0.30415618
912	0.30458075
913	0.30383110
914	0.30322626
915	0.30571640
916	0.30416119
917	0.30332741
918	0.30625281
919	0.30376229
920	0.30568793
921	0.30656168
922	0.30314073
923	0.30431220
924	0.30522323
925	0.30205551
926	0.30743298
927	0.30751303
928	0.30558118
929	0.30669490
930	0.30544972
931	0.30553311
932	0.30621961
933	0.30537823
934	0.30740643
935	0.30586514
936	0.30731195
937	0.30746260
938	0.30681142
939	0.30478823
940	0.30653238
941	0.30524704
942	0.30596235
943	0.30777231
944	0.30667177
945	0.30548835
946	0.30524373
947	0.30494902
948	0.30650285
949	0.30674604
950	0.30342045
951	0.30750594
952	0.30693904
953	0.30515161
954	0.30775794
955	0.30697605
956	0.30547249
957	0.30647662
958	0.30399612
959	0.30638161
960	0.30638117
961	0.30521485
962	0.30636722
963	0.30542764
964	0.30463400
965	0.30586249
966	0.30494943
967	0.30495635
968	0.30750230
969	0.30610603
970	0.30624831
971	0.30557129
972	0.30512306
973	0.30547816
974	0.31232402
975	0.30335441
976	0.30732384
977	0.30655235
978	0.30714777
979	0.30745220
980	0.30448893
981	0.30527049
982	0.30640268
983	0.30477780
984	0.30595344
985	0.30749190
986	0.30654800
987	0.30818871
988	0.30571240
989	0.30604607
990	0.30648139
991	0.30605236
992	0.30494979
993	0.30783626
994	0.30663356
995	0.30686596
996	0.30734411
997	0.30516794
998	0.30611935
999	0.30782142
1000	0.30456528
1001	0.30752462
1002	0.30680907
1003	0.30506164
1004	0.30706564
1005	0.30490416
1006	0.30584672
1007	0.30570307
1008	0.30480638
1009	0.30715391
1010	0.30788141
1011	0.30606231
1012	0.30739188
1013	0.30598122
1014	0.30500177
1015	0.30726007
1016	0.30579048
1017	0.30637461
1018	0.30679020
1019	0.30661166
1020	0.30695891
1021	0.30586615
1022	0.30372238
1023	0.30658564
1024	0.30667681
1025	0.30460593
1026	0.30714235
1027	0.30788565
1028	0.30598405
1029	0.30728358
1030	0.30621955
1031	0.30521163
1032	0.30915713
1033	0.30447719
1034	0.30694741
1035	0.30759558
1036	0.30587205
1037	0.30778462
1038	0.30635753
1039	0.30550757
1040	0.30597612
1041	0.30738518
1042	0.30578926
1043	0.30840918
1044	0.30714554
1045	0.30680850
1046	0.30683157
1047	0.30475029
1048	0.30670178
1049	0.30691418
1050	0.30516124
1051	0.31279960
1052	0.30767605
1053	0.30664718
1054	0.30889168
1055	0.30634829
1056	0.30720425
1057	0.30760792
1058	0.30565247
1059	0.30973577
1060	0.30688721
1061	0.30770051
1062	0.30803281
1063	0.30685329
1064	0.30609062
1065	0.30816856
1066	0.30701730
1067	0.30705550
1068	0.30843583
1069	0.30774698
1070	0.31211492
1071	0.30837581
1072	0.30628169
1073	0.30615270
1074	0.30794677
1075	0.30550596
1076	0.30848929
1077	0.30675814
1078	0.30693781
1079	0.30707064
1080	0.30429360
1081	0.30580518
1082	0.30748451
1083	0.30512619
1084	0.30684316
1085	0.30738658
1086	0.30658126
1087	0.30785757
1088	0.30646577
1089	0.30528837
1090	0.30724609
1091	0.30658087
1092	0.30635855
1093	0.30818343
1094	0.30836603
1095	0.30924308
1096	0.30643612
1097	0.30574849
1098	0.30615857
1099	0.30842456
1100	0.30549431
1101	0.30849755
1102	0.30815420
1103	0.30731639
1104	0.30814806
1105	0.30649596
1106	0.30646974
1107	0.30724621
1108	0.30661622
1109	0.30913568
1110	0.30805045
1111	0.30662820
1112	0.30743837
1113	0.30708736
1114	0.30630437
1115	0.30769062
1116	0.30706638
1117	0.30599380
1118	0.30827349
1119	0.30780187
1120	0.30877417
1121	0.30807105
1122	0.30562687
1123	0.30717933
1124	0.30673575
1125	0.30596894
1126	0.30822524
1127	0.30791065
1128	0.30913013
1129	0.30676931
1130	0.30692902
1131	0.30660903
1132	0.30800724
1133	0.30545413
1134	0.30752766
1135	0.30846843
1136	0.30653232
1137	0.30859131
1138	0.30686846
1139	0.30630136
1140	0.30778021
1141	0.30891067
1142	0.30714294
1143	0.30978405
1144	0.30857196
1145	0.30989000
1146	0.31054583
1147	0.30762887
1148	0.30867833
1149	0.30836853
1150	0.30514660
1151	0.30954707
1152	0.30819282
1153	0.30847892
1154	0.30993861
1155	0.30725786
1156	0.30592293
1157	0.30881956
1158	0.30626854
1159	0.30874446
1160	0.30929279
1161	0.30736262
1162	0.30804846
1163	0.30685344
1164	0.30682418
1165	0.30804592
1166	0.30554694
1167	0.30753076
1168	0.30796358
1169	0.30709076
1170	0.30792478
1171	0.30788669
1172	0.30636254
1173	0.30618793
1174	0.30837923
1175	0.30621207
1176	0.30485734
1177	0.30772045
1178	0.30866826
1179	0.30866450
1180	0.30744809
1181	0.30722448
1182	0.30872753
1183	0.30631614
1184	0.30690926
1185	0.30974177
1186	0.30576256
1187	0.30848759
1188	0.30805463
1189	0.30729279
1190	0.30818951
1191	0.30599639
1192	0.30793178
1193	0.30996871
1194	0.30864835
1195	0.30989316
1196	0.30918440
1197	0.30707026
1198	0.30836162
1199	0.30908686
1200	0.30646718
1201	0.30919707
1202	0.30879912
1203	0.30871019
1204	0.30960578
1205	0.30878562
1206	0.30741468
1207	0.30865955
1208	0.30513668
1209	0.30908296
1210	0.30942747
1211	0.30749878
1212	0.30837351
1213	0.30681440
1214	0.30695209
1215	0.30853122
1216	0.30756971
1217	0.30762216
1218	0.31009358
1219	0.30875424
1220	0.30926338
1221	0.30830029
1222	0.30730841
1223	0.31103989
1224	0.31058502
1225	0.30691725
1226	0.30925545
1227	0.30926707
1228	0.30878401
1229	0.30846664
1230	0.30789953
1231	0.30784646
1232	0.30989820
1233	0.30750877
1234	0.30853927
1235	0.30965644
1236	0.30793402
1237	0.30913067
1238	0.30862188
1239	0.30648077
1240	0.30864009
1241	0.30717191
1242	0.30907103
1243	0.30825382
1244	0.30801886
1245	0.30921158
1246	0.30920255
1247	0.30645621
1248	0.30885801
1249	0.30953526
1250	0.30673531
1251	0.31002039
1252	0.30930716
1253	0.30943602
1254	0.30998394
1255	0.30815864
1256	0.30817214
1257	0.30980337
1258	0.30660111
1259	0.31030366
1260	0.31054118
1261	0.30940738
1262	0.30993193
1263	0.30977386
1264	0.30842298
1265	0.30842718
1266	0.30848876
1267	0.30909431
1268	0.30933601
1269	0.30914992
1270	0.31020570
1271	0.30912820
1272	0.30705506
1273	0.30829427
1274	0.30875987
1275	0.30741870
1276	0.30956480
1277	0.31010619
1278	0.30871883
1279	0.30936658
1280	0.30841145
1281	0.30899641
1282	0.31084311
1283	0.30802566
1284	0.30995846
1285	0.30990571
1286	0.30793524
1287	0.31075966
1288	0.30996785
1289	0.30870458
1290	0.31076771
1291	0.30921140
1292	0.30950198
1293	0.31008253
1294	0.30949694
1295	0.31088042
1296	0.31025827
1297	0.30821639
1298	0.31074047
1299	0.30957919
1300	0.30806634
1301	0.31629702
1302	0.31027767
1303	0.30891222
1304	0.31012398
1305	0.30806652
1306	0.30920050
1307	0.30930910
1308	0.30628362
1309	0.30922788
1310	0.30979028
1311	0.30891386
1312	0.30944222
1313	0.30782208
1314	0.30866086
1315	0.30899373
1316	0.30796659
1317	0.30895931
1318	0.30931103
1319	0.30920404
1320	0.30844140
1321	0.30921042
1322	0.30690214
1323	0.30835882
1324	0.30772296
1325	0.30592221
1326	0.30840218
1327	0.30984905
1328	0.30929744
1329	0.30829918
1330	0.30874905
1331	0.30830607
1332	0.30956092
1333	0.30756626
1334	0.31060773
1335	0.30950952
1336	0.30950919
1337	0.31053671
1338	0.30922192
1339	0.30824205
1340	0.31084338
1341	0.30967560
1342	0.31030789
1343	0.31216404
1344	0.30924603
1345	0.31062013
1346	0.30952856
1347	0.30886355
1348	0.30864549
1349	0.30869424
1350	0.30754310
1351	0.31062731
1352	0.30999947
1353	0.30956808
1354	0.31036595
1355	0.30848983
1356	0.30826107
1357	0.31005594
1358	0.30689409
1359	0.31090313
1360	0.30983084
1361	0.30912614
1362	0.31007093
1363	0.30870202
1364	0.30778211
1365	0.30925304
1366	0.30838463
1367	0.30755427
1368	0.31020814
1369	0.30881348
1370	0.31008574
1371	0.30961043
1372	0.30850860
1373	0.30850255
1374	0.30941722
1375	0.30755097
1376	0.31004292
1377	0.31160900
1378	0.31043720
1379	0.30869156
1380	0.30863103
1381	0.31009665
1382	0.31077966
1383	0.30739307
1384	0.30964205
1385	0.31099045
1386	0.31069824
1387	0.31062084
1388	0.30975926
1389	0.30946198
1390	0.30937985
1391	0.30922693
1392	0.30938223
1393	0.31162021
1394	0.31038150
1395	0.31120670
1396	0.31010291
1397	0.31224018
1398	0.31162393
1399	0.31139177
1400	0.30728272
1401	0.31052533
1402	0.31103021
1403	0.30944744
1404	0.31070730
1405	0.30844644
1406	0.31170288
1407	0.30767614
1408	0.30740070
1409	0.31048849
1410	0.31061333
1411	0.31045076
1412	0.30995053
1413	0.30896470
1414	0.30894455
1415	0.30918932
1416	0.30884898
1417	0.30911088
1418	0.31101274
1419	0.30907235
1420	0.31063557
1421	0.31159633
1422	0.30938065
1423	0.31008783
1424	0.31002694
1425	0.30718994
1426	0.31052470
1427	0.31023967
1428	0.31034794
1429	0.30955949
1430	0.30963778
1431	0.30934563
1432	0.31074208
1433	0.30780098
1434	0.31093860
1435	0.31199342
1436	0.30890706
1437	0.31180260
1438	0.31023741
1439	0.30834365
1440	0.31024617
1441	0.30965739
1442	0.30998546
1443	0.31177843
1444	0.31043920
1445	0.31151459
1446	0.31100619
1447	0.30895877
1448	0.31162125
1449	0.31169876
1450	0.30872765
1451	0.31182989
1452	0.31271067
1453	0.31141227
1454	0.31229544
1455	0.31257722
1456	0.31011423
1457	0.31128821
1458	0.30817601
1459	0.31207809
1460	0.31194916
1461	0.31162423
1462	0.31190801
1463	0.30953005
1464	0.30950060
1465	0.31202859
1466	0.30974379
1467	0.31002772
1468	0.31148803
1469	0.30954421
1470	0.31156847
1471	0.31036034
1472	0.30904496
1473	0.31354123
1474	0.30914238
1475	0.30899021
1476	0.31102219
1477	0.31132179
1478	0.31148717
1479	0.31034124
1480	0.30992195
1481	0.31165546
1482	0.31119576
1483	0.30837464
1484	0.31282979
1485	0.31165311
1486	0.31037024
1487	0.31173846
1488	0.31074220
1489	0.30978757
1490	0.31129283
1491	0.31021619
1492	0.31154326
1493	0.31075650
1494	0.31068611
1495	0.31198385
1496	0.31140664
1497	0.30963624
1498	0.31097472
1499	0.31062749
1500	0.30931064
1501	0.31259683
1502	0.31223437
1503	0.30728614
1504	0.31236920
1505	0.31159863
1506	0.31101140
1507	0.31225803
1508	0.31045458
1509	0.31200892
1510	0.31269252
1511	0.30969620
1512	0.31302682
1513	0.31047216
1514	0.30882287
1515	0.31192783
1516	0.31059471
1517	0.31070572
1518	0.31236514
1519	0.31002787
1520	0.31211668
1521	0.31161994
1522	0.30948189
1523	0.31135520
1524	0.31107232
1525	0.30950975
1526	0.31127834
1527	0.31220213
1528	0.31213740
1529	0.31116241
1530	0.31079042
1531	0.31096485
1532	0.31447682
1533	0.30905616
1534	0.31226933
1535	0.31289196
1536	0.31057405
1537	0.31258750
1538	0.31062266
1539	0.31011158
1540	0.31184688
1541	0.31069309
1542	0.31111553
1543	0.31262738
1544	0.31104481
1545	0.31261608
1546	0.31158340
1547	0.31010661
1548	0.31261069
1549	0.31272995
1550	0.31233889
1551	0.31675431
1552	0.31218129
1553	0.31273746
1554	0.31330284
1555	0.31001592
1556	0.31147218
1557	0.31070524
1558	0.31014186
1559	0.31275716
1560	0.31247908
1561	0.31113178
1562	0.31269237
1563	0.31256199
1564	0.31012547
1565	0.31242922
1566	0.31034428
1567	0.31216457
1568	0.31375194
1569	0.31082979
1570	0.31333300
1571	0.31073493
1572	0.31057107
1573	0.31142893
1574	0.31203243
1575	0.30935210
1576	0.31335565
1577	0.31218544
1578	0.31255278
1579	0.31137475
1580	0.31217045
1581	0.31175262
1582	0.31275374
1583	0.31054139
1584	0.31329867
1585	0.31289053
1586	0.31158972
1587	0.31341109
1588	0.31256238
1589	0.31102926
1590	0.31260377
1591	0.31005007
1592	0.31185430
1593	0.31308839
1594	0.31157076
1595	0.31330016
1596	0.31244847
1597	0.31014001
1598	0.31095639
1599	0.31062207
1600	0.30895346
1601	0.31221518
1602	0.31314147
1603	0.31240055
1604	0.31369135
1605	0.31178656
1606	0.31153157
1607	0.31261465
1608	0.31018505
1609	0.31445625
1610	0.31300053
1611	0.31142521
1612	0.31311536
1613	0.31230435
1614	0.31152093
1615	0.31398812
1616	0.31248730
1617	0.31317490
1618	0.31299683
1619	0.31174299
1620	0.31430161
1621	0.31276229
1622	0.31160164
1623	0.31240284
1624	0.31223977
1625	0.31154674
1626	0.31423241
1627	0.31405860
1628	0.31937775
1629	0.31354648
1630	0.31120709
1631	0.31204793
1632	0.31251147
1633	0.31048110
1634	0.31291372
1635	0.31273338
1636	0.31174487
1637	0.31391203
1638	0.31064343
1639	0.31091768
1640	0.31208593
1641	0.31115043
1642	0.31211695
1643	0.31330776
1644	0.31145054
1645	0.31252173
1646	0.31204391
1647	0.31097287
1648	0.31229457
1649	0.31157893
1650	0.31165832
1651	0.31420052
1652	0.31397516
1653	0.31245929
1654	0.31282994
1655	0.31138587
1656	0.31233463
1657	0.31073272
1658	0.31097522
1659	0.31267449
1660	0.31340715
1661	0.31244570
1662	0.31328958
1663	0.31305018
1664	0.31273270
1665	0.31338406
1666	0.31126112
1667	0.31346300
1668	0.31349915
1669	0.31410789
1670	0.31483600
1671	0.31300661
1672	0.31096187
1673	0.31331009
1674	0.31385982
1675	0.30993813
1676	0.31244159
1677	0.31363621
1678	0.31433114
1679	0.31323057
1680	0.31197166
1681	0.31261599
1682	0.31375286
1683	0.30963203
1684	0.31312397
1685	0.31176895
1686	0.31258717
1687	0.31373498
1688	0.31238189
1689	0.31149533
1690	0.31235114
1691	0.31171486
1692	0.31264892
1693	0.31388399
1694	0.31219739
1695	0.31361479
1696	0.31277454
1697	0.31058431
1698	0.31272888
1699	0.31422654
1700	0.31167272
1701	0.31335285
1702	0.31453457
1703	0.31354678
1704	0.31455907
1705	0.31299692
1706	0.31268743
1707	0.31325787
1708	0.31083259
1709	0.31378356
1710	0.31478116
1711	0.31271788
1712	0.31322238
1713	0.31429908
1714	0.31052971
1715	0.31465349
1716	0.31228527
1717	0.31465086
1718	0.31543684
1719	0.31337720
1720	0.31542662
1721	0.31454447
1722	0.31236663
1723	0.31446069
1724	0.31660083
1725	0.31190014
1726	0.31432202
1727	0.31386825
1728	0.31419209
1729	0.31210983
1730	0.31285986
1731	0.31224537
1732	0.31382853
1733	0.31176746
1734	0.31275791
1735	0.31332764
1736	0.31346989
1737	0.31408662
1738	0.31321421
1739	0.31283468
1740	0.31339702
1741	0.31121597
1742	0.31257814
1743	0.31382400
1744	0.31280634
1745	0.31420884
1746	0.31403625
1747	0.31240451
1748	0.31401402
1749	0.31399775
1750	0.31364802
1751	0.31540170
1752	0.31524011
1753	0.31565607
1754	0.31575218
1755	0.31393039
1756	0.31457856
1757	0.31486520
1758	0.31231657
1759	0.31575456
1760	0.31520006
1761	0.31342906
1762	0.31436956
1763	0.31363359
1764	0.31379950
1765	0.31512189
1766	0.31312427
1767	0.31412336
1768	0.31494498
1769	0.31348911
1770	0.31524619
1771	0.31429228
1772	0.31348628
1773	0.31423026
1774	0.31331724
1775	0.31265312
1776	0.31565788
1777	0.31461421
1778	0.31469536
1779	0.31423301
1780	0.31410992
1781	0.31421298
1782	0.31779784
1783	0.31253716
1784	0.31554183
1785	0.31652665
1786	0.31562111
1787	0.31625414
1788	0.31444168
1789	0.31237611
1790	0.31470492
1791	0.31342345
1792	0.31381655
1793	0.31584325
1794	0.31397790
1795	0.31554681
1796	0.31407496
1797	0.31350806
1798	0.31481937
1799	0.31464204
1800	0.31570804
1801	0.31776354
1802	0.31486881
1803	0.31559408
1804	0.31502438
1805	0.31318757
1806	0.31480190
1807	0.31462589
1808	0.31300342
1809	0.31549311
1810	0.31461307
1811	0.31542459
1812	0.31588405
1813	0.31491396
1814	0.31351992
1815	0.31621873
1816	0.31311449
1817	0.31569421
1818	0.31635621
1819	0.31473598
1820	0.31581959
1821	0.31535119
1822	0.31354991
1823	0.31440401
1824	0.31478930
1825	0.31359282
1826	0.31512564
1827	0.31628543
1828	0.31404343
1829	0.31567818
1830	0.31144404
1831	0.31631458
1832	0.31689447
1833	0.31234524
1834	0.31664574
1835	0.31600359
1836	0.31626433
1837	0.31665713
1838	0.31473345
1839	0.31535119
1840	0.31578973
1841	0.31448379
1842	0.31576458
1843	0.31570274
1844	0.31414294
1845	0.31559330
1846	0.31582645
1847	0.31404966
1848	0.31477121
1849	0.31460017
1850	0.31412384
1851	0.31581527
1852	0.31397173
1853	0.31535974
1854	0.31603420
1855	0.31284013
1856	0.31315434
1857	0.31447017
1858	0.31284231
1859	0.31676623
1860	0.31407651
1861	0.31528676
1862	0.31555700
1863	0.31408283
1864	0.31433833
1865	0.31578705
1866	0.31431916
1867	0.31625032
1868	0.31709018
1869	0.31562880
1870	0.31732666
1871	0.31596091
1872	0.31439000
1873	0.31600460
1874	0.31600776
1875	0.31389400
1876	0.31634271
1877	0.31588677
1878	0.31619784
1879	0.31627440
1880	0.31405723
1881	0.31604731
1882	0.31575191
1883	0.31346095
1884	0.31642926
1885	0.31503877
1886	0.31564754
1887	0.31656146
1888	0.31348667
1889	0.31433597
1890	0.31474712
1891	0.31310710
1892	0.31637213
1893	0.31575206
1894	0.31495735
1895	0.31501099
1896	0.31559834
1897	0.31271088
1898	0.31396344
1899	0.31387049
1900	0.31408539
1901	0.31603155
1902	0.31389871
1903	0.31470808
1904	0.31577933
1905	0.31319195
1906	0.31313261
1907	0.31729838
1908	0.31271401
1909	0.31647179
1910	0.31618482
1911	0.31560940
1912	0.31514773
1913	0.31455690
1914	0.31475237
1915	0.31671992
1916	0.31342468
1917	0.31750387
1918	0.31636596
1919	0.31506315
1920	0.31659096
1921	0.31595826
1922	0.31483400
1923	0.31569132
1924	0.31697166
1925	0.31424847
1926	0.31492111
1927	0.31601113
1928	0.31564033
1929	0.31569454
1930	0.31572002
1931	0.31523347
1932	0.31601474
1933	0.31303465
1934	0.31709915
1935	0.31619349
1936	0.31479985
1937	0.31699115
1938	0.31411514
1939	0.31462362
1940	0.31600705
1941	0.31446981
1942	0.31625941
1943	0.31572428
1944	0.31527612
1945	0.31586486
1946	0.31490913
1947	0.31365770
1948	0.31478578
1949	0.31452924
1950	0.31379521
1951	0.31629276
1952	0.31522992
1953	0.31623715
1954	0.31712812
1955	0.31522867
1956	0.31520903
1957	0.31449038
1958	0.31242058
1959	0.31678757
1960	0.31550890
1961	0.31680122
1962	0.31529504
1963	0.31489906
1964	0.31599021
1965	0.31673965
1966	0.31390682
1967	0.31654251
1968	0.31795567
1969	0.31561649
1970	0.31670380
1971	0.31546974
1972	0.31453693
1973	0.31566441
1974	0.31674227
1975	0.31498000
1976	0.31604156
1977	0.31656888
1978	0.31686708
1979	0.31593913
1980	0.31510282
1981	0.31654197
1982	0.31700838
1983	0.31273431
1984	0.31473070
1985	0.31600621
1986	0.31529906
1987	0.31694922
1988	0.31456283
1989	0.31471333
1990	0.31636909
1991	0.31362814
1992	0.31629825
1993	0.31541660
1994	0.31440088
1995	0.31567231
1996	0.31583709
1997	0.31394622
1998	0.31601536
1999	0.31482226
2000	0.31420547
2001	0.31642756
2002	0.31419629
2003	0.31761259
2004	0.31619120
2005	0.31494513
2006	0.31565106
2007	0.31500214
2008	0.31362730
2009	0.31657392
2010	0.31637058
2011	0.31548113
2012	0.31532034
2013	0.31519231
2014	0.31542945
2015	0.31667066
2016	0.31464922
2017	0.31698650
2018	0.31620836
2019	0.31489506
2020	0.31651488
2021	0.31551579
2022	0.31509224
2023	0.31481862
2024	0.31706247
2025	0.31458327
2026	0.31587845
2027	0.31468144
2028	0.31671014
2029	0.31608066
2030	0.31585014
2031	0.31775248
2032	0.31743509
2033	0.31373668
2034	0.31679380
2035	0.31658170
2036	0.31601331
2037	0.31647390
2038	0.31486556
2039	0.31476763
2040	0.31664941
2041	0.31316301
2042	0.31712157
2043	0.31641394
2044	0.31471133
2045	0.31635439
2046	0.31519315
2047	0.31354067
2048	0.31584421
2049	0.31515092
2050	0.31605104
2051	0.31957752
2052	0.31718394
2053	0.31744897
2054	0.31709969
2055	0.31404567
2056	0.31469131
2057	0.31552407
2058	0.31285244
2059	0.31694838
2060	0.31471276
2061	0.31532237
2062	0.31616920
2063	0.31513348
2064	0.31472948
2065	0.31513494
2066	0.31282452
2067	0.31534895
2068	0.31717721
2069	0.31540903
2070	0.31741381
2071	0.31599304
2072	0.31453231
2073	0.31552854
2074	0.31603125
2075	0.31475019
2076	0.31614754
2077	0.31589505
2078	0.31635717
2079	0.31731620
2080	0.31300756
2081	0.31692141
2082	0.31641632
2083	0.31439489
2084	0.31720161
2085	0.31669497
2086	0.31578273
2087	0.31725106
2088	0.31454656
2089	0.31471461
2090	0.31582028
2091	0.31502464
2092	0.31630632
2093	0.31750476
2094	0.31532061
2095	0.31684139
2096	0.31666446
2097	0.31438518
2098	0.31638864
2099	0.31640303
2100	0.31508759
2101	0.31721839
2102	0.31547338
2103	0.31762028
2104	0.31656453
2105	0.31462276
2106	0.31456834
2107	0.31511754
2108	0.31314358
2109	0.31175354
2110	0.31601563
2111	0.31558815
2112	0.31599736
2113	0.31556100
2114	0.31494907
2115	0.31692541
2116	0.31360072
2117	0.31448299
2118	0.31711087
2119	0.31494802
2120	0.31590033
2121	0.31501964
2122	0.31311977
2123	0.31448624
2124	0.31542939
2125	0.31422210
2126	0.31602055
2127	0.31657305
2128	0.31343946
2129	0.31565499
2130	0.31466278
2131	0.31657439
2132	0.31538361
2133	0.31306145
2134	0.31588030
2135	0.31602868
2136	0.31675994
2137	0.31650904
2138	0.31538415
2139	0.31572658
2140	0.31656602
2141	0.31447080
2142	0.31759936
2143	0.31771508
2144	0.31530833
2145	0.31686312
2146	0.31709039
2147	0.31376931
2148	0.31653711
2149	0.31578547
2150	0.31471613
2151	0.31673089
2152	0.31576040
2153	0.31637678
2154	0.31541127
2155	0.31381136
2156	0.31539959
2157	0.31850532
2158	0.31258991
2159	0.31629327
2160	0.31689525
2161	0.31627494
2162	0.31570753
2163	0.31499586
2164	0.31480902
2165	0.31525159
2166	0.31334871
2167	0.31672826
2168	0.31696960
2169	0.31449309
2170	0.31684026
2171	0.31498152
2172	0.31342891
2173	0.31614858
2174	0.31438857
2175	0.31420431
2176	0.31567013
2177	0.31517091
2178	0.31640762
2179	0.31622410
2180	0.31454957
2181	0.31540039
2182	0.31552845
2183	0.31254151
2184	0.31679556
2185	0.31675619
2186	0.31447956
2187	0.31640312
2188	0.31514403
2189	0.31429091
2190	0.31448650
2191	0.31401718
2192	0.31577641
2193	0.31724352
2194	0.31543967
2195	0.31696329
2196	0.31615815
2197	0.31538403
2198	0.31608266
2199	0.31469232
2200	0.31427658
2201	0.31719154
2202	0.31551579
2203	0.31770596
2204	0.31332338
2205	0.31388867
2206	0.31571022
2207	0.31570971
2208	0.31363851
2209	0.31639412
2210	0.31666315
2211	0.31574389
2212	0.31570685
2213	0.31493065
2214	0.31585702
2215	0.31646696
2216	0.31437913
2217	0.31549919
2218	0.31526044
2219	0.31353986
2220	0.31553161
2221	0.31462541
2222	0.31372824
2223	0.31560683
2224	0.31472051
2225	0.31397763
2226	0.31616858
2227	0.31472781
2228	0.31581482
2229	0.31523150
2230	0.31361562
2231	0.31503382
2232	0.31543386
2233	0.31196809
2234	0.31874329
2235	0.31593964
2236	0.31584468
2237	0.31611329
2238	0.31447676
2239	0.31388396
2240	0.31527400
2241	0.31397778
2242	0.31859732
2243	0.31648341
2244	0.31462887
2245	0.31579146
2246	0.31609878
2247	0.31342483
2248	0.31727898
2249	0.31535468
2250	0.31513834
2251	0.31745511
2252	0.31584859
2253	0.31375515
2254	0.31630510
2255	0.31475016
2256	0.31543744
2257	0.31477204
2258	0.31278467
2259	0.31519616
2260	0.31679475
2261	0.31551152
2262	0.31494120
2263	0.31437740
2264	0.31483668
2265	0.31531608
2266	0.31211308
2267	0.31595272
2268	0.31564856
2269	0.31395099
2270	0.31621650
2271	0.31541741
2272	0.31335640
2273	0.31433320
2274	0.31427661
2275	0.31359559
2276	0.31642708
2277	0.31429401
2278	0.31606576
2279	0.31422484
2280	0.31261939
2281	0.31382889
2282	0.30966437
2283	0.31390056
2284	0.31407028
2285	0.31506026
2286	0.31527701
2287	0.31560129
2288	0.31339860
2289	0.31392011
2290	0.31444237
2291	0.31237996
2292	0.31655312
2293	0.31558219
2294	0.31360763
2295	0.31483555
2296	0.31345093
2297	0.31237715
2298	0.31425557
2299	0.31437367
2300	0.31449148
2301	0.31668013
2302	0.31410339
2303	0.31546023
2304	0.31505755
2305	0.31396478
2306	0.31366083
2307	0.31493354
2308	0.31333089
2309	0.31595805
2310	0.31683323
2311	0.31334442
2312	0.31551626
2313	0.31448475
2314	0.31381696
2315	0.31610027
2316	0.31351241
2317	0.31637332
2318	0.31520435
2319	0.31440684
2320	0.31537640
2321	0.31498793
2322	0.31384882
2323	0.31524444
2324	0.31322244
2325	0.31450525
2326	0.31564432
2327	0.31458700
2328	0.31454578
2329	0.31262225
2330	0.31644052
2331	0.31483170
2332	0.31463364
2333	0.31188449
2334	0.31523183
2335	0.31557956
2336	0.31497401
2337	0.31558600
2338	0.31289470
2339	0.31197339
2340	0.31332758
2341	0.31146672
2342	0.31437069
2343	0.31396204
2344	0.31305027
2345	0.31421414
2346	0.31432104
2347	0.31211996
2348	0.31415680
2349	0.31397110
2350	0.31418765
2351	0.31591225
2352	0.31438333
2353	0.31543538
2354	0.31505051
2355	0.31299978
2356	0.31369409
2357	0.31365779
2358	0.31180584
2359	0.31144375
2360	0.31575656
2361	0.31529495
2362	0.31355038
2363	0.31314778
2364	0.31414199
2365	0.31461799
2366	0.31181908
2367	0.31445140
2368	0.31343007
2369	0.31213522
2370	0.31469670
2371	0.31429923
2372	0.31200781
2373	0.31264290
2374	0.31315851
2375	0.31304553
2376	0.31572831
2377	0.31361493
2378	0.31467015
2379	0.31166390
2380	0.31208831
2381	0.31340462
2382	0.31309104
2383	0.31121165
2384	0.31476954
2385	0.31446409
2386	0.31449431
2387	0.31318507
2388	0.31433561
2389	0.31277964
2390	0.31366068
2391	0.31130916
2392	0.31446904
2393	0.31453168
2394	0.31374097
2395	0.31449077
2396	0.31405792
2397	0.31307268
2398	0.31430489
2399	0.31261408
2400	0.31341350
2401	0.31552669
2402	0.31331187
2403	0.31556073
2404	0.31530070
2405	0.31332782
2406	0.31700191
2407	0.31405422
2408	0.31185114
2409	0.31386539
2410	0.31445912
2411	0.31381610
2412	0.31386220
2413	0.31297752
2414	0.31251913
2415	0.31522757
2416	0.31101215
2417	0.31395298
2418	0.31465235
2419	0.31342304
2420	0.31466302
2421	0.31256318
2422	0.31089687
2423	0.31230450
2424	0.31106555
2425	0.31300780
2426	0.31409833
2427	0.31214568
2428	0.31350002
2429	0.31269211
2430	0.31052700
2431	0.31171724
2432	0.31346518
2433	0.31061742
2434	0.31383795
2435	0.31357002
2436	0.31430006
2437	0.31347317
2438	0.31207043
2439	0.31278011
2440	0.31317511
2441	0.31127852
2442	0.31384438
2443	0.31453797
2444	0.31183192
2445	0.31381935
2446	0.31331563
2447	0.31187156
2448	0.31443670
2449	0.31195578
2450	0.31313562
2451	0.31430787
2452	0.31299007
2453	0.31366223
2454	0.31220493
2455	0.30719864
2456	0.31227684
2457	0.31224841
2458	0.31022114
2459	0.31432828
2460	0.31391370
2461	0.31311187
2462	0.31319988
2463	0.31154504
2464	0.31263074
2465	0.31284657
2466	0.30967444
2467	0.31269601
2468	0.31280881
2469	0.31214598
2470	0.31375560
2471	0.31259540
2472	0.31168404
2473	0.31240270
2474	0.31148198
2475	0.31162351
2476	0.31315684
2477	0.31187916
2478	0.31265262
2479	0.31253543
2480	0.31029508
2481	0.31303403
2482	0.31233796
2483	0.30976012
2484	0.31591520
2485	0.31227276
2486	0.31201118
2487	0.31207243
2488	0.31068817
2489	0.31085849
2490	0.31177783
2491	0.30929199
2492	0.31258604
2493	0.31453204
2494	0.31242201
2495	0.31303346
2496	0.31171569
2497	0.31108904
2498	0.31131485
2499	0.31063411
2500	0.31103170
2501	0.31272236
2502	0.31182578
2503	0.31320196
2504	0.31295624
2505	0.31065077
2506	0.31305647
2507	0.31241450
2508	0.31032547
2509	0.31373537
2510	0.31282854
2511	0.31296825
2512	0.31212705
2513	0.31027919
2514	0.31093448
2515	0.31225324
2516	0.30949992
2517	0.31315058
2518	0.31246325
2519	0.31021228
2520	0.31135976
2521	0.31234953
2522	0.31013697
2523	0.31136510
2524	0.30996898
2525	0.31092519
2526	0.31198421
2527	0.31004566
2528	0.31145081
2529	0.31087744
2530	0.30911425
2531	0.30718109
2532	0.30749756
2533	0.30832741
2534	0.31134400
2535	0.31171331
2536	0.31024474
2537	0.31117097
2538	0.30879137
2539	0.30997577
2540	0.31014678
2541	0.30797747
2542	0.31131166
2543	0.31105396
2544	0.31105453
2545	0.30964053
2546	0.31035501
2547	0.30992222
2548	0.31017202
2549	0.30874950
2550	0.30953464
2551	0.31089967
2552	0.30968454
2553	0.31120899
2554	0.31086513
2555	0.30857569
2556	0.31031227
2557	0.31092796
2558	0.30912361
2559	0.31186634
2560	0.31169412
2561	0.30898079
2562	0.30923650
2563	0.30944809
2564	0.30928832
2565	0.31060430
2566	0.30732429
2567	0.31094104
2568	0.31034932
2569	0.30883008
2570	0.31023487
2571	0.30802733
2572	0.30805328
2573	0.30914098
2574	0.30766749
2575	0.30855587
2576	0.30898681
2577	0.30773023
2578	0.30877003
2579	0.30929565
2580	0.30671018
2581	0.30834937
2582	0.30818537
2583	0.30529174
2584	0.30864719
2585	0.30831781
2586	0.30842838
2587	0.30796540
2588	0.30621216
2589	0.30641380
2590	0.30649087
2591	0.30539495
2592	0.30877030
2593	0.30845681
2594	0.30656022
2595	0.30790693
2596	0.30668297
2597	0.30638984
2598	0.30744627
2599	0.30666569
2600	0.30672935
2601	0.30922732
2602	0.30755639
2603	0.30854627
2604	0.30865455
2605	0.30623966
2606	0.30830690
2607	0.30753782
2608	0.30395922
2609	0.30771947
2610	0.30806413
2611	0.30822265
2612	0.30682737
2613	0.30586484
2614	0.30680349
2615	0.30843973
2616	0.30471632
2617	0.30796915
2618	0.30764955
2619	0.30650100
2620	0.30718017
2621	0.30590034
2622	0.30583665
2623	0.30594260
2624	0.30559537
2625	0.30677989
2626	0.30690536
2627	0.30572280
2628	0.30720440
2629	0.30623955
2630	0.30505314
2631	0.30665472
2632	0.30713856
2633	0.30326274
2634	0.30753219
2635	0.30703604
2636	0.30777556
2637	0.30838415
2638	0.30519143
2639	0.30601177
2640	0.30769083
2641	0.30395469
2642	0.30757520
2643	0.30783778
2644	0.30594629
2645	0.30632234
2646	0.30554217
2647	0.30499673
2648	0.30628118
2649	0.30512044
2650	0.30594081
2651	0.30726194
2652	0.30587459
2653	0.30656403
2654	0.30588832
2655	0.30443129
2656	0.30620268
2657	0.30810428
2658	0.30427080
2659	0.30659506
2660	0.30666953
2661	0.30753246
2662	0.30572903
2663	0.30553091
2664	0.30599931
2665	0.30692029
2666	0.30316803
2667	0.30638412
2668	0.30768821
2669	0.30628976
2670	0.30682042
2671	0.30560234
2672	0.30528334
2673	0.30614290
2674	0.30500045
2675	0.30656710
2676	0.30687842
2677	0.30548093
2678	0.30579290
2679	0.30628812
2680	0.30436468
2681	0.30594966
2682	0.30622733
2683	0.30268848
2684	0.30673522
2685	0.30567163
2686	0.31253690
2687	0.30683464
2688	0.30496648
2689	0.30534694
2690	0.30562755
2691	0.30298129
2692	0.30727097
2693	0.30719194
2694	0.30497554
2695	0.30647042
2696	0.30350864
2697	0.30459332
2698	0.30555087
2699	0.30333525
2700	0.30525389
2701	0.30548504
2702	0.30381829
2703	0.30586979
2704	0.30474460
2705	0.30385590
2706	0.30364642
2707	0.30602944
2708	0.30282158
2709	0.30508018
2710	0.30563796
2711	0.30547801
2712	0.30510384
2713	0.30382237
2714	0.30385846
2715	0.30667457
2716	0.30246860
2717	0.30669713
2718	0.30676657
2719	0.30502087
2720	0.30693769
2721	0.30473995
2722	0.30428264
2723	0.30386445
2724	0.30432218
2725	0.30591047
2726	0.30546287
2727	0.30481341
2728	0.30600777
2729	0.30529907
2730	0.30346358
2731	0.30564186
2732	0.30542886
2733	0.30324873
2734	0.30453128
2735	0.30499339
2736	0.30478132
2737	0.30471873
2738	0.30283716
2739	0.30384159
2740	0.30379283
2741	0.30178669
2742	0.30546492
2743	0.30370951
2744	0.30490652
2745	0.30378282
2746	0.30344322
2747	0.30326653
2748	0.30579188
2749	0.30260599
2750	0.30530885
2751	0.30425116
2752	0.30379605
2753	0.30464116
2754	0.30319637
2755	0.30228412
2756	0.30223358
2757	0.30314004
2758	0.30247554
2759	0.30422997
2760	0.30335742
2761	0.30395344
2762	0.30527082
2763	0.30470863
2764	0.30344692
2765	0.30556729
2766	0.30109453
2767	0.30558234
2768	0.30446747
2769	0.30400258
2770	0.30591252
2771	0.30455583
2772	0.30270526
2773	0.30561554
2774	0.30365413
2775	0.30485094
2776	0.30511704
2777	0.30414820
2778	0.30472738
2779	0.30445147
2780	0.30142602
2781	0.30393639
2782	0.30426428
2783	0.30170375
2784	0.30425835
2785	0.30381361
2786	0.30385593
2787	0.30411571
2788	0.30139422
2789	0.30065119
2790	0.30272499
2791	0.30017215
2792	0.30130443
2793	0.30371633
2794	0.30245459
2795	0.30389011
2796	0.30334735
2797	0.30231366
2798	0.30326256
2799	0.30139381
2800	0.30300984
2801	0.30399576
2802	0.30293486
2803	0.30311897
2804	0.30329186
2805	0.30246133
2806	0.30268553
2807	0.30340156
2808	0.30161116
2809	0.30424780
2810	0.30277422
2811	0.30571011
2812	0.30429304
2813	0.30229011
2814	0.30315170
2815	0.30429354
2816	0.30039439
2817	0.30526456
2818	0.30451843
2819	0.30302531
2820	0.30358854
2821	0.30145469
2822	0.30257064
2823	0.30305827
2824	0.30195844
2825	0.30409756
2826	0.30402148
2827	0.30333933
2828	0.30315271
2829	0.30267945
2830	0.30130619
2831	0.30382538
2832	0.30326125
2833	0.30099463
2834	0.30391628
2835	0.30284175
2836	0.30403811
2837	0.30302954
2838	0.30127245
2839	0.30262595
2840	0.30660444
2841	0.29909000
2842	0.30329648
2843	0.30359080
2844	0.30217558
2845	0.30248553
2846	0.30232248
2847	0.30174741
2848	0.30389050
2849	0.30218288
2850	0.30290103
2851	0.30375609
2852	0.30247375
2853	0.30372384
2854	0.30355555
2855	0.30212116
2856	0.30355689
2857	0.30315587
2858	0.30409065
2859	0.30326906
2860	0.30343118
2861	0.30331910
2862	0.30400148
2863	0.30177155
2864	0.30324334
2865	0.30379605
2866	0.29978299
2867	0.30446312
2868	0.30424181
2869	0.30451393
2870	0.30434769
2871	0.30281207
2872	0.30209363
2873	0.30302545
2874	0.30145192
2875	0.30177379
2876	0.30277467
2877	0.30201912
2878	0.30256256
2879	0.30370924
2880	0.30071095
2881	0.30211201
2882	0.30266225
2883	0.30050561
2884	0.30350876
2885	0.30251643
2886	0.30309099
2887	0.30467096
2888	0.29731864
2889	0.30179465
2890	0.30232045
2891	0.29969284
2892	0.30327711
2893	0.30218264
2894	0.30231199
2895	0.30210757
2896	0.30092943
2897	0.30208731
2898	0.30130094
2899	0.29995248
2900	0.30309290
2901	0.30392596
2902	0.30184329
2903	0.30364290
2904	0.30271247
2905	0.30137029
2906	0.30234089
2907	0.30244488
2908	0.30234623
2909	0.30413404
2910	0.30299249
2911	0.30388683
2912	0.30241770
2913	0.30147499
2914	0.30271819
2915	0.30355754
2916	0.30016342
2917	0.30550241
2918	0.30215392
2919	0.30327317
2920	0.30496135
2921	0.30222803
2922	0.30120268
2923	0.30192634
2924	0.30133620
2925	0.30340543
2926	0.30429754
2927	0.30173156
2928	0.30268788
2929	0.30233049
2930	0.30075049
2931	0.30170411
2932	0.30216268
2933	0.30029958
2934	0.30241683
2935	0.30238467
2936	0.30321020
2937	0.30376258
2938	0.30079231
2939	0.30222487
2940	0.30223590
2941	0.30014491
2942	0.30366835
2943	0.30358306
2944	0.30288926
2945	0.30399126
2946	0.30146122
2947	0.30158624
2948	0.30251107
2949	0.30011123
2950	0.30349091
2951	0.30259418
2952	0.30125651
2953	0.30261704
2954	0.30187845
2955	0.30049580
2956	0.30125180
2957	0.30174172
2958	0.30119869
2959	0.30257586
2960	0.30220896
2961	0.30244079
2962	0.30126879
2963	0.29940400
2964	0.30023074
2965	0.30324656
2966	0.29910621
2967	0.30342641
2968	0.30292201
2969	0.30142963
2970	0.30375120
2971	0.30304238
2972	0.30107164
2973	0.30188793
2974	0.30095702
2975	0.30413064
2976	0.30385220
2977	0.30146432
2978	0.30281323
2979	0.30187944
2980	0.30094701
2981	0.30356675
2982	0.30185667
2983	0.30040708
2984	0.29969639
2985	0.30158964
2986	0.30182382
2987	0.30275163
2988	0.30001244
2989	0.30101782
2990	0.30052763
2991	0.29904684
2992	0.30279016
2993	0.30274349
2994	0.29985097
2995	0.30197409
2996	0.30037260
2997	0.30107379
2998	0.30187342
2999	0.29943076
3000	0.30180266