	C:\Users\jkuzm\OneDrive - University of Massachusetts\HRSL x UMILL-PUMA Fatigue - Fatigue\Data\F01\FR3_static2.c3d _ImpedanceExport
	FP1
	COFP
	ORIGINAL
ITEM	Z
1	-0.05068443
2	-0.05067836
3	-0.05068520
4	-0.05068300
5	-0.05068145
6	-0.05068292
7	-0.05068407
8	-0.05068934
9	-0.05068691
10	-0.05067893
11	-0.05068732
12	-0.05067808
13	-0.05068897
14	-0.05068767
15	-0.05068688
16	-0.05068331
17	-0.05069179
18	-0.05068418
19	-0.05068645
20	-0.05068668
21	-0.05068847
22	-0.05069872
23	-0.05069308
24	-0.05069026
25	-0.05069249
26	-0.05068838
27	-0.05068583
28	-0.05069436
29	-0.05069221
30	-0.05069983
31	-0.05069950
32	-0.05069004
33	-0.05069554
34	-0.05069629
35	-0.05068626
36	-0.05069086
37	-0.05068579
38	-0.05068449
39	-0.05069583
40	-0.05069807
41	-0.05069659
42	-0.05069651
43	-0.05068049
44	-0.05068599
45	-0.05068299
46	-0.05068385
47	-0.05069020
48	-0.05068762
49	-0.05068291
50	-0.05069334
51	-0.05067840
52	-0.05068025
53	-0.05068657
54	-0.05068247
55	-0.05068662
56	-0.05069644
57	-0.05068851
58	-0.05069560
59	-0.05069559
60	-0.05068687
61	-0.05069517
62	-0.05068652
63	-0.05069417
64	-0.05069372
65	-0.05068871
66	-0.05069138
67	-0.05070295
68	-0.05068684
69	-0.05068501
70	-0.05069873
71	-0.05068878
72	-0.05069181
73	-0.05069455
74	-0.05068877
75	-0.05069837
76	-0.05068455
77	-0.05068821
78	-0.05068858
79	-0.05068963
80	-0.05068857
81	-0.05069068
82	-0.05068556
83	-0.05069329
84	-0.05069572
85	-0.05068677
86	-0.05068589
87	-0.05068660
88	-0.05068727
89	-0.05067084
90	-0.05068923
91	-0.05069079
92	-0.05069556
93	-0.05068439
94	-0.05068998
95	-0.05068468
96	-0.05068756
97	-0.05068967
98	-0.05068995
99	-0.05069114
100	-0.05069508
101	-0.05068889
102	-0.05068529
103	-0.05069155
104	-0.05068497
105	-0.05068615
106	-0.05069349
107	-0.05069324
108	-0.05069372
109	-0.05069218
110	-0.05068183
111	-0.05069418
112	-0.05068953
113	-0.05069185
114	-0.05069478
115	-0.05068887
116	-0.05069239
117	-0.05070081
118	-0.05068948
119	-0.05068913
120	-0.05068339
121	-0.05068485
122	-0.05069163
123	-0.05068834
124	-0.05068511
125	-0.05069575
126	-0.05068409
127	-0.05068158
128	-0.05069305
129	-0.05068285
130	-0.05068754
131	-0.05068924
132	-0.05068272
133	-0.05068859
134	-0.05069095
135	-0.05068607
136	-0.05068915
137	-0.05068097
138	-0.05068732
139	-0.05069680
140	-0.05068863
141	-0.05068909
142	-0.05069937
143	-0.05068345
144	-0.05069052
145	-0.05069094
146	-0.05069463
147	-0.05068251
148	-0.05069237
149	-0.05069281
150	-0.05069823
151	-0.05068901
152	-0.05068601
153	-0.05069081
154	-0.05068643
155	-0.05069076
156	-0.05069633
157	-0.05069325
158	-0.05068877
159	-0.05069085
160	-0.05068422
161	-0.05068853
162	-0.05068714
163	-0.05068708
164	-0.05069447
165	-0.05066849
166	-0.05068445
167	-0.05069583
168	-0.05068307
169	-0.05068339
170	-0.05069094
171	-0.05068085
172	-0.05069530
173	-0.05068690
174	-0.05068789
175	-0.05069422
176	-0.05068215
177	-0.05068202
178	-0.05068627
179	-0.05068240
180	-0.05068678
181	-0.05069365
182	-0.05068590
183	-0.05069100
184	-0.05069171
185	-0.05068519
186	-0.05068529
187	-0.05068370
188	-0.05068892
189	-0.05069296
190	-0.05068905
191	-0.05069085
192	-0.05069575
193	-0.05068820
194	-0.05068387
195	-0.05071397
196	-0.05069397
197	-0.05069303
198	-0.05068939
199	-0.05068605
200	-0.05070171
201	-0.05068979
202	-0.05068562
203	-0.05069849
204	-0.05068416
205	-0.05069108
206	-0.05069210
207	-0.05068886
208	-0.05068614
209	-0.05068879
210	-0.05067970
211	-0.05068601
212	-0.05068596
213	-0.05069035
214	-0.05068880
215	-0.05068192
216	-0.05068867
217	-0.05069511
218	-0.05067920
219	-0.05068363
220	-0.05068340
221	-0.05068162
222	-0.05069125
223	-0.05069336
224	-0.05067644
225	-0.05069065
226	-0.05068186
227	-0.05068242
228	-0.05068950
229	-0.05068912
230	-0.05068680
231	-0.05069433
232	-0.05068421
233	-0.05069525
234	-0.05069141
235	-0.05068077
236	-0.05069187
237	-0.05068575
238	-0.05068583
239	-0.05069478
240	-0.05068907
241	-0.05068990
242	-0.05068822
243	-0.05067100
244	-0.05068712
245	-0.05068837
246	-0.05068392
247	-0.05069038
248	-0.05068454
249	-0.05068417
250	-0.05069253
251	-0.05068389
252	-0.05068010
253	-0.05069491
254	-0.05068202
255	-0.05068770
256	-0.05068913
257	-0.05068699
258	-0.05068477
259	-0.05068658
260	-0.05068142
261	-0.05068434
262	-0.05067919
263	-0.05068352
264	-0.05068441
265	-0.05068620
266	-0.05068571
267	-0.05069581
268	-0.05068178
269	-0.05068317
270	-0.05068512
271	-0.05068653
272	-0.05068730
273	-0.05069362
274	-0.05068626
275	-0.05069629
276	-0.05068142
277	-0.05068935
278	-0.05068579
279	-0.05068832
280	-0.05068248
281	-0.05068883
282	-0.05068463
283	-0.05069169
284	-0.05069251
285	-0.05068386
286	-0.05068641
287	-0.05068469
288	-0.05068347
289	-0.05068936
290	-0.05069038
291	-0.05069261
292	-0.05069497
293	-0.05068443
294	-0.05068941
295	-0.05068879
296	-0.05068652
297	-0.05068658
298	-0.05068963
299	-0.05068022
300	-0.05069518
301	-0.05067995
302	-0.05067803
303	-0.05068444
304	-0.05068360
305	-0.05068756
306	-0.05068430
307	-0.05068350
308	-0.05069103
309	-0.05068785
310	-0.05067688
311	-0.05068765
312	-0.05068707
313	-0.05068608
314	-0.05069126
315	-0.05068660
316	-0.05068604
317	-0.05068782
318	-0.05068442
319	-0.05067756
320	-0.05064949
321	-0.05068159
322	-0.05068893
323	-0.05069016
324	-0.05068838
325	-0.05069270
326	-0.05068267
327	-0.05068491
328	-0.05068854
329	-0.05068322
330	-0.05069142
331	-0.05068992
332	-0.05068392
333	-0.05068930
334	-0.05068407
335	-0.05068133
336	-0.05068581
337	-0.05068369
338	-0.05068964
339	-0.05069428
340	-0.05068904
341	-0.05069015
342	-0.05069418
343	-0.05068527
344	-0.05067976
345	-0.05068532
346	-0.05068639
347	-0.05068114
348	-0.05068634
349	-0.05068989
350	-0.05068986
351	-0.05067792
352	-0.05068136
353	-0.05068578
354	-0.05068276
355	-0.05068638
356	-0.05068783
357	-0.05068731
358	-0.05069385
359	-0.05068484
360	-0.05067811
361	-0.05068666
362	-0.05068474
363	-0.05068850
364	-0.05068845
365	-0.05068143
366	-0.05068998
367	-0.05069463
368	-0.05068967
369	-0.05068083
370	-0.05068484
371	-0.05068237
372	-0.05068471
373	-0.05068692
374	-0.05068430
375	-0.05069205
376	-0.05067706
377	-0.05068718
378	-0.05068589
379	-0.05068261
380	-0.05068807
381	-0.05068828
382	-0.05068123
383	-0.05069130
384	-0.05067785
385	-0.05067923
386	-0.05068487
387	-0.05067780
388	-0.05068734
389	-0.05069072
390	-0.05068327
391	-0.05068915
392	-0.05069697
393	-0.05067858
394	-0.05068272
395	-0.05068458
396	-0.05068311
397	-0.05067981
398	-0.05068884
399	-0.05068367
400	-0.05069522
401	-0.05068121
402	-0.05067831
403	-0.05068076
404	-0.05068217
405	-0.05068121
406	-0.05068908
407	-0.05068216
408	-0.05069293
409	-0.05068328
410	-0.05067807
411	-0.05068698
412	-0.05068528
413	-0.05068452
414	-0.05068937
415	-0.05068273
416	-0.05067074
417	-0.05069165
418	-0.05067836
419	-0.05067742
420	-0.05067454
421	-0.05068058
422	-0.05068420
423	-0.05068367
424	-0.05067918
425	-0.05069245
426	-0.05068740
427	-0.05067984
428	-0.05068319
429	-0.05068059
430	-0.05068238
431	-0.05068242
432	-0.05067817
433	-0.05068350
434	-0.05068444
435	-0.05068021
436	-0.05068417
437	-0.05068183
438	-0.05067995
439	-0.05069304
440	-0.05068567
441	-0.05068802
442	-0.05069407
443	-0.05067975
444	-0.05068988
445	-0.05068316
446	-0.05068902
447	-0.05069325
448	-0.05069182
449	-0.05068375
450	-0.05069570
451	-0.05068354
452	-0.05068832
453	-0.05068531
454	-0.05068108
455	-0.05068608
456	-0.05068604
457	-0.05068926
458	-0.05068709
459	-0.05068302
460	-0.05067807
461	-0.05068226
462	-0.05068142
463	-0.05068342
464	-0.05068862
465	-0.05067883
466	-0.05067870
467	-0.05069183
468	-0.05067908
469	-0.05068411
470	-0.05067797
471	-0.05068130
472	-0.05068894
473	-0.05067799
474	-0.05066444
475	-0.05069287
476	-0.05068260
477	-0.05067899
478	-0.05068701
479	-0.05068355
480	-0.05068430
481	-0.05068514
482	-0.05068010
483	-0.05069274
484	-0.05068748
485	-0.05068180
486	-0.05068671
487	-0.05068307
488	-0.05068080
489	-0.05069426
490	-0.05068498
491	-0.05068778
492	-0.05068365
493	-0.05067630
494	-0.05068620
495	-0.05069017
496	-0.05068777
497	-0.05069255
498	-0.05068864
499	-0.05068846
500	-0.05069466
501	-0.05068019
502	-0.05068127
503	-0.05067503
504	-0.05067874
505	-0.05068515
506	-0.05068648
507	-0.05068186
508	-0.05068871
509	-0.05067889
510	-0.05068301
511	-0.05068330
512	-0.05068419
513	-0.05068553
514	-0.05069207
515	-0.05068001
516	-0.05069035
517	-0.05068684
518	-0.05067616
519	-0.05068471
520	-0.05067993
521	-0.05067869
522	-0.05070641
523	-0.05068920
524	-0.05068554
525	-0.05069489
526	-0.05068114
527	-0.05067944
528	-0.05068684
529	-0.05068477
530	-0.05069310
531	-0.05068775
532	-0.05068623
533	-0.05069076
534	-0.05068954
535	-0.05067934
536	-0.05068714
537	-0.05068427
538	-0.05068366
539	-0.05068841
540	-0.05068422
541	-0.05068874
542	-0.05069308
543	-0.05068104
544	-0.05068505
545	-0.05068039
546	-0.05068691
547	-0.05068958
548	-0.05068829
549	-0.05068384
550	-0.05068991
551	-0.05066424
552	-0.05067926
553	-0.05068654
554	-0.05068475
555	-0.05068865
556	-0.05069228
557	-0.05068808
558	-0.05068969
559	-0.05068577
560	-0.05068017
561	-0.05068444
562	-0.05068713
563	-0.05068389
564	-0.05068978
565	-0.05068561
566	-0.05068405
567	-0.05068445
568	-0.05068189
569	-0.05067782
570	-0.05067622
571	-0.05068016
572	-0.05069198
573	-0.05068162
574	-0.05068729
575	-0.05069031
576	-0.05067705
577	-0.05068149
578	-0.05067921
579	-0.05067457
580	-0.05069115
581	-0.05068345
582	-0.05068184
583	-0.05068742
584	-0.05067847
585	-0.05068154
586	-0.05068204
587	-0.05067942
588	-0.05068453
589	-0.05068852
590	-0.05068413
591	-0.05068867
592	-0.05068839
593	-0.05068255
594	-0.05067899
595	-0.05068805
596	-0.05068343
597	-0.05068697
598	-0.05069110
599	-0.05068372
600	-0.05069670
601	-0.05067473
602	-0.05068315
603	-0.05068483
604	-0.05067861
605	-0.05068791
606	-0.05068841
607	-0.05068872
608	-0.05069211
609	-0.05067467
610	-0.05067900
611	-0.05067896
612	-0.05068462
613	-0.05067910
614	-0.05068528
615	-0.05068199
616	-0.05068051
617	-0.05068494
618	-0.05068690
619	-0.05068019
620	-0.05067866
621	-0.05067978
622	-0.05068173
623	-0.05068064
624	-0.05068111
625	-0.05069248
626	-0.05067560
627	-0.05067801
628	-0.05069119
629	-0.05068003
630	-0.05068316
631	-0.05068540
632	-0.05068104
633	-0.05068833
634	-0.05068459
635	-0.05067526
636	-0.05067760
637	-0.05067797
638	-0.05068412
639	-0.05068324
640	-0.05067994
641	-0.05068135
642	-0.05068864
643	-0.05067527
644	-0.05068133
645	-0.05067772
646	-0.05067785
647	-0.05066105
648	-0.05067803
649	-0.05067946
650	-0.05069122
651	-0.05067354
652	-0.05067453
653	-0.05067572
654	-0.05067720
655	-0.05068135
656	-0.05068221
657	-0.05068033
658	-0.05068131
659	-0.05067501
660	-0.05068000
661	-0.05068019
662	-0.05067890
663	-0.05068374
664	-0.05068402
665	-0.05068269
666	-0.05068582
667	-0.05068601
668	-0.05067145
669	-0.05068352
670	-0.05067481
671	-0.05067835
672	-0.05068364
673	-0.05068355
674	-0.05067535
675	-0.05068839
676	-0.05068472
677	-0.05067337
678	-0.05068136
679	-0.05067778
680	-0.05067835
681	-0.05068150
682	-0.05067123
683	-0.05068258
684	-0.05067348
685	-0.05068119
686	-0.05068486
687	-0.05067330
688	-0.05068243
689	-0.05068440
690	-0.05068201
691	-0.05067870
692	-0.05068261
693	-0.05067493
694	-0.05067640
695	-0.05068070
696	-0.05067445
697	-0.05068043
698	-0.05068128
699	-0.05067340
700	-0.05068126
701	-0.05067155
702	-0.05067563
703	-0.05067776
704	-0.05067615
705	-0.05067772
706	-0.05068543
707	-0.05067345
708	-0.05068460
709	-0.05067305
710	-0.05067177
711	-0.05067697
712	-0.05067554
713	-0.05068620
714	-0.05067872
715	-0.05068430
716	-0.05068254
717	-0.05068343
718	-0.05067918
719	-0.05067601
720	-0.05067524
721	-0.05067603
722	-0.05068162
723	-0.05066746
724	-0.05064956
725	-0.05067999
726	-0.05066923
727	-0.05066928
728	-0.05067435
729	-0.05067610
730	-0.05067289
731	-0.05067538
732	-0.05066508
733	-0.05067827
734	-0.05066636
735	-0.05067249
736	-0.05067349
737	-0.05067165
738	-0.05067257
739	-0.05067920
740	-0.05067668
741	-0.05067535
742	-0.05067753
743	-0.05066141
744	-0.05067659
745	-0.05066976
746	-0.05067557
747	-0.05068130
748	-0.05067512
749	-0.05066555
750	-0.05067810
751	-0.05066891
752	-0.05067101
753	-0.05067835
754	-0.05066675
755	-0.05068055
756	-0.05068236
757	-0.05067469
758	-0.05067915
759	-0.05067945
760	-0.05067602
761	-0.05068168
762	-0.05067910
763	-0.05068130
764	-0.05067867
765	-0.05067332
766	-0.05067598
767	-0.05067919
768	-0.05066760
769	-0.05067301
770	-0.05067210
771	-0.05066944
772	-0.05068196
773	-0.05067227
774	-0.05067273
775	-0.05068124
776	-0.05067147
777	-0.05067160
778	-0.05066943
779	-0.05067074
780	-0.05067377
781	-0.05067955
782	-0.05066961
783	-0.05067031
784	-0.05067233
785	-0.05067008
786	-0.05066955
787	-0.05066638
788	-0.05066975
789	-0.05067639
790	-0.05066925
791	-0.05066977
792	-0.05067594
793	-0.05066421
794	-0.05067208
795	-0.05067002
796	-0.05066863
797	-0.05067411
798	-0.05067168
799	-0.05066860
800	-0.05067190
801	-0.05065502
802	-0.05067164
803	-0.05067114
804	-0.05067056
805	-0.05067318
806	-0.05068259
807	-0.05067432
808	-0.05067764
809	-0.05067523
810	-0.05066793
811	-0.05067444
812	-0.05066707
813	-0.05067557
814	-0.05067789
815	-0.05066753
816	-0.05066710
817	-0.05067377
818	-0.05066569
819	-0.05066008
820	-0.05065378
821	-0.05066778
822	-0.05067522
823	-0.05067316
824	-0.05066772
825	-0.05068199
826	-0.05066641
827	-0.05066463
828	-0.05067186
829	-0.05067677
830	-0.05066726
831	-0.05067191
832	-0.05066708
833	-0.05067843
834	-0.05066659
835	-0.05066855
836	-0.05067428
837	-0.05066555
838	-0.05066521
839	-0.05067686
840	-0.05066385
841	-0.05066555
842	-0.05067084
843	-0.05066295
844	-0.05066691
845	-0.05066615
846	-0.05067022
847	-0.05067161
848	-0.05066530
849	-0.05069216
850	-0.05067798
851	-0.05066078
852	-0.05066516
853	-0.05066685
854	-0.05066707
855	-0.05066941
856	-0.05067311
857	-0.05067816
858	-0.05067477
859	-0.05067509
860	-0.05066745
861	-0.05067906
862	-0.05067210
863	-0.05067044
864	-0.05067911
865	-0.05067083
866	-0.05067119
867	-0.05067483
868	-0.05066588
869	-0.05067196
870	-0.05066991
871	-0.05066871
872	-0.05067673
873	-0.05066966
874	-0.05067268
875	-0.05068076
876	-0.05066357
877	-0.05066722
878	-0.05066309
879	-0.05066828
880	-0.05067364
881	-0.05067290
882	-0.05066343
883	-0.05068092
884	-0.05067036
885	-0.05066827
886	-0.05066866
887	-0.05066086
888	-0.05066362
889	-0.05067434
890	-0.05066465
891	-0.05067027
892	-0.05067316
893	-0.05066380
894	-0.05066274
895	-0.05066286
896	-0.05066462
897	-0.05066062
898	-0.05066221
899	-0.05066571
900	-0.05067467
901	-0.05066040
902	-0.05066518
903	-0.05066245
904	-0.05066187
905	-0.05066739
906	-0.05067231
907	-0.05067210
908	-0.05067512
909	-0.05066869
910	-0.05066647
911	-0.05067459
912	-0.05067389
913	-0.05067711
914	-0.05067895
915	-0.05066825
916	-0.05067486
917	-0.05067781
918	-0.05066592
919	-0.05067746
920	-0.05066856
921	-0.05066378
922	-0.05067873
923	-0.05067404
924	-0.05067041
925	-0.05068335
926	-0.05066002
927	-0.05065916
928	-0.05066783
929	-0.05066337
930	-0.05066758
931	-0.05066671
932	-0.05066507
933	-0.05066711
934	-0.05065910
935	-0.05066673
936	-0.05065834
937	-0.05065886
938	-0.05066167
939	-0.05067006
940	-0.05066311
941	-0.05066877
942	-0.05066525
943	-0.05065718
944	-0.05066188
945	-0.05066932
946	-0.05067027
947	-0.05066924
948	-0.05066260
949	-0.05066232
950	-0.05067633
951	-0.05065971
952	-0.05066209
953	-0.05066993
954	-0.05065839
955	-0.05066078
956	-0.05066739
957	-0.05066373
958	-0.05067417
959	-0.05066421
960	-0.05066451
961	-0.05066865
962	-0.05066460
963	-0.05066838
964	-0.05067155
965	-0.05066712
966	-0.05067064
967	-0.05067030
968	-0.05065954
969	-0.05066535
970	-0.05066555
971	-0.05066891
972	-0.05066921
973	-0.05066706
974	-0.05063501
975	-0.05067662
976	-0.05065996
977	-0.05066388
978	-0.05066023
979	-0.05066006
980	-0.05067270
981	-0.05066833
982	-0.05066436
983	-0.05066989
984	-0.05066578
985	-0.05065946
986	-0.05066261
987	-0.05065593
988	-0.05066719
989	-0.05066419
990	-0.05066360
991	-0.05066525
992	-0.05067105
993	-0.05065760
994	-0.05066331
995	-0.05066174
996	-0.05065974
997	-0.05066813
998	-0.05066476
999	-0.05065747
1000	-0.05067112
1001	-0.05065918
1002	-0.05066175
1003	-0.05067042
1004	-0.05066197
1005	-0.05066985
1006	-0.05066508
1007	-0.05066814
1008	-0.05066958
1009	-0.05066049
1010	-0.05065683
1011	-0.05066472
1012	-0.05065934
1013	-0.05066563
1014	-0.05066911
1015	-0.05065939
1016	-0.05066674
1017	-0.05066381
1018	-0.05066224
1019	-0.05066286
1020	-0.05066189
1021	-0.05066627
1022	-0.05067641
1023	-0.05066288
1024	-0.05066278
1025	-0.05067119
1026	-0.05066103
1027	-0.05065758
1028	-0.05066615
1029	-0.05066072
1030	-0.05066362
1031	-0.05066830
1032	-0.05065111
1033	-0.05067208
1034	-0.05066140
1035	-0.05065830
1036	-0.05066592
1037	-0.05065738
1038	-0.05066416
1039	-0.05066700
1040	-0.05066653
1041	-0.05065833
1042	-0.05066636
1043	-0.05065436
1044	-0.05066036
1045	-0.05066242
1046	-0.05066237
1047	-0.05067040
1048	-0.05066220
1049	-0.05066179
1050	-0.05066904
1051	-0.05063202
1052	-0.05065773
1053	-0.05066212
1054	-0.05065205
1055	-0.05066322
1056	-0.05065864
1057	-0.05065895
1058	-0.05066543
1059	-0.05064670
1060	-0.05066205
1061	-0.05065705
1062	-0.05065677
1063	-0.05066103
1064	-0.05066340
1065	-0.05065533
1066	-0.05066088
1067	-0.05065981
1068	-0.05065464
1069	-0.05065735
1070	-0.05063467
1071	-0.05065569
1072	-0.05066310
1073	-0.05066512
1074	-0.05065710
1075	-0.05066658
1076	-0.05065443
1077	-0.05066312
1078	-0.05066206
1079	-0.05066179
1080	-0.05067282
1081	-0.05066567
1082	-0.05065922
1083	-0.05066826
1084	-0.05066220
1085	-0.05065991
1086	-0.05066217
1087	-0.05065706
1088	-0.05066361
1089	-0.05066782
1090	-0.05065938
1091	-0.05066226
1092	-0.05066282
1093	-0.05065496
1094	-0.05065403
1095	-0.05065028
1096	-0.05066367
1097	-0.05066563
1098	-0.05066344
1099	-0.05065406
1100	-0.05066668
1101	-0.05065431
1102	-0.05065535
1103	-0.05065877
1104	-0.05065652
1105	-0.05066255
1106	-0.05066194
1107	-0.05065994
1108	-0.05066149
1109	-0.05065087
1110	-0.05065641
1111	-0.05066196
1112	-0.05066019
1113	-0.05066022
1114	-0.05066261
1115	-0.05065786
1116	-0.05065963
1117	-0.05066406
1118	-0.05065467
1119	-0.05065705
1120	-0.05065259
1121	-0.05065604
1122	-0.05066642
1123	-0.05065936
1124	-0.05066275
1125	-0.05066437
1126	-0.05065524
1127	-0.05065640
1128	-0.05064976
1129	-0.05066277
1130	-0.05066001
1131	-0.05066132
1132	-0.05065642
1133	-0.05066619
1134	-0.05065814
1135	-0.05065393
1136	-0.05066193
1137	-0.05065336
1138	-0.05066073
1139	-0.05066256
1140	-0.05065673
1141	-0.05065040
1142	-0.05065946
1143	-0.05064745
1144	-0.05065325
1145	-0.05064720
1146	-0.05064558
1147	-0.05065557
1148	-0.05065186
1149	-0.05065482
1150	-0.05066786
1151	-0.05064922
1152	-0.05065541
1153	-0.05065329
1154	-0.05064708
1155	-0.05065824
1156	-0.05066426
1157	-0.05065310
1158	-0.05066262
1159	-0.05065266
1160	-0.05065006
1161	-0.05065897
1162	-0.05065646
1163	-0.05066127
1164	-0.05065976
1165	-0.05065583
1166	-0.05066661
1167	-0.05065725
1168	-0.05065671
1169	-0.05065981
1170	-0.05065622
1171	-0.05065698
1172	-0.05066210
1173	-0.05066451
1174	-0.05065455
1175	-0.05066225
1176	-0.05067229
1177	-0.05065767
1178	-0.05065215
1179	-0.05065370
1180	-0.05065751
1181	-0.05065868
1182	-0.05065292
1183	-0.05066267
1184	-0.05066345
1185	-0.05064792
1186	-0.05066637
1187	-0.05065448
1188	-0.05065544
1189	-0.05065763
1190	-0.05065518
1191	-0.05066492
1192	-0.05065586
1193	-0.05064663
1194	-0.05065165
1195	-0.05064651
1196	-0.05065028
1197	-0.05065802
1198	-0.05065367
1199	-0.05065126
1200	-0.05066161
1201	-0.05065066
1202	-0.05065214
1203	-0.05065209
1204	-0.05064830
1205	-0.05065139
1206	-0.05065766
1207	-0.05065335
1208	-0.05066761
1209	-0.05065104
1210	-0.05064891
1211	-0.05065722
1212	-0.05065434
1213	-0.05066094
1214	-0.05065971
1215	-0.05065335
1216	-0.05065649
1217	-0.05065609
1218	-0.05064593
1219	-0.05065136
1220	-0.05064994
1221	-0.05065454
1222	-0.05065708
1223	-0.05064099
1224	-0.05064283
1225	-0.05065916
1226	-0.05065027
1227	-0.05065009
1228	-0.05065272
1229	-0.05065442
1230	-0.05065545
1231	-0.05065529
1232	-0.05064721
1233	-0.05065650
1234	-0.05065410
1235	-0.05064840
1236	-0.05065551
1237	-0.05065062
1238	-0.05065254
1239	-0.05066126
1240	-0.05065241
1241	-0.05065834
1242	-0.05065029
1243	-0.05065475
1244	-0.05065478
1245	-0.05064952
1246	-0.05065024
1247	-0.05066109
1248	-0.05065022
1249	-0.05064807
1250	-0.05065956
1251	-0.05064576
1252	-0.05064789
1253	-0.05064772
1254	-0.05064618
1255	-0.05065298
1256	-0.05065331
1257	-0.05064741
1258	-0.05065979
1259	-0.05064467
1260	-0.05064289
1261	-0.05064759
1262	-0.05064576
1263	-0.05064646
1264	-0.05065196
1265	-0.05065344
1266	-0.05065211
1267	-0.05064929
1268	-0.05064970
1269	-0.05064991
1270	-0.05064523
1271	-0.05065091
1272	-0.05065912
1273	-0.05065335
1274	-0.05065216
1275	-0.05065657
1276	-0.05064839
1277	-0.05064523
1278	-0.05065197
1279	-0.05064930
1280	-0.05065179
1281	-0.05064972
1282	-0.05064282
1283	-0.05065299
1284	-0.05064573
1285	-0.05064613
1286	-0.05065442
1287	-0.05064179
1288	-0.05064439
1289	-0.05065013
1290	-0.05064012
1291	-0.05064827
1292	-0.05064650
1293	-0.05064531
1294	-0.05064721
1295	-0.05064123
1296	-0.05064413
1297	-0.05065194
1298	-0.05064101
1299	-0.05064791
1300	-0.05065315
1301	-0.05061458
1302	-0.05064355
1303	-0.05065028
1304	-0.05064521
1305	-0.05065340
1306	-0.05064840
1307	-0.05064893
1308	-0.05066176
1309	-0.05064981
1310	-0.05064687
1311	-0.05064970
1312	-0.05064906
1313	-0.05065570
1314	-0.05065032
1315	-0.05065069
1316	-0.05065459
1317	-0.05065039
1318	-0.05064933
1319	-0.05064887
1320	-0.05065415
1321	-0.05064989
1322	-0.05065937
1323	-0.05065302
1324	-0.05065657
1325	-0.05066313
1326	-0.05065282
1327	-0.05064566
1328	-0.05064853
1329	-0.05065480
1330	-0.05065033
1331	-0.05065228
1332	-0.05064837
1333	-0.05065518
1334	-0.05064262
1335	-0.05064819
1336	-0.05064565
1337	-0.05064210
1338	-0.05064890
1339	-0.05065217
1340	-0.05064089
1341	-0.05064489
1342	-0.05064268
1343	-0.05063464
1344	-0.05064750
1345	-0.05064246
1346	-0.05064738
1347	-0.05064870
1348	-0.05064964
1349	-0.05065189
1350	-0.05065506
1351	-0.05064245
1352	-0.05064507
1353	-0.05064661
1354	-0.05064376
1355	-0.05065087
1356	-0.05065182
1357	-0.05064517
1358	-0.05065867
1359	-0.05064090
1360	-0.05064617
1361	-0.05064818
1362	-0.05064489
1363	-0.05065063
1364	-0.05065395
1365	-0.05064877
1366	-0.05065168
1367	-0.05065610
1368	-0.05064445
1369	-0.05065035
1370	-0.05064521
1371	-0.05064682
1372	-0.05064993
1373	-0.05065162
1374	-0.05064739
1375	-0.05065506
1376	-0.05064457
1377	-0.05063770
1378	-0.05064291
1379	-0.05065188
1380	-0.05065001
1381	-0.05064311
1382	-0.05064169
1383	-0.05065560
1384	-0.05064686
1385	-0.05064019
1386	-0.05063983
1387	-0.05064222
1388	-0.05064550
1389	-0.05064581
1390	-0.05064781
1391	-0.05064706
1392	-0.05064766
1393	-0.05063641
1394	-0.05064173
1395	-0.05063859
1396	-0.05064397
1397	-0.05062980
1398	-0.05063599
1399	-0.05063784
1400	-0.05065625
1401	-0.05064243
1402	-0.05063920
1403	-0.05064654
1404	-0.05064167
1405	-0.05065070
1406	-0.05063503
1407	-0.05065573
1408	-0.05065511
1409	-0.05064256
1410	-0.05064185
1411	-0.05064184
1412	-0.05064533
1413	-0.05064879
1414	-0.05064820
1415	-0.05064934
1416	-0.05064942
1417	-0.05064839
1418	-0.05064038
1419	-0.05064876
1420	-0.05064188
1421	-0.05063709
1422	-0.05064648
1423	-0.05064435
1424	-0.05064423
1425	-0.05065663
1426	-0.05064249
1427	-0.05064349
1428	-0.05064277
1429	-0.05064808
1430	-0.05064524
1431	-0.05064673
1432	-0.05064135
1433	-0.05065329
1434	-0.05064067
1435	-0.05063485
1436	-0.05064936
1437	-0.05063595
1438	-0.05064283
1439	-0.05065113
1440	-0.05064359
1441	-0.05064469
1442	-0.05064410
1443	-0.05063593
1444	-0.05064104
1445	-0.05063722
1446	-0.05063915
1447	-0.05064706
1448	-0.05063544
1449	-0.05063527
1450	-0.05064816
1451	-0.05063576
1452	-0.05062989
1453	-0.05063693
1454	-0.05063252
1455	-0.05062977
1456	-0.05064226
1457	-0.05063789
1458	-0.05065105
1459	-0.05063416
1460	-0.05063497
1461	-0.05063524
1462	-0.05063541
1463	-0.05064618
1464	-0.05064484
1465	-0.05063425
1466	-0.05064422
1467	-0.05064354
1468	-0.05063766
1469	-0.05064538
1470	-0.05063684
1471	-0.05064268
1472	-0.05064749
1473	-0.05062935
1474	-0.05064898
1475	-0.05064714
1476	-0.05063947
1477	-0.05063796
1478	-0.05063675
1479	-0.05064376
1480	-0.05064233
1481	-0.05063496
1482	-0.05063887
1483	-0.05064945
1484	-0.05063055
1485	-0.05063633
1486	-0.05064125
1487	-0.05063575
1488	-0.05063936
1489	-0.05064370
1490	-0.05063779
1491	-0.05064169
1492	-0.05063558
1493	-0.05063973
1494	-0.05063925
1495	-0.05063471
1496	-0.05063737
1497	-0.05064358
1498	-0.05063848
1499	-0.05064019
1500	-0.05064521
1501	-0.05063124
1502	-0.05063323
1503	-0.05065726
1504	-0.05063333
1505	-0.05063418
1506	-0.05063807
1507	-0.05063379
1508	-0.05063953
1509	-0.05063437
1510	-0.05063081
1511	-0.05064590
1512	-0.05062931
1513	-0.05064137
1514	-0.05064717
1515	-0.05063427
1516	-0.05063961
1517	-0.05063941
1518	-0.05063241
1519	-0.05064272
1520	-0.05063415
1521	-0.05063514
1522	-0.05064445
1523	-0.05063650
1524	-0.05063804
1525	-0.05064430
1526	-0.05063765
1527	-0.05063259
1528	-0.05063312
1529	-0.05063808
1530	-0.05063843
1531	-0.05063773
1532	-0.05062295
1533	-0.05064609
1534	-0.05063288
1535	-0.05062963
1536	-0.05063962
1537	-0.05063133
1538	-0.05063960
1539	-0.05064156
1540	-0.05063492
1541	-0.05063958
1542	-0.05063723
1543	-0.05063066
1544	-0.05063774
1545	-0.05063164
1546	-0.05063569
1547	-0.05064157
1548	-0.05063029
1549	-0.05063037
1550	-0.05063128
1551	-0.05061041
1552	-0.05063252
1553	-0.05063006
1554	-0.05062822
1555	-0.05064176
1556	-0.05063490
1557	-0.05064031
1558	-0.05064068
1559	-0.05062995
1560	-0.05063144
1561	-0.05063716
1562	-0.05063076
1563	-0.05062959
1564	-0.05064120
1565	-0.05063160
1566	-0.05063981
1567	-0.05063196
1568	-0.05062476
1569	-0.05063852
1570	-0.05062743
1571	-0.05063968
1572	-0.05063875
1573	-0.05063644
1574	-0.05063324
1575	-0.05064446
1576	-0.05062713
1577	-0.05063341
1578	-0.05063132
1579	-0.05063598
1580	-0.05063104
1581	-0.05063346
1582	-0.05063127
1583	-0.05063841
1584	-0.05062832
1585	-0.05062996
1586	-0.05063523
1587	-0.05062673
1588	-0.05062928
1589	-0.05063715
1590	-0.05063167
1591	-0.05064223
1592	-0.05063419
1593	-0.05062867
1594	-0.05063464
1595	-0.05062768
1596	-0.05063130
1597	-0.05064064
1598	-0.05063846
1599	-0.05064093
1600	-0.05064685
1601	-0.05063260
1602	-0.05062727
1603	-0.05063177
1604	-0.05062555
1605	-0.05063237
1606	-0.05063443
1607	-0.05063117
1608	-0.05063970
1609	-0.05062220
1610	-0.05062850
1611	-0.05063512
1612	-0.05062823
1613	-0.05063029
1614	-0.05063410
1615	-0.05062329
1616	-0.05062922
1617	-0.05062593
1618	-0.05062858
1619	-0.05063337
1620	-0.05062206
1621	-0.05062927
1622	-0.05063306
1623	-0.05063085
1624	-0.05063162
1625	-0.05063310
1626	-0.05062170
1627	-0.05062360
1628	-0.05059598
1629	-0.05062604
1630	-0.05063551
1631	-0.05063163
1632	-0.05063111
1633	-0.05063867
1634	-0.05062899
1635	-0.05062990
1636	-0.05063365
1637	-0.05062437
1638	-0.05063854
1639	-0.05063710
1640	-0.05063247
1641	-0.05063548
1642	-0.05063148
1643	-0.05062672
1644	-0.05063446
1645	-0.05063038
1646	-0.05063325
1647	-0.05063657
1648	-0.05063101
1649	-0.05063469
1650	-0.05063251
1651	-0.05062254
1652	-0.05062304
1653	-0.05063052
1654	-0.05062966
1655	-0.05063374
1656	-0.05063101
1657	-0.05063986
1658	-0.05063530
1659	-0.05062995
1660	-0.05062635
1661	-0.05062996
1662	-0.05062678
1663	-0.05062633
1664	-0.05062724
1665	-0.05062594
1666	-0.05063415
1667	-0.05062428
1668	-0.05062541
1669	-0.05062071
1670	-0.05061815
1671	-0.05062713
1672	-0.05063520
1673	-0.05062512
1674	-0.05062264
1675	-0.05063973
1676	-0.05063159
1677	-0.05062446
1678	-0.05062090
1679	-0.05062682
1680	-0.05063113
1681	-0.05062838
1682	-0.05062401
1683	-0.05064213
1684	-0.05062724
1685	-0.05063426
1686	-0.05062899
1687	-0.05062437
1688	-0.05062989
1689	-0.05063310
1690	-0.05063057
1691	-0.05063219
1692	-0.05062900
1693	-0.05062313
1694	-0.05063085
1695	-0.05062478
1696	-0.05062902
1697	-0.05063789
1698	-0.05062829
1699	-0.05062109
1700	-0.05063257
1701	-0.05062588
1702	-0.05061958
1703	-0.05062537
1704	-0.05062134
1705	-0.05062594
1706	-0.05062745
1707	-0.05062634
1708	-0.05063607
1709	-0.05062408
1710	-0.05061886
1711	-0.05062818
1712	-0.05062702
1713	-0.05061927
1714	-0.05063773
1715	-0.05061959
1716	-0.05062977
1717	-0.05061868
1718	-0.05061536
1719	-0.05062422
1720	-0.05061582
1721	-0.05061972
1722	-0.05062864
1723	-0.05061992
1724	-0.05060767
1725	-0.05063106
1726	-0.05062124
1727	-0.05062276
1728	-0.05062179
1729	-0.05063288
1730	-0.05062582
1731	-0.05062981
1732	-0.05062401
1733	-0.05063104
1734	-0.05062789
1735	-0.05062623
1736	-0.05062494
1737	-0.05062254
1738	-0.05062526
1739	-0.05062706
1740	-0.05062575
1741	-0.05063492
1742	-0.05062981
1743	-0.05062303
1744	-0.05062725
1745	-0.05062225
1746	-0.05062257
1747	-0.05062844
1748	-0.05062198
1749	-0.05062225
1750	-0.05062259
1751	-0.05061595
1752	-0.05061636
1753	-0.05061400
1754	-0.05061382
1755	-0.05062089
1756	-0.05061840
1757	-0.05061841
1758	-0.05062780
1759	-0.05061486
1760	-0.05061635
1761	-0.05062475
1762	-0.05062010
1763	-0.05062273
1764	-0.05062099
1765	-0.05061676
1766	-0.05062441
1767	-0.05062078
1768	-0.05061793
1769	-0.05062387
1770	-0.05061589
1771	-0.05061981
1772	-0.05062248
1773	-0.05062027
1774	-0.05062441
1775	-0.05062626
1776	-0.05061289
1777	-0.05061872
1778	-0.05061868
1779	-0.05062168
1780	-0.05061989
1781	-0.05061867
1782	-0.05060392
1783	-0.05062732
1784	-0.05061466
1785	-0.05060978
1786	-0.05061345
1787	-0.05061179
1788	-0.05061813
1789	-0.05062832
1790	-0.05061945
1791	-0.05062335
1792	-0.05062244
1793	-0.05061328
1794	-0.05062119
1795	-0.05061488
1796	-0.05062153
1797	-0.05062288
1798	-0.05061794
1799	-0.05061866
1800	-0.05061430
1801	-0.05060354
1802	-0.05061717
1803	-0.05061437
1804	-0.05061833
1805	-0.05062454
1806	-0.05061658
1807	-0.05061946
1808	-0.05062507
1809	-0.05061485
1810	-0.05061876
1811	-0.05061432
1812	-0.05061304
1813	-0.05061606
1814	-0.05062243
1815	-0.05061089
1816	-0.05062435
1817	-0.05061256
1818	-0.05061037
1819	-0.05061691
1820	-0.05061327
1821	-0.05061486
1822	-0.05062251
1823	-0.05061869
1824	-0.05061715
1825	-0.05062199
1826	-0.05061592
1827	-0.05060964
1828	-0.05062124
1829	-0.05061372
1830	-0.05063256
1831	-0.05060960
1832	-0.05060815
1833	-0.05062763
1834	-0.05060979
1835	-0.05061245
1836	-0.05061031
1837	-0.05061020
1838	-0.05061763
1839	-0.05061395
1840	-0.05061384
1841	-0.05061780
1842	-0.05061313
1843	-0.05061338
1844	-0.05061998
1845	-0.05061442
1846	-0.05061276
1847	-0.05061996
1848	-0.05061815
1849	-0.05061875
1850	-0.05062011
1851	-0.05061396
1852	-0.05062194
1853	-0.05061572
1854	-0.05061264
1855	-0.05062609
1856	-0.05062558
1857	-0.05062006
1858	-0.05062529
1859	-0.05060912
1860	-0.05062137
1861	-0.05061492
1862	-0.05061428
1863	-0.05062031
1864	-0.05061839
1865	-0.05061297
1866	-0.05061817
1867	-0.05061013
1868	-0.05060663
1869	-0.05061137
1870	-0.05060595
1871	-0.05061109
1872	-0.05061750
1873	-0.05061169
1874	-0.05061048
1875	-0.05062031
1876	-0.05061060
1877	-0.05061113
1878	-0.05061182
1879	-0.05061134
1880	-0.05061992
1881	-0.05061092
1882	-0.05061363
1883	-0.05062183
1884	-0.05061053
1885	-0.05061687
1886	-0.05061331
1887	-0.05061075
1888	-0.05062237
1889	-0.05061914
1890	-0.05061886
1891	-0.05062447
1892	-0.05061023
1893	-0.05061337
1894	-0.05061622
1895	-0.05061767
1896	-0.05061360
1897	-0.05062667
1898	-0.05062234
1899	-0.05062224
1900	-0.05061991
1901	-0.05061263
1902	-0.05062221
1903	-0.05061873
1904	-0.05061444
1905	-0.05062439
1906	-0.05062420
1907	-0.05060567
1908	-0.05062631
1909	-0.05061004
1910	-0.05061133
1911	-0.05061341
1912	-0.05061668
1913	-0.05061841
1914	-0.05061656
1915	-0.05060839
1916	-0.05062193
1917	-0.05060420
1918	-0.05061041
1919	-0.05061534
1920	-0.05060990
1921	-0.05061204
1922	-0.05061536
1923	-0.05061330
1924	-0.05060628
1925	-0.05061888
1926	-0.05061815
1927	-0.05061153
1928	-0.05061380
1929	-0.05061382
1930	-0.05061097
1931	-0.05061515
1932	-0.05061266
1933	-0.05062413
1934	-0.05060722
1935	-0.05061135
1936	-0.05061851
1937	-0.05060807
1938	-0.05061970
1939	-0.05061670
1940	-0.05061239
1941	-0.05061794
1942	-0.05061109
1943	-0.05061343
1944	-0.05061452
1945	-0.05061340
1946	-0.05061712
1947	-0.05062165
1948	-0.05061811
1949	-0.05061895
1950	-0.05062171
1951	-0.05061138
1952	-0.05061556
1953	-0.05061152
1954	-0.05060808
1955	-0.05061397
1956	-0.05061560
1957	-0.05062022
1958	-0.05062789
1959	-0.05060873
1960	-0.05061484
1961	-0.05060817
1962	-0.05061669
1963	-0.05061646
1964	-0.05061138
1965	-0.05060924
1966	-0.05062052
1967	-0.05060958
1968	-0.05060261
1969	-0.05061333
1970	-0.05060877
1971	-0.05061449
1972	-0.05061691
1973	-0.05061314
1974	-0.05060761
1975	-0.05061593
1976	-0.05061165
1977	-0.05060882
1978	-0.05060763
1979	-0.05061300
1980	-0.05061444
1981	-0.05060815
1982	-0.05060728
1983	-0.05062554
1984	-0.05061865
1985	-0.05061202
1986	-0.05061520
1987	-0.05060801
1988	-0.05061748
1989	-0.05061704
1990	-0.05061095
1991	-0.05062194
1992	-0.05061052
1993	-0.05061555
1994	-0.05061927
1995	-0.05061506
1996	-0.05061252
1997	-0.05062059
1998	-0.05061242
1999	-0.05061779
2000	-0.05062012
2001	-0.05061095
2002	-0.05062009
2003	-0.05060503
2004	-0.05061221
2005	-0.05061628
2006	-0.05061367
2007	-0.05061817
2008	-0.05062243
2009	-0.05061019
2010	-0.05061063
2011	-0.05061443
2012	-0.05061596
2013	-0.05061511
2014	-0.05061399
2015	-0.05060947
2016	-0.05061695
2017	-0.05060764
2018	-0.05061138
2019	-0.05061711
2020	-0.05060996
2021	-0.05061500
2022	-0.05061494
2023	-0.05061799
2024	-0.05060648
2025	-0.05061774
2026	-0.05061306
2027	-0.05061835
2028	-0.05060935
2029	-0.05061252
2030	-0.05061094
2031	-0.05060365
2032	-0.05060577
2033	-0.05062121
2034	-0.05060889
2035	-0.05060967
2036	-0.05061227
2037	-0.05061174
2038	-0.05061729
2039	-0.05061704
2040	-0.05061038
2041	-0.05062519
2042	-0.05060702
2043	-0.05061113
2044	-0.05061831
2045	-0.05061140
2046	-0.05061631
2047	-0.05062231
2048	-0.05061294
2049	-0.05061578
2050	-0.05060957
2051	-0.05059399
2052	-0.05060586
2053	-0.05060541
2054	-0.05060816
2055	-0.05062104
2056	-0.05061822
2057	-0.05061560
2058	-0.05062601
2059	-0.05060893
2060	-0.05061882
2061	-0.05061549
2062	-0.05061305
2063	-0.05061533
2064	-0.05061802
2065	-0.05061720
2066	-0.05062614
2067	-0.05061568
2068	-0.05060735
2069	-0.05061457
2070	-0.05060661
2071	-0.05061300
2072	-0.05061848
2073	-0.05061514
2074	-0.05061215
2075	-0.05061774
2076	-0.05061208
2077	-0.05061327
2078	-0.05061148
2079	-0.05060735
2080	-0.05062619
2081	-0.05060732
2082	-0.05061102
2083	-0.05061809
2084	-0.05060723
2085	-0.05060926
2086	-0.05061348
2087	-0.05060700
2088	-0.05061798
2089	-0.05061635
2090	-0.05061444
2091	-0.05061479
2092	-0.05061125
2093	-0.05060565
2094	-0.05061527
2095	-0.05060900
2096	-0.05060879
2097	-0.05061872
2098	-0.05061017
2099	-0.05060972
2100	-0.05061601
2101	-0.05060673
2102	-0.05061458
2103	-0.05060505
2104	-0.05061071
2105	-0.05061742
2106	-0.05061894
2107	-0.05061717
2108	-0.05062464
2109	-0.05063500
2110	-0.05061330
2111	-0.05061543
2112	-0.05061366
2113	-0.05061320
2114	-0.05061699
2115	-0.05060906
2116	-0.05062252
2117	-0.05062163
2118	-0.05060798
2119	-0.05061742
2120	-0.05061417
2121	-0.05061804
2122	-0.05062556
2123	-0.05062050
2124	-0.05061534
2125	-0.05062037
2126	-0.05061338
2127	-0.05060927
2128	-0.05062746
2129	-0.05061524
2130	-0.05061768
2131	-0.05060931
2132	-0.05061594
2133	-0.05062491
2134	-0.05061449
2135	-0.05061315
2136	-0.05060842
2137	-0.05061129
2138	-0.05061471
2139	-0.05061248
2140	-0.05061088
2141	-0.05061777
2142	-0.05060465
2143	-0.05060467
2144	-0.05061541
2145	-0.05060922
2146	-0.05060636
2147	-0.05062228
2148	-0.05060936
2149	-0.05061343
2150	-0.05061743
2151	-0.05060988
2152	-0.05061328
2153	-0.05061055
2154	-0.05061591
2155	-0.05062198
2156	-0.05061439
2157	-0.05060073
2158	-0.05062737
2159	-0.05061212
2160	-0.05060915
2161	-0.05061134
2162	-0.05061549
2163	-0.05061679
2164	-0.05061702
2165	-0.05061694
2166	-0.05062396
2167	-0.05060968
2168	-0.05060847
2169	-0.05061964
2170	-0.05060938
2171	-0.05061779
2172	-0.05062350
2173	-0.05061243
2174	-0.05061974
2175	-0.05062198
2176	-0.05061477
2177	-0.05061684
2178	-0.05061124
2179	-0.05061213
2180	-0.05061870
2181	-0.05061599
2182	-0.05061591
2183	-0.05062806
2184	-0.05061047
2185	-0.05060900
2186	-0.05061992
2187	-0.05061213
2188	-0.05061579
2189	-0.05062060
2190	-0.05062132
2191	-0.05062057
2192	-0.05061536
2193	-0.05060713
2194	-0.05061461
2195	-0.05060880
2196	-0.05061191
2197	-0.05061416
2198	-0.05061296
2199	-0.05061823
2200	-0.05062076
2201	-0.05060799
2202	-0.05061441
2203	-0.05060490
2204	-0.05062487
2205	-0.05062172
2206	-0.05061403
2207	-0.05061514
2208	-0.05062256
2209	-0.05061162
2210	-0.05061001
2211	-0.05061460
2212	-0.05061552
2213	-0.05061698
2214	-0.05061360
2215	-0.05061197
2216	-0.05061879
2217	-0.05061611
2218	-0.05061774
2219	-0.05062475
2220	-0.05061651
2221	-0.05062010
2222	-0.05062316
2223	-0.05061492
2224	-0.05061888
2225	-0.05062279
2226	-0.05061241
2227	-0.05061923
2228	-0.05061457
2229	-0.05061797
2230	-0.05062356
2231	-0.05061765
2232	-0.05061702
2233	-0.05063207
2234	-0.05060032
2235	-0.05061460
2236	-0.05061409
2237	-0.05061380
2238	-0.05061974
2239	-0.05062273
2240	-0.05061776
2241	-0.05062107
2242	-0.05059900
2243	-0.05061159
2244	-0.05061889
2245	-0.05061522
2246	-0.05061254
2247	-0.05062429
2248	-0.05060771
2249	-0.05061659
2250	-0.05061654
2251	-0.05060668
2252	-0.05061354
2253	-0.05062610
2254	-0.05061281
2255	-0.05061818
2256	-0.05061533
2257	-0.05061962
2258	-0.05062716
2259	-0.05061805
2260	-0.05060953
2261	-0.05061609
2262	-0.05062008
2263	-0.05062039
2264	-0.05061855
2265	-0.05061825
2266	-0.05063096
2267	-0.05061485
2268	-0.05061622
2269	-0.05062284
2270	-0.05061362
2271	-0.05061649
2272	-0.05062540
2273	-0.05062183
2274	-0.05062128
2275	-0.05062501
2276	-0.05061190
2277	-0.05062153
2278	-0.05061479
2279	-0.05062348
2280	-0.05062895
2281	-0.05062410
2282	-0.05064626
2283	-0.05062232
2284	-0.05062449
2285	-0.05061939
2286	-0.05061797
2287	-0.05061699
2288	-0.05062605
2289	-0.05062333
2290	-0.05062301
2291	-0.05063045
2292	-0.05061232
2293	-0.05061676
2294	-0.05062596
2295	-0.05062065
2296	-0.05062642
2297	-0.05063056
2298	-0.05062318
2299	-0.05062095
2300	-0.05061870
2301	-0.05061121
2302	-0.05062293
2303	-0.05061725
2304	-0.05061968
2305	-0.05062251
2306	-0.05062502
2307	-0.05061973
2308	-0.05062471
2309	-0.05061459
2310	-0.05061047
2311	-0.05062690
2312	-0.05061663
2313	-0.05061991
2314	-0.05062345
2315	-0.05061461
2316	-0.05062447
2317	-0.05061283
2318	-0.05061859
2319	-0.05062170
2320	-0.05061843
2321	-0.05061878
2322	-0.05062308
2323	-0.05061844
2324	-0.05062739
2325	-0.05062192
2326	-0.05061654
2327	-0.05062083
2328	-0.05062197
2329	-0.05063163
2330	-0.05060975
2331	-0.05061978
2332	-0.05062179
2333	-0.05063303
2334	-0.05061911
2335	-0.05061707
2336	-0.05061957
2337	-0.05061766
2338	-0.05062895
2339	-0.05063409
2340	-0.05062828
2341	-0.05063527
2342	-0.05062287
2343	-0.05062517
2344	-0.05062820
2345	-0.05062367
2346	-0.05062238
2347	-0.05063252
2348	-0.05062399
2349	-0.05062374
2350	-0.05062197
2351	-0.05061535
2352	-0.05062086
2353	-0.05061782
2354	-0.05061943
2355	-0.05062731
2356	-0.05062539
2357	-0.05062575
2358	-0.05063245
2359	-0.05063801
2360	-0.05061612
2361	-0.05061799
2362	-0.05062708
2363	-0.05062724
2364	-0.05062338
2365	-0.05062201
2366	-0.05063307
2367	-0.05062322
2368	-0.05062730
2369	-0.05063324
2370	-0.05062257
2371	-0.05062299
2372	-0.05063311
2373	-0.05063208
2374	-0.05062756
2375	-0.05062875
2376	-0.05061670
2377	-0.05062610
2378	-0.05062201
2379	-0.05063662
2380	-0.05063260
2381	-0.05062747
2382	-0.05062953
2383	-0.05063653
2384	-0.05062208
2385	-0.05062308
2386	-0.05062258
2387	-0.05062969
2388	-0.05062220
2389	-0.05062977
2390	-0.05062731
2391	-0.05063589
2392	-0.05062369
2393	-0.05062295
2394	-0.05062592
2395	-0.05062308
2396	-0.05062405
2397	-0.05062750
2398	-0.05062354
2399	-0.05063045
2400	-0.05062696
2401	-0.05061800
2402	-0.05062794
2403	-0.05061810
2404	-0.05061870
2405	-0.05062623
2406	-0.05061159
2407	-0.05062478
2408	-0.05063346
2409	-0.05062627
2410	-0.05062311
2411	-0.05062621
2412	-0.05062627
2413	-0.05062889
2414	-0.05063131
2415	-0.05061956
2416	-0.05063754
2417	-0.05062489
2418	-0.05062269
2419	-0.05062710
2420	-0.05062288
2421	-0.05063189
2422	-0.05063842
2423	-0.05063375
2424	-0.05063904
2425	-0.05062945
2426	-0.05062523
2427	-0.05063426
2428	-0.05062830
2429	-0.05063211
2430	-0.05064066
2431	-0.05063635
2432	-0.05062848
2433	-0.05064054
2434	-0.05062697
2435	-0.05062847
2436	-0.05062448
2437	-0.05062917
2438	-0.05063399
2439	-0.05063090
2440	-0.05063066
2441	-0.05063667
2442	-0.05062659
2443	-0.05062338
2444	-0.05063582
2445	-0.05062733
2446	-0.05062868
2447	-0.05063432
2448	-0.05062379
2449	-0.05063444
2450	-0.05062942
2451	-0.05062442
2452	-0.05062960
2453	-0.05062761
2454	-0.05063413
2455	-0.05065882
2456	-0.05063361
2457	-0.05063422
2458	-0.05064216
2459	-0.05062439
2460	-0.05062622
2461	-0.05062973
2462	-0.05062987
2463	-0.05063619
2464	-0.05063200
2465	-0.05063180
2466	-0.05064455
2467	-0.05063253
2468	-0.05063186
2469	-0.05063421
2470	-0.05062800
2471	-0.05063186
2472	-0.05063530
2473	-0.05063378
2474	-0.05063715
2475	-0.05063697
2476	-0.05063035
2477	-0.05063581
2478	-0.05063303
2479	-0.05063326
2480	-0.05064241
2481	-0.05063026
2482	-0.05063396
2483	-0.05064470
2484	-0.05061705
2485	-0.05063469
2486	-0.05063561
2487	-0.05063625
2488	-0.05064097
2489	-0.05064046
2490	-0.05063745
2491	-0.05064703
2492	-0.05063315
2493	-0.05062487
2494	-0.05063322
2495	-0.05063203
2496	-0.05063652
2497	-0.05063880
2498	-0.05063919
2499	-0.05064106
2500	-0.05063916
2501	-0.05063216
2502	-0.05063602
2503	-0.05062967
2504	-0.05063073
2505	-0.05064037
2506	-0.05062942
2507	-0.05063341
2508	-0.05064211
2509	-0.05062665
2510	-0.05063175
2511	-0.05063104
2512	-0.05063586
2513	-0.05064136
2514	-0.05063964
2515	-0.05063507
2516	-0.05064575
2517	-0.05063039
2518	-0.05063378
2519	-0.05064370
2520	-0.05063983
2521	-0.05063318
2522	-0.05064372
2523	-0.05063920
2524	-0.05064458
2525	-0.05064100
2526	-0.05063610
2527	-0.05064525
2528	-0.05063938
2529	-0.05064109
2530	-0.05064839
2531	-0.05065828
2532	-0.05065926
2533	-0.05065192
2534	-0.05063987
2535	-0.05063765
2536	-0.05064416
2537	-0.05064144
2538	-0.05065027
2539	-0.05064465
2540	-0.05064534
2541	-0.05065333
2542	-0.05063937
2543	-0.05064097
2544	-0.05064012
2545	-0.05064790
2546	-0.05064259
2547	-0.05064413
2548	-0.05064449
2549	-0.05065044
2550	-0.05064661
2551	-0.05064080
2552	-0.05064629
2553	-0.05063965
2554	-0.05064159
2555	-0.05065051
2556	-0.05064300
2557	-0.05064059
2558	-0.05064760
2559	-0.05063621
2560	-0.05063776
2561	-0.05064978
2562	-0.05064930
2563	-0.05064613
2564	-0.05064791
2565	-0.05064272
2566	-0.05065623
2567	-0.05064029
2568	-0.05064395
2569	-0.05065028
2570	-0.05064449
2571	-0.05065444
2572	-0.05065300
2573	-0.05064928
2574	-0.05065518
2575	-0.05065208
2576	-0.05065018
2577	-0.05065552
2578	-0.05065139
2579	-0.05064752
2580	-0.05065856
2581	-0.05065204
2582	-0.05065387
2583	-0.05066611
2584	-0.05065178
2585	-0.05065281
2586	-0.05065263
2587	-0.05065561
2588	-0.05066158
2589	-0.05066069
2590	-0.05066174
2591	-0.05066453
2592	-0.05065066
2593	-0.05065215
2594	-0.05066052
2595	-0.05065531
2596	-0.05066001
2597	-0.05066108
2598	-0.05065765
2599	-0.05065950
2600	-0.05065988
2601	-0.05064785
2602	-0.05065490
2603	-0.05065137
2604	-0.05065106
2605	-0.05066094
2606	-0.05065209
2607	-0.05065649
2608	-0.05067248
2609	-0.05065621
2610	-0.05065385
2611	-0.05065265
2612	-0.05066068
2613	-0.05066336
2614	-0.05065895
2615	-0.05065268
2616	-0.05066820
2617	-0.05065487
2618	-0.05065617
2619	-0.05066121
2620	-0.05065898
2621	-0.05066362
2622	-0.05066305
2623	-0.05066490
2624	-0.05066470
2625	-0.05065988
2626	-0.05065942
2627	-0.05066634
2628	-0.05065897
2629	-0.05066288
2630	-0.05066720
2631	-0.05066073
2632	-0.05065813
2633	-0.05067595
2634	-0.05065764
2635	-0.05065915
2636	-0.05065524
2637	-0.05065297
2638	-0.05066675
2639	-0.05066343
2640	-0.05065664
2641	-0.05067225
2642	-0.05065729
2643	-0.05065619
2644	-0.05066438
2645	-0.05066336
2646	-0.05066626
2647	-0.05066776
2648	-0.05066329
2649	-0.05066793
2650	-0.05066366
2651	-0.05065854
2652	-0.05066388
2653	-0.05066150
2654	-0.05066444
2655	-0.05067041
2656	-0.05066340
2657	-0.05065270
2658	-0.05067135
2659	-0.05066137
2660	-0.05066114
2661	-0.05065694
2662	-0.05066551
2663	-0.05066470
2664	-0.05066334
2665	-0.05066021
2666	-0.05067647
2667	-0.05066341
2668	-0.05065636
2669	-0.05066245
2670	-0.05066070
2671	-0.05066555
2672	-0.05066605
2673	-0.05066471
2674	-0.05066796
2675	-0.05066102
2676	-0.05066030
2677	-0.05066673
2678	-0.05066576
2679	-0.05066252
2680	-0.05067065
2681	-0.05066478
2682	-0.05066332
2683	-0.05067882
2684	-0.05066124
2685	-0.05066622
2686	-0.05063179
2687	-0.05066082
2688	-0.05066855
2689	-0.05066685
2690	-0.05066647
2691	-0.05067726
2692	-0.05065919
2693	-0.05065947
2694	-0.05066867
2695	-0.05066324
2696	-0.05067649
2697	-0.05067001
2698	-0.05066673
2699	-0.05067616
2700	-0.05066774
2701	-0.05066737
2702	-0.05067393
2703	-0.05066494
2704	-0.05067093
2705	-0.05067313
2706	-0.05067501
2707	-0.05066364
2708	-0.05067878
2709	-0.05066872
2710	-0.05066538
2711	-0.05066701
2712	-0.05066920
2713	-0.05067340
2714	-0.05067369
2715	-0.05066225
2716	-0.05067967
2717	-0.05066180
2718	-0.05066110
2719	-0.05066860
2720	-0.05066035
2721	-0.05066922
2722	-0.05067111
2723	-0.05067496
2724	-0.05067061
2725	-0.05066432
2726	-0.05066713
2727	-0.05066969
2728	-0.05066447
2729	-0.05066745
2730	-0.05067447
2731	-0.05066546
2732	-0.05066690
2733	-0.05067512
2734	-0.05067241
2735	-0.05066884
2736	-0.05066986
2737	-0.05067055
2738	-0.05067803
2739	-0.05067335
2740	-0.05067512
2741	-0.05068241
2742	-0.05066659
2743	-0.05067551
2744	-0.05066822
2745	-0.05067514
2746	-0.05067585
2747	-0.05067544
2748	-0.05066529
2749	-0.05067915
2750	-0.05066665
2751	-0.05067299
2752	-0.05067373
2753	-0.05067084
2754	-0.05067753
2755	-0.05068022
2756	-0.05068193
2757	-0.05067715
2758	-0.05067944
2759	-0.05067191
2760	-0.05067657
2761	-0.05067390
2762	-0.05066852
2763	-0.05066776
2764	-0.05067514
2765	-0.05066600
2766	-0.05068485
2767	-0.05066618
2768	-0.05067076
2769	-0.05067240
2770	-0.05066424
2771	-0.05066909
2772	-0.05067758
2773	-0.05066566
2774	-0.05067369
2775	-0.05066847
2776	-0.05066769
2777	-0.05067176
2778	-0.05066976
2779	-0.05067103
2780	-0.05068430
2781	-0.05067367
2782	-0.05067137
2783	-0.05068310
2784	-0.05067217
2785	-0.05067474
2786	-0.05067456
2787	-0.05067385
2788	-0.05068471
2789	-0.05068957
2790	-0.05068013
2791	-0.05069073
2792	-0.05068690
2793	-0.05067536
2794	-0.05068126
2795	-0.05067538
2796	-0.05067633
2797	-0.05068044
2798	-0.05067813
2799	-0.05068536
2800	-0.05067905
2801	-0.05067382
2802	-0.05067817
2803	-0.05067888
2804	-0.05067782
2805	-0.05067969
2806	-0.05067978
2807	-0.05067631
2808	-0.05068373
2809	-0.05067284
2810	-0.05067910
2811	-0.05066479
2812	-0.05067327
2813	-0.05068041
2814	-0.05067667
2815	-0.05067316
2816	-0.05068915
2817	-0.05066872
2818	-0.05067229
2819	-0.05067846
2820	-0.05067553
2821	-0.05068538
2822	-0.05067971
2823	-0.05067898
2824	-0.05068214
2825	-0.05067294
2826	-0.05067369
2827	-0.05067679
2828	-0.05067870
2829	-0.05067983
2830	-0.05068519
2831	-0.05067462
2832	-0.05067732
2833	-0.05068714
2834	-0.05067474
2835	-0.05068022
2836	-0.05067398
2837	-0.05067995
2838	-0.05068656
2839	-0.05067993
2840	-0.05066126
2841	-0.05069638
2842	-0.05067826
2843	-0.05067696
2844	-0.05068350
2845	-0.05068256
2846	-0.05068161
2847	-0.05068476
2848	-0.05067597
2849	-0.05068238
2850	-0.05067917
2851	-0.05067620
2852	-0.05068145
2853	-0.05067572
2854	-0.05067633
2855	-0.05068203
2856	-0.05067569
2857	-0.05067809
2858	-0.05067398
2859	-0.05067767
2860	-0.05067733
2861	-0.05067765
2862	-0.05067431
2863	-0.05068363
2864	-0.05067661
2865	-0.05067600
2866	-0.05069249
2867	-0.05067259
2868	-0.05067283
2869	-0.05067061
2870	-0.05067268
2871	-0.05067916
2872	-0.05068234
2873	-0.05067923
2874	-0.05068497
2875	-0.05068492
2876	-0.05068045
2877	-0.05068265
2878	-0.05068178
2879	-0.05067592
2880	-0.05068909
2881	-0.05068417
2882	-0.05068073
2883	-0.05069045
2884	-0.05067763
2885	-0.05068195
2886	-0.05067949
2887	-0.05067241
2888	-0.05070704
2889	-0.05068472
2890	-0.05068395
2891	-0.05069375
2892	-0.05067826
2893	-0.05068444
2894	-0.05068306
2895	-0.05068489
2896	-0.05068917
2897	-0.05068321
2898	-0.05068918
2899	-0.05069334
2900	-0.05067915
2901	-0.05067566
2902	-0.05068414
2903	-0.05067762
2904	-0.05068113
2905	-0.05068635
2906	-0.05068202
2907	-0.05068243
2908	-0.05068207
2909	-0.05067432
2910	-0.05067954
2911	-0.05067551
2912	-0.05068364
2913	-0.05068591
2914	-0.05068078
2915	-0.05067795
2916	-0.05069200
2917	-0.05066980
2918	-0.05068514
2919	-0.05067836
2920	-0.05067093
2921	-0.05068259
2922	-0.05068768
2923	-0.05068632
2924	-0.05068654
2925	-0.05067832
2926	-0.05067426
2927	-0.05068585
2928	-0.05068234
2929	-0.05068274
2930	-0.05068970
2931	-0.05068675
2932	-0.05068386
2933	-0.05069192
2934	-0.05068372
2935	-0.05068284
2936	-0.05067961
2937	-0.05067712
2938	-0.05068971
2939	-0.05068290
2940	-0.05068401
2941	-0.05069215
2942	-0.05067745
2943	-0.05067705
2944	-0.05068063
2945	-0.05067686
2946	-0.05068732
2947	-0.05068529
2948	-0.05068322
2949	-0.05069312
2950	-0.05067776
2951	-0.05068256
2952	-0.05068801
2953	-0.05068240
2954	-0.05068662
2955	-0.05069134
2956	-0.05068848
2957	-0.05068584
2958	-0.05068804
2959	-0.05068297
2960	-0.05068389
2961	-0.05068363
2962	-0.05068897
2963	-0.05069622
2964	-0.05069210
2965	-0.05067912
2966	-0.05069753
2967	-0.05067895
2968	-0.05068102
2969	-0.05068726
2970	-0.05067720
2971	-0.05067936
2972	-0.05068849
2973	-0.05068642
2974	-0.05068843
2975	-0.05067512
2976	-0.05067618
2977	-0.05068653
2978	-0.05068157
2979	-0.05068534
2980	-0.05068880
2981	-0.05067733
2982	-0.05068559
2983	-0.05069298
2984	-0.05069809
2985	-0.05068644
2986	-0.05068652
2987	-0.05068224
2988	-0.05069384
2989	-0.05068960
2990	-0.05069309
2991	-0.05069787
2992	-0.05068221
2993	-0.05068176
2994	-0.05069689
2995	-0.05068688
2996	-0.05069276
2997	-0.05068913
2998	-0.05068731
2999	-0.05069675
3000	-0.05068632