	C:\Users\jkuzm\OneDrive - University of Massachusetts\HRSL x UMILL-PUMA Fatigue - Fatigue\Data\F01\FR3_static1.c3d _ImpedanceExport
	FP1
	FORCE
	ORIGINAL
ITEM	X
1	-1.79707336
2	-5.11370325
3	-3.94990969
4	-1.44659853
5	-7.12092590
6	-0.52649778
7	-1.58866346
8	-1.23403490
9	-0.66071045
10	-4.17778969
11	-3.90915608
12	-1.46198249
13	-7.92578983
14	-0.13334797
15	-1.42310405
16	-1.99427462
17	-3.25468874
18	-3.64070129
19	-10.37214184
20	-3.99651003
21	-7.08925056
22	-3.64554644
23	-4.08056164
24	-4.61352825
25	-2.70166707
26	-4.92612362
27	-7.24072504
28	-6.62523317
29	-4.27578974
30	-7.20738316
31	-3.36161351
32	-3.04341841
33	-3.27351952
34	-3.62016559
35	-7.25844383
36	-5.67422247
37	-2.93899345
38	-10.97002029
39	-3.47517061
40	-3.64265370
41	-2.86839771
42	-3.09330058
43	-5.53589439
44	-6.35083532
45	-4.79420137
46	-7.01628351
47	-2.57053328
48	-7.12498665
49	-3.69606972
50	-2.78454447
51	-2.71680117
52	-6.19113445
53	-3.17319727
54	-1.54090536
55	-5.88426304
56	-0.58757728
57	-0.97983891
58	-1.47409225
59	3.02337503
60	-4.74801159
61	-4.09843588
62	-1.59551382
63	-7.79770184
64	0.76157892
65	-0.17092946
66	-0.71192485
67	-1.29948902
68	-1.60584545
69	-4.92515469
70	-0.09513976
71	-4.21402359
72	-1.01666677
73	-1.28534579
74	-1.77160466
75	-1.82699609
76	-3.40893078
77	-5.34424114
78	-5.28635073
79	-5.13450336
80	-8.97501945
81	-4.83408499
82	-5.54102993
83	-6.06843090
84	-7.09931087
85	-9.57651901
86	-8.34197712
87	-6.24605751
88	-10.84749508
89	-4.63691235
90	-5.00281620
91	-5.31976652
92	-5.49493647
93	-7.22658777
94	-8.66219044
95	-6.30528498
96	-9.68322849
97	-5.23793840
98	-4.93817091
99	-6.49065304
100	-5.64973545
101	-4.62151814
102	-9.17186260
103	-5.69587994
104	-3.14356112
105	-7.71114492
106	-4.26375771
107	-0.71690649
108	-0.22321759
109	0.39012283
110	-3.21160460
111	-2.33006954
112	-0.27326834
113	-5.89159822
114	1.77599955
115	1.86224973
116	-0.65935892
117	-0.67519379
118	-2.88320041
119	-2.76125288
120	-1.02917862
121	-6.71060038
122	-1.99962306
123	-1.51342762
124	-2.57722282
125	-1.82291996
126	-4.17711973
127	-7.16920376
128	-6.32322121
129	-4.96190023
130	-8.80479908
131	-4.66561127
132	-5.01470280
133	-6.61710310
134	-7.42262888
135	-12.07667542
136	-7.58462477
137	-5.89376783
138	-13.69536972
139	-6.78694439
140	-7.23278236
141	-7.68340731
142	-6.30449629
143	-8.70340538
144	-10.05034924
145	-7.73777485
146	-8.92553806
147	-6.04050541
148	-4.31114197
149	-5.60859728
150	-4.41944075
151	-4.40090990
152	-6.50599384
153	-4.18762207
154	-2.13067913
155	-5.43279076
156	-0.99893147
157	-0.93721420
158	-1.66058230
159	-1.28687739
160	-3.95227718
161	-4.64060116
162	-0.57103682
163	-7.34243107
164	0.31924245
165	1.23538625
166	-0.22589222
167	-1.56849837
168	-1.29874086
169	-3.91615605
170	-0.40881789
171	-5.51960182
172	-0.49482110
173	-0.04815778
174	-1.16844082
175	-4.23101568
176	-3.43003249
177	-6.91241264
178	-4.42213678
179	-4.26412916
180	-7.35072994
181	-3.21608591
182	-4.41544437
183	0.34109184
184	-4.90661192
185	-6.53544855
186	-6.62994242
187	-3.87774563
188	-11.57964325
189	-2.26967430
190	-4.31646776
191	-4.45132589
192	-3.60715938
193	-5.24454689
194	-7.50544739
195	-5.78557014
196	-8.31597710
197	-2.30275416
198	-4.30731869
199	-4.21453571
200	-6.09555721
201	-4.88614225
202	-7.48182726
203	-5.33875895
204	-4.65615511
205	-7.79974413
206	-2.14175272
207	-2.58208323
208	-2.14647627
209	-2.40217948
210	-5.64977837
211	-4.90825462
212	-0.67454267
213	-8.24731731
214	-0.39792386
215	-2.09185791
216	-2.45270824
217	-1.92779016
218	-4.09439850
219	-3.88381267
220	-1.12666380
221	-4.73250294
222	1.22607529
223	5.18855047
224	-0.33567587
225	-0.19789612
226	-1.79411888
227	-4.24266148
228	-2.42597079
229	-1.65150917
230	-3.31191897
231	-0.64153910
232	-2.05058336
233	0.08981283
234	-2.76486254
235	-6.11262846
236	-4.28662729
237	-2.17776394
238	-9.41091824
239	-2.90724683
240	-2.76763034
241	0.67472237
242	-2.04587030
243	-5.77825737
244	-6.54233360
245	-4.54672241
246	-8.67700100
247	-3.55042839
248	-3.42663479
249	-3.70462346
250	-4.37452793
251	-3.87542415
252	-6.82628202
253	-5.48272896
254	-5.37759829
255	-7.62372589
256	-4.32447815
257	-4.28116274
258	-3.78652406
259	-5.64808273
260	-5.98147440
261	-6.11973429
262	-3.05495548
263	-9.10025215
264	-0.27938315
265	-0.01547446
266	-0.99478924
267	-0.87120622
268	-0.33121026
269	-2.07002449
270	3.90378904
271	-3.89824843
272	1.21384251
273	0.77800196
274	0.33499876
275	0.36709094
276	-1.45172822
277	-4.43822908
278	-2.38562131
279	-1.42684007
280	-3.32026339
281	-1.42500973
282	-1.92583537
283	-0.64212906
284	-3.30841064
285	-5.09118080
286	-2.59767747
287	-0.98504651
288	-7.64203501
289	-1.57610667
290	-2.68905783
291	-1.93171513
292	-2.24891806
293	-4.90828085
294	-6.55958700
295	-4.38019609
296	-7.76324415
297	-2.72702360
298	-3.00169039
299	-4.20211220
300	-4.26619530
301	-4.73430443
302	-8.03527832
303	-5.01491308
304	-3.88051772
305	-6.22854042
306	-3.02597642
307	-2.47979832
308	-1.11652935
309	-1.72397435
310	-2.54524636
311	-3.50611782
312	-1.63249052
313	-7.30791187
314	0.40716153
315	0.81126410
316	-0.44352686
317	-2.03628087
318	1.98872149
319	-3.41368866
320	-0.03148155
321	-5.72834635
322	-0.34736678
323	0.89885819
324	-0.16715336
325	-0.22085269
326	-1.41304088
327	-3.50965953
328	-3.63080549
329	-1.24881101
330	-2.66195655
331	0.41485775
332	-0.07453872
333	-0.43615377
334	-1.63383222
335	-3.94613528
336	-2.34079599
337	-0.37329367
338	-6.80005360
339	0.71780807
340	-1.13604808
341	-1.54565740
342	-1.14301038
343	-2.78639507
344	-4.79546261
345	-2.48421216
346	-6.30433226
347	0.50886780
348	0.18473184
349	-2.80900216
350	-3.11701894
351	-2.38935447
352	-5.59508991
353	-3.20438266
354	-3.80469966
355	-6.31662226
356	-0.84365588
357	-3.27559257
358	-12.36655521
359	-2.33758330
360	-5.28169298
361	-5.41809559
362	-1.04193330
363	-9.07441711
364	1.03778851
365	-0.43094540
366	-0.86837608
367	-0.71354741
368	-1.38169479
369	-3.01938629
370	0.10454617
371	-5.91127300
372	0.26959082
373	0.19303387
374	-0.47773352
375	0.36581373
376	0.86864704
377	-4.35812855
378	-1.95714378
379	-1.09020412
380	-2.21832943
381	1.07292557
382	0.23374009
383	-0.30032921
384	-0.12608241
385	-2.03286338
386	-2.02744102
387	-2.33040977
388	-6.80364895
389	0.99725628
390	-0.29870433
391	-0.84013891
392	-1.00741684
393	-3.36184406
394	-3.81285453
395	-4.15252924
396	-6.92978096
397	0.08391103
398	-1.71186304
399	-3.05155134
400	-3.73725367
401	-4.20765305
402	-5.72777367
403	-3.77153754
404	-3.92661643
405	-9.30710983
406	-3.00599384
407	-2.51240873
408	-1.71639347
409	-2.12019777
410	-4.25795317
411	-2.62076449
412	-1.89054573
413	-7.47288465
414	0.45905626
415	1.37492704
416	-0.47563004
417	-1.41071784
418	-1.66633224
419	-1.93834066
420	1.53318870
421	-2.97032809
422	2.95681000
423	2.86804438
424	1.61889923
425	1.84812617
426	0.18575183
427	-3.18566561
428	-1.23676860
429	-0.73720533
430	-1.55048275
431	0.86122012
432	-0.64725554
433	-1.05534172
434	-0.83787245
435	-5.62627745
436	-4.71137714
437	-2.19540381
438	-9.42979240
439	-1.94017339
440	-2.37985706
441	-2.51893044
442	-1.81004715
443	-4.15234327
444	-3.46561599
445	-4.36509132
446	-7.22940207
447	-1.16976714
448	-2.01887989
449	-3.30961514
450	-4.33561897
451	-3.17562413
452	-4.47221041
453	-3.39152718
454	-4.01105213
455	-3.99107289
456	-1.18312550
457	0.24315497
458	0.68976599
459	0.24861237
460	-3.05115342
461	-2.70525408
462	0.78886002
463	-5.19441366
464	1.61289370
465	0.91345149
466	0.07084776
467	-0.51414108
468	-1.03735471
469	-2.41660810
470	0.60036176
471	-5.13745070
472	-0.55369234
473	1.17864716
474	-0.27772465
475	-0.37636015
476	-3.47980142
477	-4.99392557
478	-4.24621677
479	-4.45627308
480	-4.72540665
481	-2.59656358
482	-7.05808783
483	-3.98370695
484	-3.95453215
485	-6.77293444
486	-4.77696705
487	-2.35406494
488	-10.12601566
489	-2.41622972
490	-2.46677089
491	-2.33589458
492	-2.64207578
493	-3.91135120
494	-4.68502998
495	-2.95536017
496	-7.00674915
497	0.13092014
498	-0.10403627
499	-1.75195622
500	-2.24960661
501	-2.72157145
502	-5.75007105
503	-0.26474875
504	-3.47318006
505	-3.88204145
506	-1.44603169
507	-1.97562850
508	-0.90978992
509	-1.65979493
510	-4.34068346
511	-11.27750111
512	-1.08003461
513	-7.24653864
514	-0.51490664
515	-0.51105261
516	-0.82609081
517	-1.98119855
518	-2.99560118
519	-3.63080263
520	-0.45729759
521	-7.94193554
522	1.71187854
523	-2.27505159
524	-1.70512927
525	-0.72913080
526	-3.66246891
527	-5.27620745
528	-3.57600236
529	-4.32092047
530	-2.68667650
531	-0.81948990
532	-3.51093841
533	-1.98178780
534	-3.52920365
535	-5.50326395
536	-3.93668532
537	-0.89944631
538	-9.28702259
539	-1.39908218
540	-2.38598299
541	-1.49007463
542	-2.37485766
543	-4.19593954
544	-5.62553453
545	-3.62221003
546	-7.57580233
547	-0.62841570
548	-2.27682948
549	-2.94471383
550	-3.49174142
551	-2.01309800
552	-5.48674250
553	-2.01567197
554	-4.09937334
555	-3.34797502
556	-1.58134675
557	-2.42432714
558	-1.60519660
559	-1.75359392
560	-4.61609364
561	-5.51180506
562	-0.93877029
563	-7.83105087
564	-0.42815697
565	-0.11359502
566	-0.91464776
567	-3.14039254
568	-3.27270603
569	-11.74904728
570	-0.10815515
571	-7.86194086
572	-1.12810552
573	-0.28249621
574	-1.84403169
575	-1.17813170
576	-4.77010441
577	-6.59512711
578	-4.11193705
579	-5.65625095
580	-3.21844482
581	-1.92614520
582	-2.37543058
583	-2.77740526
584	-3.47835016
585	-6.46622467
586	-5.04498768
587	-2.00872374
588	-10.78089619
589	-2.50906062
590	-4.51767302
591	-4.50402164
592	-2.64515376
593	-5.26696730
594	-5.94271421
595	-2.91225815
596	-7.63786077
597	-1.08780861
598	-3.08494639
599	-2.02521825
600	-1.99216163
601	-3.00427747
602	-5.01499319
603	-1.80318081
604	-3.21771145
605	-3.22120595
606	-1.09281039
607	-1.25988472
608	0.33683378
609	-3.42397451
610	-5.62481260
611	-3.45343208
612	0.30443728
613	-6.75037432
614	-0.91469806
615	-1.70850873
616	-1.52942824
617	-2.29527473
618	-3.92351794
619	-4.07537317
620	-2.16496348
621	-8.21328449
622	-1.30372059
623	-0.91065627
624	-2.99650860
625	-1.62086761
626	-3.84477305
627	-5.61946774
628	-3.91108823
629	-4.58817005
630	-2.01623273
631	-1.84045208
632	-3.66155601
633	-3.27085304
634	-4.59130383
635	-7.03891993
636	-4.14386272
637	-2.49473429
638	-11.21084785
639	-2.33171892
640	-2.59061432
641	-2.72497249
642	-2.10730529
643	-5.12159348
644	-4.81769609
645	-3.25691366
646	-0.07631917
647	-0.14593576
648	-0.19296624
649	-1.12895763
650	-2.82689500
651	-2.37185621
652	-5.44728661
653	-2.82647920
654	-5.03946877
655	-3.40361285
656	-2.02482438
657	-3.61973500
658	-1.89116764
659	-4.68163395
660	-6.07149267
661	-5.89399481
662	-2.18801284
663	-7.94968748
664	-1.21179831
665	-0.64201522
666	-2.40848708
667	-2.71870375
668	-3.92992067
669	-3.83946848
670	-0.81259495
671	-8.20902252
672	-1.74154329
673	-1.61745536
674	-2.45789623
675	-3.30589938
676	-4.86453581
677	-6.14134741
678	-3.71629333
679	-5.39509106
680	-2.54551339
681	-1.96980190
682	-2.60750151
683	-3.05180526
684	-3.00156283
685	-5.67224598
686	8.27276134
687	-2.19482279
688	-9.37658310
689	-1.40101755
690	-2.73406243
691	-2.60113335
692	-2.23554778
693	-5.48289108
694	-5.94340038
695	-2.15033174
696	-8.06423092
697	-1.92901027
698	-1.66488862
699	-2.47497869
700	-3.32359910
701	-3.31001425
702	-5.22435713
703	-2.46588016
704	1.66601789
705	-3.31240821
706	-1.84446228
707	-2.02687263
708	-1.05637705
709	-1.84365988
710	-5.23601341
711	-4.56760693
712	-1.08015096
713	-7.59541798
714	0.86204708
715	-0.17327008
716	-1.72144663
717	-2.02703524
718	-2.68611407
719	-3.39687324
720	-0.24195378
721	-6.78829479
722	-1.00113189
723	0.82477874
724	-1.44672477
725	-1.25898588
726	-3.79216003
727	-5.41091156
728	-3.58157301
729	-5.62265110
730	-2.14657164
731	-2.10899186
732	-2.96062541
733	1.14920270
734	-4.51240921
735	-6.87494564
736	-4.96030521
737	-2.64143133
738	-8.49026585
739	-3.10148644
740	-3.00070810
741	-2.50657487
742	-1.93489408
743	-5.03937674
744	-5.74631834
745	-2.06491899
746	-8.07817650
747	-0.02070922
748	-0.37445983
749	-0.06695698
750	-1.72384262
751	-2.06158662
752	-2.95445371
753	-0.37977695
754	-3.74787140
755	-0.50092298
756	1.30801415
757	0.55782187
758	-0.42454100
759	-0.24227354
760	-4.55465746
761	-2.03495526
762	1.80266261
763	-4.63849926
764	0.23695301
765	-0.15166503
766	-0.07045344
767	-2.24644876
768	-3.66720748
769	-3.40879703
770	-0.72836745
771	-8.12119770
772	-1.30722904
773	-1.36595893
774	-2.14436984
775	-0.99661410
776	-3.53149962
777	-5.39803171
778	-2.72692919
779	-5.56810617
780	-3.25165343
781	3.81425095
782	-2.76974702
783	-2.55668402
784	-2.99168086
785	-6.25179338
786	-3.52798057
787	-1.82629633
788	-7.81574821
789	-2.29100537
790	-3.00373554
791	-3.70707798
792	-2.09477639
793	-4.23568583
794	-5.18542433
795	-2.11165428
796	-7.90617228
797	-0.68484998
798	-1.57166600
799	-1.93600237
800	-2.42507672
801	-2.64073038
802	-2.49864507
803	-0.33785507
804	-3.98779202
805	-0.98816293
806	-0.56106985
807	-0.99533200
808	-0.78568387
809	-2.77981067
810	-5.85471344
811	-3.50122023
812	-3.70521164
813	-6.87544394
814	-1.35512400
815	-1.71449637
816	-1.98468983
817	-3.05292630
818	-4.91487694
819	-3.40565062
820	1.57454610
821	-15.49447918
822	0.41900885
823	-1.40242779
824	-1.67090857
825	-1.71358621
826	-3.75744987
827	-4.46926212
828	-3.26845789
829	-5.79611301
830	-0.09598863
831	-1.86080563
832	-2.72397184
833	-1.80065179
834	-2.49946833
835	-5.97034788
836	-3.43607378
837	-0.93861413
838	-7.32162380
839	-2.06263423
840	-1.61393225
841	-1.73402154
842	-1.65925574
843	-5.52366924
844	-3.98407388
845	-3.34857416
846	-9.72525311
847	0.19996709
848	-0.77403075
849	-4.37158966
850	-7.23476219
851	-3.39882851
852	-4.73624659
853	-1.72088015
854	-5.17976999
855	-1.56943297
856	-0.95756710
857	-1.75903213
858	-0.73056823
859	-1.62262273
860	-3.89173698
861	-2.12478375
862	-0.37705728
863	-4.92743492
864	0.59769815
865	-0.42741156
866	0.86012882
867	-0.64911443
868	-5.25559092
869	-1.76122439
870	3.13990760
871	-4.75911522
872	1.21288216
873	2.15213108
874	-0.01864154
875	1.66741538
876	-1.63102710
877	-3.18354130
878	-0.96729463
879	-7.04056168
880	0.78272128
881	0.16423956
882	-3.17658377
883	-1.94117010
884	-3.83594728
885	-6.02757311
886	-3.70635653
887	-1.56556606
888	-8.02236176
889	-1.88603008
890	-1.17712760
891	-1.62347698
892	-2.06672001
893	-4.82294655
894	-4.73593235
895	-2.33296990
896	-9.63964462
897	-5.98934507
898	-1.25992227
899	-3.18616676
900	-3.45245600
901	-3.21924090
902	-3.67265558
903	-0.24759023
904	-4.78546000
905	0.29783893
906	1.62683117
907	2.19867873
908	1.79955482
909	-1.05185759
910	-2.29034972
911	-0.78363669
912	0.48444438
913	-3.71271300
914	2.33434272
915	0.95852822
916	0.02917214
917	0.07394940
918	-2.99436545
919	-0.19635001
920	1.89712560
921	-5.58829451
922	1.58160198
923	1.63212264
924	0.37559703
925	1.13117480
926	-1.44337058
927	-3.28987265
928	-1.63512814
929	-4.69802380
930	-0.63674033
931	0.90910435
932	-2.42435813
933	-1.27380991
934	-3.52866507
935	-4.07653761
936	-3.30893564
937	-2.94435215
938	-5.31316566
939	-0.02340931
940	-0.14986262
941	-0.01314143
942	-0.23967573
943	-2.73034573
944	-1.80181146
945	-2.03879857
946	-5.41307592
947	1.36908185
948	1.22617662
949	0.24827032
950	0.24041332
951	-2.28160524
952	-1.92944479
953	0.47452092
954	-5.17977285
955	-1.19435859
956	1.35267007
957	0.51723689
958	-0.20030671
959	-2.86277294
960	-5.40805721
961	-3.58572555
962	-2.10096025
963	-5.62397766
964	-0.86346483
965	-1.35928309
966	1.06888580
967	-0.73439431
968	-4.37942934
969	-2.11231613
970	-0.10194910
971	-7.91058397
972	0.69279116
973	0.33329871
974	-4.49272299
975	-0.02961559
976	-2.84491491
977	-1.63260651
978	-0.26025319
979	-2.84134436
980	2.15462685
981	3.34475183
982	1.78012657
983	2.80044627
984	2.04974103
985	5.21431208
986	2.71945524
987	4.01432133
988	-0.84207082
989	4.66663551
990	4.10250425
991	3.80255485
992	3.48941350
993	-0.51809311
994	0.58353472
995	1.28122902
996	-4.83604145
997	1.54685438
998	1.14328074
999	-0.76129323
1000	-1.51914966
1001	-2.94142699
1002	-4.53989983
1003	-0.90956491
1004	-4.28972864
1005	-1.08833551
1006	-0.46571338
1007	-0.55408937
1008	-1.13054502
1009	-3.97062874
1010	-5.76087904
1011	-4.56073952
1012	-3.03501320
1013	-5.05845070
1014	2.87473273
1015	-3.40044093
1016	-2.86723638
1017	-2.78446341
1018	-5.27425241
1019	-2.56000972
1020	1.09216976
1021	-6.43569994
1022	1.57682085
1023	2.19642305
1024	1.38504076
1025	2.43023920
1026	1.30846679
1027	0.73100501
1028	3.17435861
1029	-1.00460255
1030	5.13993120
1031	4.95184517
1032	-0.76458508
1033	4.02080250
1034	3.49614859
1035	0.19594176
1036	2.37329197
1037	1.36596715
1038	-2.60134220
1039	2.46565700
1040	2.51252270
1041	1.98864245
1042	0.31159380
1043	-1.01687682
1044	-1.36575675
1045	0.87532580
1046	-6.12687540
1047	1.35731959
1048	0.87279457
1049	-0.94904155
1050	-1.62635553
1051	-2.45793700
1052	-4.05341911
1053	-0.95354199
1054	-6.77496719
1055	-0.75487363
1056	0.16330408
1057	-0.54378605
1058	-1.34872758
1059	-2.49742985
1060	-4.05895901
1061	-4.22301769
1062	-1.59644008
1063	-2.32794476
1064	0.29245290
1065	-0.37755764
1066	-0.10884374
1067	-0.77458704
1068	-3.26477289
1069	-1.38718545
1070	1.09738731
1071	-7.01878500
1072	2.58835578
1073	0.83133990
1074	0.87307268
1075	1.72015738
1076	-1.93033314
1077	-2.14213872
1078	-0.01575531
1079	-3.30737758
1080	2.88551116
1081	1.28113508
1082	2.21331525
1083	0.95302176
1084	-0.14979023
1085	-2.86424136
1086	0.59997058
1087	-0.55340123
1088	-1.53244495
1089	1.74941003
1090	1.40437245
1091	2.70090699
1092	2.82382011
1093	-1.45364261
1094	-0.56517023
1095	1.58326280
1096	-5.29009819
1097	3.30550718
1098	2.64860773
1099	2.19704843
1100	1.91948354
1101	-2.43657660
1102	-0.64786613
1103	1.98800635
1104	-3.49731898
1105	2.74653244
1106	2.96912789
1107	1.17943060
1108	1.09601223
1109	2.55546880
1110	-3.57034969
1111	-2.50594807
1112	-0.88981539
1113	-3.56342936
1114	-0.27545941
1115	-1.70363188
1116	-1.88591659
1117	-2.72483683
1118	-5.61273766
1119	-3.26417661
1120	-2.88880897
1121	-9.62132168
1122	-2.36602187
1123	-2.41907001
1124	-2.73228550
1125	-1.88398981
1126	-5.53392315
1127	-4.82486057
1128	-2.42597866
1129	-5.18915081
1130	1.11609006
1131	0.55096060
1132	0.42194283
1133	0.14146858
1134	0.86393797
1135	-1.67571414
1136	1.79522395
1137	2.41617489
1138	1.34408247
1139	4.58838224
1140	4.50652456
1141	4.55366516
1142	4.77399969
1143	2.23222542
1144	3.47415161
1145	5.84644270
1146	0.66173631
1147	7.70457506
1148	7.87411070
1149	13.24591064
1150	4.58745861
1151	3.03560638
1152	1.97051108
1153	2.82040787
1154	-3.63622069
1155	1.17957056
1156	1.44570494
1157	-0.50816238
1158	-0.44889203
1159	-1.50912476
1160	-5.97230339
1161	-4.55424404
1162	-4.72175312
1163	-5.26280928
1164	-3.08562374
1165	-3.18064451
1166	-3.04575157
1167	-1.55484176
1168	-7.45314932
1169	-5.89260149
1170	-1.70572853
1171	-11.23758602
1172	-2.87995100
1173	-2.20476723
1174	-3.36230540
1175	-0.60870230
1176	-5.72877121
1177	-2.57116103
1178	-0.02954459
1179	-4.17557478
1180	3.00388169
1181	2.58984351
1182	0.89692193
1183	2.13211346
1184	2.97949934
1185	1.61012101
1186	3.55811262
1187	2.80859375
1188	2.99404454
1189	5.52919865
1190	4.36763144
1191	5.16662073
1192	4.90367126
1193	0.09888712
1194	1.48518777
1195	2.95600772
1196	-0.54902750
1197	2.76891971
1198	1.64562857
1199	1.40047956
1200	0.09524118
1201	-2.29296207
1202	-2.33680034
1203	0.11273562
1204	-6.21941233
1205	-0.67629141
1206	-0.15381296
1207	-3.48779321
1208	-1.97789955
1209	-3.89484143
1210	-6.15977049
1211	-5.27411366
1212	-4.01724100
1213	-4.82317972
1214	-2.77808595
1215	-2.87127066
1216	-1.27652538
1217	-3.44476223
1218	-4.77777243
1219	-2.55324554
1220	0.25082892
1221	-6.39482403
1222	0.86185306
1223	0.91259700
1224	0.41731259
1225	0.65184951
1226	-1.08376467
1227	-0.77760792
1228	0.72355449
1229	-3.63797259
1230	1.80185318
1231	1.57545149
1232	0.94667912
1233	0.27761632
1234	-0.38143119
1235	-3.26148081
1236	-0.36648700
1237	-1.57500529
1238	-0.77849740
1239	0.19142158
1240	-0.42932478
1241	-0.33512920
1242	0.28771135
1243	-3.05309391
1244	2.07437086
1245	0.86968136
1246	-5.95411634
1247	0.85961616
1248	0.68104136
1249	0.18298545
1250	-0.57569653
1251	-1.28149116
1252	-0.83896470
1253	2.31924677
1254	-4.80650711
1255	2.82104754
1256	3.12490988
1257	2.99106336
1258	2.67191482
1259	1.60756671
1260	-0.17528276
1261	1.64527512
1262	1.43336678
1263	1.39053905
1264	2.37816453
1265	3.00580716
1266	2.31931472
1267	0.28478408
1268	-1.80286741
1269	0.11809678
1270	1.62619865
1271	-5.90556383
1272	-0.02093202
1273	-1.87079525
1274	-1.21330047
1275	-1.22607815
1276	-4.14788055
1277	-5.51768446
1278	-3.03739333
1279	-8.83098125
1280	-1.60222113
1281	-2.10409045
1282	-2.69032145
1283	-0.94177276
1284	-11.56826973
1285	-6.79455233
1286	-3.59158254
1287	-4.96461439
1288	-3.76742887
1289	-1.81768632
1290	-1.01708138
1291	-0.88766444
1292	-1.19360399
1293	-3.07958722
1294	-3.27874899
1295	2.04965568
1296	-3.97334290
1297	3.87335229
1298	3.65011144
1299	2.67398977
1300	3.64189053
1301	3.11821198
1302	0.50331289
1303	5.73764420
1304	-2.23114276
1305	5.96322250
1306	6.31769419
1307	4.35830736
1308	4.17843199
1309	2.44432545
1310	-0.21499301
1311	1.23973405
1312	-1.37414610
1313	-7.46611500
1314	0.62820321
1315	-1.95072329
1316	-0.87792784
1317	-3.98979425
1318	-5.72189093
1319	-3.18319130
1320	-2.73061895
1321	-9.40477371
1322	-2.74913478
1323	-1.88382399
1324	-2.12112522
1325	-2.47625113
1326	-5.72328424
1327	-5.76592302
1328	-3.14488339
1329	-8.35360336
1330	-1.23378575
1331	-6.53194475
1332	-2.61839175
1333	-1.41621876
1334	-2.38841462
1335	-3.77544379
1336	-0.93702912
1337	-2.58898616
1338	-0.17840274
1339	1.53854609
1340	1.36515307
1341	1.77026188
1342	-1.45526087
1343	-1.26291358
1344	0.51623660
1345	1.90495384
1346	-3.13476396
1347	2.83984256
1348	2.21513653
1349	2.26235914
1350	1.73332775
1351	-0.17773126
1352	1.04459548
1353	1.08439577
1354	-4.98305798
1355	1.08004582
1356	0.99219424
1357	-0.87471938
1358	0.05758305
1359	-2.97148991
1360	-6.69067955
1361	-2.52609706
1362	-4.43829203
1363	-2.64857531
1364	-0.64899558
1365	-2.13501430
1366	-1.15241778
1367	-2.57618141
1368	-4.44797659
1369	-1.59777212
1370	-0.12974943
1371	-5.77115726
1372	0.08914251
1373	-0.09688990
1374	-1.06110108
1375	0.45448452
1376	-2.88200903
1377	-3.47000527
1378	-0.97891515
1379	-10.11427593
1380	1.33864236
1381	0.22460048
1382	-0.30173406
1383	0.31505474
1384	-1.59283721
1385	-1.76576757
1386	0.22679858
1387	-1.94967449
1388	0.24130534
1389	2.40016031
1390	0.33081031
1391	0.32046741
1392	-1.19469559
1393	-3.86277890
1394	-3.55101013
1395	-1.36143386
1396	-7.28333473
1397	-1.58592379
1398	-2.11912727
1399	-2.61303139
1400	-2.44774199
1401	-4.16868925
1402	-2.51833558
1403	-0.65304899
1404	-6.22320747
1405	0.58929390
1406	1.07926953
1407	0.76152295
1408	5.14533234
1409	-1.46220422
1410	-1.18813634
1411	0.18504556
1412	-1.67506409
1413	0.73715568
1414	2.04988003
1415	1.02627277
1416	1.69758546
1417	0.58045799
1418	-3.62886286
1419	3.01319408
1420	1.37939239
1421	-4.27868271
1422	2.53522897
1423	1.60144913
1424	1.68611526
1425	1.11214912
1426	-1.55596697
1427	-2.53473973
1428	-0.97979069
1429	-5.23791790
1430	0.32918963
1431	-1.01610196
1432	-2.87607193
1433	-2.92521429
1434	-3.72041130
1435	-5.45362186
1436	-3.04404712
1437	1.96871865
1438	-2.58664727
1439	-0.77955663
1440	-1.35156226
1441	-1.53163648
1442	-2.47031951
1443	-5.22548819
1444	-3.62971306
1445	-2.07121658
1446	-6.08027363
1447	-0.69512331
1448	2.98765588
1449	-1.49436116
1450	-1.20014751
1451	-3.28007507
1452	-2.03010654
1453	0.68010801
1454	-4.80730104
1455	1.30170476
1456	0.92979717
1457	2.13101315
1458	0.49095830
1459	0.35290137
1460	-1.03348517
1461	1.01397085
1462	-0.54164153
1463	1.08195972
1464	1.95400429
1465	-0.44541350
1466	2.25008273
1467	-0.17385124
1468	-3.69268084
1469	-1.28438795
1470	-0.30467072
1471	-7.07765818
1472	-0.97052383
1473	-0.79413354
1474	-0.92711419
1475	-1.05408430
1476	-4.70189524
1477	-5.38787603
1478	-1.86059964
1479	-6.36245489
1480	-0.20396352
1481	-0.30158177
1482	-0.74277812
1483	-2.03828144
1484	-3.19346070
1485	-3.40737534
1486	-1.27784729
1487	-4.18276882
1488	-1.30862868
1489	0.45235711
1490	-1.40739262
1491	0.01322171
1492	-1.59039772
1493	-4.52075195
1494	-2.97577047
1495	4.90950966
1496	-5.46181059
1497	0.14702594
1498	-0.26356199
1499	-0.52554154
1500	-1.86883211
1501	-2.21651316
1502	-1.64054275
1503	1.41928947
1504	-5.79295635
1505	0.44909480
1506	1.72211909
1507	0.96695429
1508	0.39312643
1509	-2.76762795
1510	-3.60522008
1511	-2.50220275
1512	-4.40701294
1513	-0.87138385
1514	-0.22674109
1515	-3.69110560
1516	-1.10230422
1517	-1.73404479
1518	-4.97596693
1519	-1.98992395
1520	-0.61788219
1521	-6.26870298
1522	-0.08395571
1523	0.14236717
1524	-2.02898598
1525	0.09055885
1526	-2.74556422
1527	-2.21697521
1528	-0.89014357
1529	-6.36649227
1530	0.66801780
1531	-0.30800590
1532	-1.24024057
1533	-1.74574089
1534	-3.38020039
1535	-0.48149586
1536	-1.46537304
1537	-5.47908974
1538	-1.98971426
1539	-2.27129865
1540	-2.58875895
1541	-1.74075460
1542	-4.05801201
1543	-5.87433624
1544	-5.86741590
1545	-1.41591227
1546	-6.50117540
1547	-1.07185376
1548	-0.93616802
1549	-0.84951538
1550	-2.81084394
1551	-4.57402229
1552	-3.29118872
1553	-0.57888335
1554	-6.46676159
1555	-0.65883189
1556	-1.06203330
1557	-1.37147129
1558	-0.84425199
1559	-4.09239531
1560	-4.98214912
1561	-2.22567534
1562	-4.94496346
1563	1.06838942
1564	-1.03627360
1565	-0.18903264
1566	-0.50105745
1567	-2.14001703
1568	-4.72618198
1569	-2.62878156
1570	-1.63941312
1571	-6.00844288
1572	1.40738451
1573	-1.82574773
1574	-1.29434478
1575	-0.30540702
1576	-4.13411236
1577	-3.14314890
1578	-0.97963560
1579	-7.16700792
1580	0.35718474
1581	-0.57047510
1582	0.79130489
1583	-4.36359930
1584	-4.17062426
1585	-3.68806624
1586	-1.77897179
1587	-6.19772005
1588	-1.05099082
1589	-1.51098084
1590	-1.82193542
1591	-1.37582934
1592	-3.15950155
1593	-5.99592113
1594	-3.43088961
1595	-2.30689740
1596	-6.66899300
1597	-0.67215711
1598	-1.16212499
1599	-1.06702805
1600	-2.80261326
1601	-3.60829329
1602	-2.75676703
1603	-1.58505845
1604	-8.22590446
1605	-1.27616310
1606	-0.43670353
1607	-1.84875286
1608	-0.56848872
1609	-3.28548908
1610	-4.43090820
1611	-1.50541508
1612	-7.21570635
1613	-0.15824400
1614	0.31750157
1615	-1.01868916
1616	-0.27133307
1617	-2.80193257
1618	-4.85011196
1619	-2.31501770
1620	-1.10662794
1621	-6.49273443
1622	-1.44821680
1623	-2.44420576
1624	-1.15339923
1625	-2.08085632
1626	-5.01769161
1627	-4.79214096
1628	-3.23802972
1629	-9.37093544
1630	-5.78393745
1631	-1.41399169
1632	-2.39134336
1633	-3.20377994
1634	-3.80816317
1635	-4.02943277
1636	-1.05731654
1637	-5.51297855
1638	-1.17584264
1639	-1.27447557
1640	-0.60650289
1641	1.47638726
1642	-3.37043786
1643	-4.65709829
1644	-4.43816710
1645	-3.10319662
1646	-5.72009850
1647	-1.32130742
1648	-2.51978159
1649	-2.98286748
1650	-3.54901457
1651	-6.40832949
1652	-4.42542267
1653	-1.93847406
1654	-8.44369030
1655	-1.94087183
1656	-1.57834435
1657	-2.99451351
1658	-1.36041903
1659	-3.06139779
1660	-5.35381174
1661	-2.48534036
1662	-6.52686691
1663	-0.10316382
1664	-0.20230773
1665	-2.26325440
1666	-3.37000632
1667	-1.98781490
1668	-6.03821278
1669	-1.06669343
1670	-6.59156275
1671	-6.47516489
1672	-2.74979162
1673	-1.81545544
1674	-1.90382636
1675	-1.67964911
1676	-5.50126410
1677	-3.63155031
1678	-2.08580804
1679	-7.25447321
1680	-0.75389510
1681	-1.13450789
1682	-0.87095314
1683	-1.63276994
1684	-3.88838220
1685	-3.58047056
1686	-1.30817652
1687	-6.34214544
1688	-4.38154507
1689	-1.74659967
1690	-2.06135273
1691	-2.68873310
1692	-3.26454639
1693	-6.78343153
1694	-4.16683578
1695	-3.80649495
1696	-7.36101770
1697	-2.83040357
1698	-3.36754799
1699	-4.98654032
1700	-3.32819510
1701	-6.16987705
1702	-5.32305431
1703	-1.72534311
1704	-8.27437973
1705	-1.99236965
1706	-1.86057150
1707	-10.37868118
1708	-1.94532955
1709	-5.05339241
1710	-5.01068449
1711	-3.72272682
1712	-7.24385118
1713	-2.09435391
1714	-1.66882920
1715	-3.80737758
1716	-3.63137507
1717	-5.21358204
1718	-6.17395258
1719	-3.04440594
1720	-3.14527535
1721	-5.68080854
1722	-0.79676372
1723	-2.12028813
1724	-1.01029301
1725	-1.63974619
1726	-4.20962381
1727	-3.94503951
1728	-3.61096883
1729	-8.09261990
1730	-0.34919932
1731	-0.74295866
1732	-2.30030489
1733	-3.01286817
1734	-5.36864567
1735	-3.98756385
1736	-5.29320049
1737	-7.78014088
1738	-2.13968444
1739	-1.80572307
1740	-2.37776780
1741	-2.82925344
1742	-3.53956127
1743	-6.51243353
1744	-4.24614239
1745	-3.88937163
1746	-6.24730682
1747	-0.21965022
1748	-2.96585822
1749	-2.38402414
1750	-4.08076334
1751	-6.52305126
1752	-5.53576231
1753	-2.43370438
1754	-9.77829266
1755	-3.72019029
1756	-3.62905192
1757	-3.38470936
1758	-3.45816898
1759	-5.81609631
1760	-6.48523045
1761	-4.40198135
1762	-8.58546829
1763	-2.73534322
1764	-2.92511916
1765	-7.54024410
1766	-2.93569136
1767	-3.37099528
1768	-5.47096682
1769	-2.75077391
1770	-2.44135952
1771	-5.41949558
1772	-2.75335455
1773	-2.08849072
1774	-1.45956433
1775	-0.97626263
1776	-6.76710653
1777	-4.48275900
1778	-1.54895353
1779	-7.10888577
1780	-1.68107677
1781	-0.16630989
1782	-0.66350347
1783	-1.78500998
1784	-3.06343412
1785	-3.59888291
1786	-0.52038586
1787	-3.83249283
1788	-0.55452967
1789	0.94349515
1790	-1.63394880
1791	-1.23467720
1792	-3.11534691
1793	-6.25869083
1794	-4.26766634
1795	-4.20420313
1796	-5.89862823
1797	-3.05864835
1798	-2.97527838
1799	-3.18946981
1800	-4.22221041
1801	-6.52839041
1802	-4.82429790
1803	-4.12155008
1804	-10.36523724
1805	-2.27137852
1806	-3.32456994
1807	-3.19255805
1808	-2.70215678
1809	-6.71098280
1810	-5.99723291
1811	-5.37432194
1812	-8.14798164
1813	-2.06139708
1814	-2.51857877
1815	-2.95984316
1816	-3.33873296
1817	-4.04725409
1818	-4.88954926
1819	-3.68617606
1820	-2.70321226
1821	-4.43943453
1822	0.13385971
1823	1.86061478
1824	0.29356483
1825	-0.40804487
1826	-3.10641456
1827	-3.14952970
1828	-0.30013421
1829	-5.86796284
1830	0.85520852
1831	1.07742333
1832	0.41309157
1833	-0.87945527
1834	0.11132087
1835	-1.27134717
1836	-0.11978337
1837	-5.16278982
1838	0.55344659
1839	-0.39073312
1840	-0.96551055
1841	-0.93173909
1842	-2.84600163
1843	-5.68247557
1844	-5.56647110
1845	-4.88900089
1846	-6.34282064
1847	-3.41243792
1848	-4.79248095
1849	-4.43924904
1850	-5.64417648
1851	-7.00879240
1852	-1.69101691
1853	-3.91960740
1854	-10.84790421
1855	-2.56438971
1856	-3.05530524
1857	-3.63705134
1858	-2.51980972
1859	-5.85714674
1860	-6.10910416
1861	-4.47959137
1862	-7.86350155
1863	-0.02316644
1864	-1.36247432
1865	-2.71076417
1866	-2.04391241
1867	-2.67426109
1868	-5.01921558
1869	-2.21621442
1870	-2.26710868
1871	2.68174767
1872	0.26140299
1873	-1.47890544
1874	0.27267858
1875	-0.61699170
1876	-3.46038270
1877	-3.91262126
1878	-1.37304604
1879	-6.44982004
1880	0.13966289
1881	0.14876910
1882	-3.31246901
1883	-0.62102956
1884	-2.30811381
1885	-3.05608821
1886	-0.70751274
1887	-6.40932465
1888	0.05819834
1889	0.13232085
1890	-2.17167830
1891	-0.14896747
1892	-4.23170662
1893	-5.39020538
1894	-4.19204330
1895	-3.87275672
1896	-3.19200420
1897	-1.51035166
1898	-1.69765425
1899	-1.24375093
1900	-3.16808057
1901	-4.93459749
1902	-1.44003952
1903	-1.19293666
1904	-8.14431477
1905	-0.79140729
1906	-1.15008163
1907	-0.48433346
1908	-0.03426964
1909	-3.64263773
1910	-4.95829868
1911	-2.80507159
1912	-6.71340656
1913	-0.55382752
1914	-0.47332850
1915	-1.11286759
1916	-1.87399685
1917	-3.16386890
1918	-3.78301477
1919	-2.71648645
1920	-2.54916763
1921	-2.88000226
1922	-0.76981544
1923	-1.35467374
1924	0.03727668
1925	-0.41682795
1926	-5.03632689
1927	-3.38468027
1928	-2.54812074
1929	-7.08669090
1930	0.13397235
1931	0.48576301
1932	-1.03290892
1933	-0.15145557
1934	-2.35843277
1935	-1.73282707
1936	0.92670918
1937	-4.11246109
1938	1.51361942
1939	2.38946652
1940	2.87756848
1941	2.12049699
1942	-1.44065034
1943	-1.39114678
1944	-1.17220271
1945	-1.79543662
1946	-0.70328629
1947	1.50762880
1948	-1.04215086
1949	-0.17647780
1950	-2.11479282
1951	-4.09684944
1952	-2.88130689
1953	-0.84106940
1954	-5.52670145
1955	-0.23234278
1956	-1.37789798
1957	-1.77206039
1958	1.95133078
1959	-4.09772491
1960	-4.26895046
1961	-2.27177811
1962	-6.54101133
1963	-0.38237014
1964	-0.57395363
1965	-2.79402637
1966	-2.35973477
1967	-3.51807642
1968	-3.55857348
1969	-3.42211556
1970	-4.33077717
1971	-3.99787021
1972	0.34012797
1973	-0.99255466
1974	-1.48388124
1975	-2.28349185
1976	-5.36052370
1977	-2.91694450
1978	-1.44051278
1979	-5.14521408
1980	0.86923903
1981	0.82163906
1982	-0.10286647
1983	-1.31331086
1984	-2.41320896
1985	-2.01540923
1986	0.47316453
1987	-3.98025489
1988	0.90740585
1989	1.67318392
1990	0.69853914
1991	2.12454653
1992	-0.90351415
1993	-2.27315497
1994	-0.94124979
1995	-1.62124717
1996	-0.34817472
1997	0.96942109
1998	-0.53399694
1999	0.34103134
2000	-1.52484345
2001	-3.21042442
2002	-1.51474607
2003	0.04079444
2004	-6.32905722
2005	-0.10519808
2006	-4.38175964
2007	-2.27100801
2008	-0.15526175
2009	-4.85773802
2010	-5.37940311
2011	-3.11459541
2012	-8.81627560
2013	-3.14391160
2014	-2.13158894
2015	-4.27301455
2016	-4.62376213
2017	-3.02353716
2018	-4.53007746
2019	-2.88963914
2020	-4.67011452
2021	-2.70115471
2022	-0.93603307
2023	-1.33456624
2024	-1.15441656
2025	-0.89385915
2026	-4.23346329
2027	-0.85797662
2028	-1.60382235
2029	-6.63525391
2030	-0.49125975
2031	-0.05094066
2032	-0.53553188
2033	-1.65838456
2034	-1.91803443
2035	-9.41065979
2036	1.55811131
2037	-3.64935637
2038	2.32014370
2039	2.67192864
2040	1.20304942
2041	3.02862406
2042	-0.85263556
2043	-2.39359999
2044	-1.15245926
2045	-1.01996052
2046	3.25308490
2047	0.94512743
2048	-0.44480354
2049	-0.70515156
2050	-1.99437249
2051	-5.10861111
2052	-2.55801749
2053	-2.34912109
2054	-6.04131413
2055	-1.59675407
2056	-1.68474793
2057	-0.97470230
2058	-0.78935790
2059	-4.17201424
2060	-3.50379086
2061	-1.33515930
2062	-6.22885847
2063	-0.60449249
2064	0.52595067
2065	-0.52853924
2066	-2.62801647
2067	-3.45336175
2068	-3.00239635
2069	-1.67180443
2070	-4.43805027
2071	-1.56717193
2072	-0.60254419
2073	-0.42489424
2074	0.41282123
2075	-1.09990549
2076	-2.51532149
2077	-0.95644194
2078	0.29177824
2079	-3.80546951
2080	2.28957152
2081	1.79959130
2082	0.82423532
2083	0.77041024
2084	-0.38177606
2085	-2.48279357
2086	1.49968469
2087	-4.38430691
2088	1.49989212
2089	2.33740830
2090	1.17895138
2091	1.26899648
2092	-1.28510559
2093	-2.98869538
2094	-0.37682876
2095	-2.65748167
2096	-0.19127154
2097	0.98837358
2098	0.90430713
2099	0.14729361
2100	-0.87798333
2101	-2.61205912
2102	-0.16050312
2103	-0.50653493
2104	-3.57164741
2105	0.54220194
2106	0.59252888
2107	1.69645762
2108	1.83457029
2109	-1.36874926
2110	-1.53332245
2111	1.21189058
2112	-3.82658172
2113	2.73377347
2114	2.37930036
2115	1.08121502
2116	1.17227447
2117	-2.07936287
2118	-1.66310883
2119	1.40513945
2120	-1.85232890
2121	1.59132040
2122	0.30107987
2123	1.29197431
2124	2.88046002
2125	0.96056271
2126	-2.15155816
2127	-0.91066819
2128	0.24750119
2129	-4.42206621
2130	0.86359483
2131	0.83451134
2132	0.21115637
2133	-2.46732998
2134	-3.74117494
2135	-1.25275874
2136	0.07026023
2137	-5.40620565
2138	0.52687091
2139	1.17825460
2140	1.21916711
2141	1.57133746
2142	-1.36643815
2143	-2.02486634
2144	-0.38767660
2145	-2.20997548
2146	0.88043737
2147	2.09953356
2148	0.14285767
2149	1.34579015
2150	-0.22300297
2151	-2.56998205
2152	-0.09018067
2153	1.12923157
2154	-3.84777737
2155	1.52757800
2156	2.33212852
2157	2.42334485
2158	3.53802037
2159	-0.25031012
2160	0.02839133
2161	1.35193086
2162	-4.03884077
2163	2.43418360
2164	3.59295702
2165	1.98181570
2166	1.53036678
2167	-0.46106011
2168	-2.19731855
2169	-0.05720739
2170	3.12281823
2171	-1.90707219
2172	1.17067730
2173	-1.83775985
2174	-0.05426998
2175	-1.26898730
2176	-4.20879078
2177	-3.88886881
2178	-1.35174429
2179	-4.91172361
2180	1.87780583
2181	-1.23681235
2182	-0.11040664
2183	-1.36838198
2184	-4.64046335
2185	-2.68105483
2186	0.02365921
2187	-4.93134880
2188	-0.24312256
2189	0.64223272
2190	-0.68323076
2191	0.44378442
2192	-2.38225961
2193	-3.25782943
2194	-1.66692102
2195	-3.63453436
2196	-0.49516702
2197	1.79354632
2198	-0.24946168
2199	2.01260257
2200	-0.65292364
2201	-3.67245483
2202	-0.95441008
2203	0.11003853
2204	-5.57753897
2205	0.06072843
2206	-0.25005665
2207	0.28959021
2208	0.60309279
2209	-1.41136813
2210	9.86043644
2211	-1.79938948
2212	-4.92267227
2213	0.74818891
2214	1.32253993
2215	0.11308938
2216	-0.11278496
2217	-2.24336958
2218	-1.61116660
2219	-0.59609568
2220	-2.93992019
2221	-0.45729589
2222	0.81107676
2223	0.40869078
2224	-0.30244866
2225	-0.70278645
2226	-2.56531286
2227	-1.85604382
2228	-0.34492072
2229	-4.70425940
2230	0.37089029
2231	-1.09977436
2232	-0.07846009
2233	-1.46086431
2234	-3.80739760
2235	-2.11212659
2236	-0.28606269
2237	-5.90943003
2238	0.07107083
2239	0.53631699
2240	-1.89484382
2241	-0.69421321
2242	-3.72621131
2243	-4.02780533
2244	-3.50035644
2245	-4.65701151
2246	-1.74159491
2247	-0.83075893
2248	-1.04746366
2249	-3.30799150
2250	-3.62985349
2251	-5.36905336
2252	-2.41591287
2253	-1.50565588
2254	-6.07195854
2255	-1.45012236
2256	-1.35665727
2257	2.22023726
2258	-0.32399166
2259	-5.15382528
2260	-3.04643750
2261	-1.10178936
2262	-5.59810257
2263	1.40602052
2264	1.03590095
2265	-0.24966338
2266	1.12365746
2267	-0.83830673
2268	-5.40969610
2269	-1.09242105
2270	-3.59886336
2271	0.12308883
2272	-0.07806111
2273	-0.43380523
2274	-0.42912722
2275	-2.04050159
2276	-4.83951426
2277	-3.85928631
2278	-2.22505093
2279	-6.60001040
2280	-1.18401587
2281	-2.02899861
2282	-1.05829382
2283	-1.94954598
2284	-4.25161552
2285	-3.08649826
2286	-2.98795009
2287	-7.61842251
2288	-1.43324327
2289	-1.26273286
2290	-3.17608690
2291	-1.67207527
2292	-5.80579185
2293	-5.08254576
2294	-5.40300512
2295	-6.34363842
2296	-2.09680319
2297	-3.09001160
2298	-1.94524610
2299	-1.68440640
2300	-4.21838379
2301	-5.14641476
2302	-2.60864782
2303	-1.86657715
2304	-3.45483446
2305	-14.32228947
2306	-0.49064255
2307	1.57403827
2308	0.84606886
2309	-3.06897473
2310	-2.92471147
2311	-0.61979860
2312	-5.60597944
2313	0.23485853
2314	0.59132802
2315	-1.62148082
2316	-2.27949166
2317	-1.90863633
2318	-2.43533468
2319	0.27670342
2320	-4.00807476
2321	0.91205841
2322	0.50441569
2323	-0.52363968
2324	-0.43654859
2325	-0.49408150
2326	-5.08269262
2327	-3.40507936
2328	-2.20953274
2329	-5.89358139
2330	-0.33548960
2331	-0.77443218
2332	-2.50471115
2333	-3.54339767
2334	-10.53102875
2335	-4.80525589
2336	-2.55794215
2337	-8.43346500
2338	-2.27637362
2339	-2.19750810
2340	-2.86142731
2341	-1.74507797
2342	-6.16051817
2343	-5.21130228
2344	-4.64332008
2345	-8.31672668
2346	-3.51186609
2347	-1.84755898
2348	-2.78443146
2349	-3.49107409
2350	-4.38714933
2351	-5.44737482
2352	-3.61941695
2353	-3.28748655
2354	-7.37115669
2355	-2.67371249
2356	-1.90875089
2357	-1.76345992
2358	-1.99864352
2359	-4.62200594
2360	-4.12636709
2361	-2.09022403
2362	-6.70831347
2363	-6.52938986
2364	1.70132279
2365	-0.55755502
2366	0.00421884
2367	-2.16031575
2368	-2.78381395
2369	0.06036263
2370	-4.49788618
2371	0.92387825
2372	1.17024696
2373	-0.68258506
2374	-5.09811115
2375	-1.76378274
2376	-2.91039729
2377	-2.11227083
2378	-1.75425041
2379	-4.76867819
2380	-0.73364097
2381	-0.86913162
2382	-2.54348159
2383	-3.13783026
2384	-4.26004934
2385	-4.81165791
2386	-3.53202152
2387	-9.10465813
2388	-2.46407795
2389	-3.09434843
2390	-3.26622510
2391	-2.91009641
2392	-6.87000656
2393	-6.60312414
2394	-4.51579618
2395	-9.02410698
2396	-3.69398832
2397	-2.68954849
2398	-3.58358002
2399	-2.87440515
2400	-5.36866856
2401	-7.13778877
2402	-7.33601522
2403	-2.31955123
2404	-6.05578804
2405	-2.30188560
2406	-2.65078616
2407	-1.40769410
2408	-0.51815593
2409	-4.83920622
2410	-3.12945175
2411	-2.46408010
2412	-6.30705357
2413	0.60298222
2414	1.17819047
2415	0.28476459
2416	-0.70341623
2417	-2.21705842
2418	-1.84192085
2419	-0.43197176
2420	-3.64003968
2421	-1.06312716
2422	-0.05743623
2423	-0.56800932
2424	-0.91698265
2425	-3.02365589
2426	-3.89398742
2427	-3.50011516
2428	-3.45471430
2429	-6.05908060
2430	-1.95033336
2431	-2.87614322
2432	0.44527543
2433	-3.72856450
2434	-5.94782019
2435	-3.17697525
2436	-2.82346201
2437	-6.47852135
2438	-1.48477590
2439	-3.00982237
2440	-0.21184185
2441	-0.69310671
2442	-6.84059572
2443	-5.75949144
2444	-5.10283470
2445	-8.88583088
2446	-3.16486716
2447	-2.60127068
2448	-4.47802734
2449	-3.76431870
2450	-4.71271372
2451	-6.87210703
2452	-3.22082043
2453	-3.81083822
2454	-6.78093100
2455	-2.92148161
2456	-2.65334249
2457	-2.77483869
2458	-1.85236418
2459	-6.33738852
2460	-4.64763546
2461	-1.06744123
2462	-7.27327585
2463	-2.24786305
2464	-1.44208515
2465	-2.51342702
2466	-3.14745355
2467	-4.24988842
2468	-4.15447807
2469	5.71415567
2470	-5.52866936
2471	-1.44056821
2472	0.44849849
2473	-0.53071165
2474	-0.75238043
2475	-2.45518184
2476	-3.95853925
2477	-3.43304420
2478	-1.87848318
2479	-4.22600603
2480	-0.91431469
2481	-0.18293181
2482	-1.73916626
2483	-3.43513393
2484	-4.67552233
2485	-2.78735805
2486	-1.10367417
2487	-6.79835558
2488	-1.24100971
2489	0.98452181
2490	-1.48035705
2491	-0.07112829
2492	-4.47500277
2493	-3.80690646
2494	-3.76307511
2495	-6.87900496
2496	-0.71008646
2497	-1.70457780
2498	0.75526202
2499	-3.26539731
2500	-5.01653719
2501	-6.95970297
2502	-4.10507679
2503	-5.50822020
2504	-5.88216019
2505	-3.81371236
2506	-3.54511905
2507	-4.03010035
2508	-4.94887924
2509	-5.16541672
2510	-6.77568531
2511	-3.72814441
2512	-9.15428925
2513	-1.41087854
2514	-1.50172400
2515	-1.99517488
2516	-1.95485425
2517	-3.82868981
2518	-2.28112650
2519	0.22902028
2520	-4.99530697
2521	0.96069539
2522	1.45608747
2523	0.04630037
2524	1.16081083
2525	-1.74426305
2526	-3.02357316
2527	-1.50808191
2528	-2.66979361
2529	-2.86654997
2530	-0.39532560
2531	-1.28016424
2532	-0.07614107
2533	-1.95442414
2534	-3.68259311
2535	-2.95557880
2536	-0.96418995
2537	-4.67058277
2538	1.82061589
2539	-0.38224596
2540	-1.27210581
2541	-1.04605114
2542	-4.30185795
2543	-3.57451129
2544	-3.40216160
2545	-7.37206697
2546	-1.73436391
2547	-2.00639820
2548	-5.33182573
2549	-4.06980419
2550	-6.86821032
2551	-6.46395636
2552	-4.46164513
2553	-5.18754625
2554	-4.98963785
2555	-2.48295712
2556	-3.98732781
2557	-1.39035499
2558	-2.56797981
2559	-4.61130190
2560	-4.60773420
2561	-2.17234540
2562	-7.54389048
2563	-1.10588682
2564	-0.33757478
2565	-2.69110560
2566	-0.62897092
2567	-4.66167593
2568	-3.61780572
2569	-2.38502955
2570	-5.91297007
2571	-0.84757596
2572	-0.87705117
2573	-2.02648497
2574	-0.12025154
2575	-2.75148606
2576	-4.38393641
2577	-2.32698488
2578	-2.83957338
2579	-2.99458456
2580	0.27614501
2581	-0.43089169
2582	-0.78289771
2583	-2.79721665
2584	-3.98833275
2585	-3.39060521
2586	-2.38456964
2587	-6.88125134
2588	-2.42614365
2589	-1.27532816
2590	-0.72865725
2591	-0.73588973
2592	-4.29226828
2593	-3.96877384
2594	-2.87243915
2595	-6.66316366
2596	-2.93495321
2597	-0.23816802
2598	-1.53832912
2599	-1.35779631
2600	-3.36532331
2601	-4.59845972
2602	-2.55410504
2603	-3.89918590
2604	-6.43902111
2605	-1.76628458
2606	-1.35869324
2607	-0.64780068
2608	-2.07222939
2609	-5.22595930
2610	-4.60478115
2611	-3.59453487
2612	-7.18334293
2613	-2.38037801
2614	-1.85639381
2615	-2.49126935
2616	-2.38653159
2617	-3.89691758
2618	-3.30316019
2619	-2.33268476
2620	-6.70598078
2621	-1.19019175
2622	-0.50231081
2623	-1.44295025
2624	-0.27563301
2625	-1.53141189
2626	-3.79023600
2627	-3.17681623
2628	-2.96709919
2629	-3.03040385
2630	0.02478291
2631	-1.36006188
2632	-0.06250361
2633	-5.91803694
2634	-3.97446084
2635	-2.69824338
2636	0.01740209
2637	-4.95858955
2638	1.08437777
2639	0.63441807
2640	0.01941377
2641	0.86386722
2642	-2.91764474
2643	-0.96284831
2644	-0.50171345
2645	-6.21106529
2646	0.56623358
2647	0.77507848
2648	-0.25430152
2649	-1.31285942
2650	-3.31616950
2651	-4.06150341
2652	-3.43825078
2653	-5.04742432
2654	-6.15256453
2655	-2.07127094
2656	-1.70335698
2657	-1.53087270
2658	-2.50308704
2659	-5.44717932
2660	-4.49762106
2661	-4.03323698
2662	-8.28301334
2663	-0.24897693
2664	-1.41000521
2665	-1.31248617
2666	-3.05287600
2667	-2.87127090
2668	-4.14675999
2669	-2.10931730
2670	-6.57156038
2671	-0.75087196
2672	-0.01732017
2673	-1.02511334
2674	0.47409511
2675	-2.86957312
2676	-3.62551832
2677	-2.42638683
2678	-2.56612468
2679	-2.54329944
2680	1.38245988
2681	1.07868779
2682	0.48998609
2683	-2.14195466
2684	-2.70345449
2685	-1.62591374
2686	0.09745177
2687	-5.59116936
2688	-0.66170490
2689	-0.74945128
2690	-0.47841215
2691	-4.45058870
2692	-3.01269031
2693	-1.78999078
2694	-2.79665303
2695	-6.31785345
2696	-0.46024087
2697	0.63361543
2698	-1.09704268
2699	-1.01053333
2700	-1.68558609
2701	-5.35090494
2702	-0.87249452
2703	-2.26566172
2704	-2.14305139
2705	0.01280988
2706	-0.87098461
2707	-0.93957764
2708	-2.11236000
2709	-4.33819008
2710	-3.92983150
2711	-2.02875113
2712	-5.98684120
2713	0.14916579
2714	-0.28583476
2715	0.55392009
2716	-1.97832692
2717	-3.27092171
2718	-1.60887778
2719	0.54790390
2720	-6.25445127
2721	-0.57271671
2722	1.57129669
2723	-1.09425879
2724	0.77149516
2725	-3.15325642
2726	-3.09313488
2727	-3.23046780
2728	-3.69031215
2729	-2.10070562
2730	1.08667457
2731	-1.86653781
2732	-0.65708995
2733	-1.59636879
2734	-2.96039414
2735	-1.62150061
2736	0.51097333
2737	-5.13359690
2738	0.10531638
2739	1.03979456
2740	0.78727961
2741	1.70394444
2742	-2.24773955
2743	-2.72623038
2744	-1.80005300
2745	-4.87844229
2746	1.27431440
2747	0.73258042
2748	-0.29216486
2749	-0.11145767
2750	-2.43229079
2751	-2.60145140
2752	-1.49530256
2753	-3.50854421
2754	-2.00779033
2755	-0.87693655
2756	-0.92419219
2757	-0.24193069
2758	-0.74599576
2759	-3.64292955
2760	-5.94097805
2761	-1.67430866
2762	-6.11132765
2763	-0.60701519
2764	0.51043439
2765	0.51317281
2766	-1.44947338
2767	-1.89181495
2768	2.76672673
2769	0.29674083
2770	-5.28489065
2771	-0.40485537
2772	0.02375183
2773	-0.95795166
2774	-0.28643927
2775	-3.94872928
2776	-4.06540537
2777	-3.04596615
2778	-4.66010904
2779	-1.95949328
2780	-0.15676919
2781	-0.83491832
2782	-0.20268661
2783	-2.52565098
2784	-3.53498244
2785	-2.41700053
2786	-0.86917508
2787	-5.53212547
2788	-1.26866126
2789	0.15354860
2790	-0.45652089
2791	0.25527814
2792	-4.37296772
2793	-2.93768811
2794	-2.90408206
2795	-6.43412256
2796	0.05152088
2797	2.13129163
2798	0.07712261
2799	0.35684443
2800	-2.33747721
2801	-3.70454454
2802	-1.43242872
2803	-3.45158124
2804	-3.10626817
2805	-0.69121319
2806	-0.99981129
2807	-0.76168102
2808	5.55657721
2809	-5.09242105
2810	-4.24252605
2811	-3.00215030
2812	-6.14920235
2813	-1.31188703
2814	-0.19029163
2815	-0.45503229
2816	-2.16725683
2817	-3.70800304
2818	-0.61140108
2819	-0.95184785
2820	-5.41512823
2821	-0.35564896
2822	-0.32289103
2823	-0.22950111
2824	-0.63740444
2825	-3.53725052
2826	-0.65522933
2827	-1.56461072
2828	-3.97966480
2829	-1.11162198
2830	0.02088529
2831	-2.07108116
2832	-0.69027376
2833	-2.74702358
2834	-4.07323790
2835	-2.56065845
2836	0.53627467
2837	-4.06845856
2838	-0.38600037
2839	-1.28258455
2840	-0.07265314
2841	-0.10965034
2842	-3.89981651
2843	-1.97096229
2844	-2.03047872
2845	-7.28113317
2846	0.83879858
2847	-0.33530748
2848	-1.48152423
2849	-1.49370706
2850	-2.24927068
2851	-3.08185744
2852	-0.99615616
2853	-3.80430698
2854	-2.26785946
2855	2.09108615
2856	-1.27071977
2857	-1.49359870
2858	-1.63792920
2859	-4.07026196
2860	-3.62790060
2861	-2.52375269
2862	-7.98058891
2863	-2.52194667
2864	-2.64867616
2865	-2.10493279
2866	-3.72123194
2867	-4.02803993
2868	-3.21276426
2869	-2.47435021
2870	-7.10869503
2871	-2.37031865
2872	-1.31774604
2873	-2.20254946
2874	-1.94230688
2875	-5.90340137
2876	-5.45488119
2877	-4.57339621
2878	-6.75623465
2879	-3.65626645
2880	-1.24081755
2881	-2.57420754
2882	-2.13100815
2883	-3.51783991
2884	-3.74558687
2885	-2.77259469
2886	-2.00584912
2887	-5.68281460
2888	-1.83765876
2889	-1.51928580
2890	-0.92481667
2891	-0.71739966
2892	-3.73900390
2893	-3.28088951
2894	-2.89286280
2895	-4.52354622
2896	0.27834949
2897	1.07288921
2898	-0.56281018
2899	0.22792993
2900	-1.33512795
2901	-1.75628805
2902	0.15179472
2903	-1.74435484
2904	-1.20263457
2905	-0.03172256
2906	-1.71610439
2907	-0.56011945
2908	-2.61227512
2909	-4.11779499
2910	-5.17833900
2911	-4.66119146
2912	-8.34271431
2913	-5.88046885
2914	-3.49048281
2915	-2.42708802
2916	-3.87039900
2917	-6.39920139
2918	-4.64646435
2919	-3.10808253
2920	-8.36547565
2921	-4.07395411
2922	-2.08769774
2923	-4.30459213
2924	-2.96970820
2925	-5.65226698
2926	-6.03481150
2927	-5.24048281
2928	-6.66883802
2929	-4.00643444
2930	-1.58764756
2931	-2.25783253
2932	-3.23185015
2933	-2.03933454
2934	-4.08503485
2935	-1.05191588
2936	0.36123234
2937	-3.23315954
2938	1.19740486
2939	1.24351633
2940	2.22832036
2941	1.83108401
2942	-1.59360802
2943	-13.15856934
2944	0.03439674
2945	-3.87761879
2946	0.05428498
2947	0.90498680
2948	-0.08044560
2949	-0.74837315
2950	-2.92977905
2951	-2.16166401
2952	0.23047195
2953	-5.28211927
2954	-1.56101406
2955	0.49168199
2956	-1.04499066
2957	-0.51478517
2958	-1.50290501
2959	-3.85130000
2960	-3.80279613
2961	-7.86459446
2962	-6.68019438
2963	-1.75986040
2964	-2.90969968
2965	-2.59544253
2966	-5.58682060
2967	-6.15369987
2968	-4.50235701
2969	-4.16098642
2970	-8.66149998
2971	-2.28360128
2972	-6.77886677
2973	-2.50737667
2974	-1.36280406
2975	-4.26344395
2976	-4.68892765
2977	-3.37004685
2978	-4.89904356
2979	-1.59873354
2980	-0.59666371
2981	-0.87000108
2982	1.92434275
2983	-3.31732273
2984	-4.20171642
2985	-1.65842676
2986	-1.35590649
2987	-4.10596895
2988	-0.25502920
2989	-0.91585463
2990	-3.41655755
2991	0.33670163
2992	-1.03944385
2993	-2.02069497
2994	-0.42363271
2995	-3.28779578
2996	1.89641261
2997	0.73568398
2998	1.03758466
2999	-0.82078212
3000	-1.24207067