	C:\Users\jkuzm\OneDrive - University of Massachusetts\HRSL x UMILL-PUMA Fatigue - Fatigue\Data\F01\FR3_static1.c3d _ImpedanceExport
	FP1
	FORCE
	ORIGINAL
ITEM	Y
1	-8.04300213
2	-2.65399957
3	4.07953024
4	4.02079344
5	-4.06944275
6	7.90151739
7	7.32204819
8	7.77254343
9	6.35732841
10	-1.61700749
11	9.82441998
12	4.11260557
13	-7.80947495
14	7.63650179
15	5.40988874
16	6.03881741
17	2.92299247
18	-0.16157202
19	-0.43150485
20	4.76262188
21	-3.40252376
22	4.39313030
23	5.51637888
24	4.66284084
25	6.04288673
26	1.58892751
27	-3.62581992
28	0.69791621
29	2.97137284
30	-19.97046661
31	6.44708824
32	5.50523138
33	5.10191107
34	3.85507250
35	-1.34893978
36	1.99413002
37	6.79579020
38	-8.60307884
39	8.59824848
40	9.91856194
41	5.09757471
42	7.29819584
43	0.56747955
44	-1.61810517
45	3.64529943
46	-5.31602621
47	5.86117172
48	6.64274931
49	3.66256404
50	0.72642034
51	2.19712377
52	-4.44189930
53	1.66026127
54	2.94443059
55	-3.77656317
56	5.21309614
57	5.39248610
58	4.77251339
59	2.78441429
60	-1.41600716
61	0.50842530
62	4.14248848
63	-9.07196808
64	7.88373041
65	7.17926598
66	5.30279160
67	3.07329249
68	-0.53914577
69	-4.65931225
70	4.50569868
71	-4.58082676
72	5.35499763
73	5.98116350
74	4.78176546
75	5.00801134
76	2.25196195
77	-4.49018383
78	1.27451873
79	1.81208766
80	-2.49927211
81	5.83287621
82	5.02797794
83	5.42985296
84	2.53544831
85	-1.50800276
86	1.87320626
87	5.38586092
88	-19.39344215
89	7.79028559
90	5.95830250
91	4.12401533
92	5.83729553
93	-0.54129177
94	-1.96799541
95	1.86219716
96	-6.05618000
97	4.17627239
98	4.63133526
99	2.67114377
100	2.70947051
101	1.32470393
102	-5.26901054
103	2.17092443
104	1.57909477
105	-4.06996536
106	4.74709272
107	6.16195202
108	6.87155724
109	4.68173838
110	-2.97478461
111	0.13938633
112	3.38172579
113	-9.58204842
114	8.10669899
115	6.67922068
116	7.00641537
117	10.82512569
118	1.84450293
119	0.54729629
120	4.64293337
121	-4.51949501
122	6.61249781
123	6.65617895
124	5.00563383
125	6.76382208
126	1.85859799
127	-3.84410000
128	0.84293830
129	1.42008030
130	-3.02914310
131	5.29887009
132	4.36723852
133	3.70130062
134	0.80939645
135	-4.34695816
136	9.00187492
137	4.23265076
138	-10.63828754
139	5.57389069
140	4.90477896
141	3.07794404
142	4.99908161
143	-1.50591671
144	-3.11475134
145	1.33201528
146	-6.42305517
147	4.90638208
148	5.24795675
149	1.01341403
150	1.40529287
151	0.73961723
152	-5.14745760
153	1.80729437
154	1.08577704
155	-2.33674788
156	2.69138312
157	4.24532270
158	3.66005945
159	4.69572735
160	-2.56873202
161	-0.64669299
162	4.41767502
163	-8.26899815
164	7.57130814
165	5.21869898
166	6.28856230
167	2.90526795
168	-0.08715186
169	0.42027125
170	5.04258060
171	-5.81961393
172	6.02738810
173	6.33212233
174	4.99277973
175	-0.09369257
176	1.09082234
177	-5.32126617
178	0.20477888
179	0.42730683
180	-3.13152790
181	3.98846722
182	2.52579427
183	2.48888659
184	-0.37714285
185	-3.54040551
186	0.44013017
187	2.39127350
188	-11.71984577
189	4.29936647
190	3.18695164
191	2.52360368
192	3.36939883
193	-1.71194673
194	-7.62309504
195	0.16558990
196	-7.49769592
197	4.38326359
198	4.57929516
199	3.41240025
200	2.17375350
201	1.41231191
202	-5.76498795
203	1.41187048
204	0.95905030
205	-5.49448061
206	3.70970964
207	3.57718706
208	3.97990537
209	3.62974834
210	-3.31644130
211	-1.14345205
212	2.89938807
213	-10.04446602
214	7.49653053
215	5.72396040
216	4.07093859
217	1.96820128
218	-1.09451044
219	-1.46198225
220	4.19598913
221	-7.34777021
222	4.12958384
223	10.25518799
224	2.52915621
225	4.44922972
226	0.13533619
227	-4.89761686
228	-0.44997445
229	-0.84952849
230	-3.08258104
231	3.78423214
232	3.35338211
233	4.44095659
234	0.98529339
235	-6.31744432
236	-0.69813287
237	3.62022114
238	-11.65272141
239	3.79986787
240	3.57490444
241	3.80831051
242	4.77633762
243	-2.61101604
244	-3.27855277
245	-0.08234967
246	-9.29304600
247	4.78567219
248	3.26744914
249	0.85892731
250	0.32420847
251	-0.66104221
252	-8.90543365
253	-0.33884853
254	-1.80686831
255	-4.97025013
256	3.09519863
257	1.43323267
258	3.08918262
259	1.53776515
260	-7.03721142
261	-2.84117746
262	4.90781069
263	-12.14796638
264	4.80802059
265	2.97729325
266	3.21262407
267	-0.27663055
268	-2.77716184
269	-3.30593491
270	2.18781662
271	-9.54656696
272	3.15361381
273	3.86550689
274	3.10231209
275	2.97916865
276	-1.73839164
277	-6.68795729
278	-1.02656364
279	-0.75428545
280	-3.73900080
281	6.38021755
282	1.83371973
283	2.36407924
284	0.37038475
285	-6.67500210
286	-0.79700714
287	3.43940616
288	-11.79614067
289	3.04052830
290	3.40983272
291	2.91195536
292	2.61242867
293	-3.30891967
294	-4.23984671
295	-0.05624550
296	-10.71179867
297	3.82062626
298	2.70198536
299	1.01677632
300	40.08450317
301	-1.79448223
302	-7.62395906
303	-1.83354580
304	-2.73583674
305	-7.72785187
306	0.15870346
307	0.14859037
308	0.18866256
309	0.20934059
310	-4.13726473
311	-3.54687643
312	-0.92346936
313	-14.02292156
314	3.03946376
315	2.32246995
316	0.37054703
317	0.19784178
318	-3.93184829
319	-2.96202970
320	2.64191294
321	-10.72036934
322	3.40501881
323	3.17963719
324	2.19413972
325	2.78779459
326	-1.49746072
327	-6.88953972
328	-0.63435572
329	7.26813364
330	-3.95035601
331	3.21873760
332	1.30285227
333	1.34975076
334	-0.92971230
335	-6.85128212
336	-0.56647235
337	2.02006125
338	-12.73758602
339	1.12206972
340	2.95474982
341	1.52583432
342	2.20082450
343	-4.08264637
344	-4.96563053
345	-0.96350926
346	-10.76046371
347	3.17505288
348	1.15841222
349	-2.78426671
350	-1.71531987
351	-2.61596322
352	-7.42145967
353	-2.56749892
354	-4.39193296
355	-7.60155535
356	0.27769130
357	-0.02504168
358	4.75455379
359	0.41678712
360	-8.14336014
361	-4.21809530
362	0.62791735
363	-13.35044193
364	2.57447076
365	1.79119110
366	1.41720378
367	-2.11064672
368	-1.07710564
369	-4.63360977
370	1.91321397
371	-11.93902683
372	1.01601005
373	2.58031034
374	0.97589242
375	2.00533342
376	-3.97762012
377	-7.32812023
378	-2.89806700
379	-4.64279985
380	-3.60765696
381	1.76864624
382	1.28701878
383	0.48183188
384	-1.25518227
385	-6.64791584
386	-1.68813801
387	3.57564521
388	-13.27588749
389	2.75645304
390	1.37330449
391	-1.43904591
392	1.64419925
393	-5.43477821
394	-5.26052475
395	0.72769254
396	-12.07297802
397	4.04552269
398	2.45252395
399	-0.21828973
400	-1.91200531
401	-2.70489454
402	-7.61484051
403	-1.37382185
404	-4.31827879
405	-6.55902767
406	0.94836652
407	0.26553589
408	1.24878573
409	-1.29901195
410	-8.39053917
411	-4.77913189
412	-0.27156371
413	-12.73829365
414	2.61372161
415	0.20268601
416	0.96966904
417	-1.52652061
418	-4.33992004
419	-2.68181109
420	2.33919096
421	-11.96574306
422	3.26842976
423	3.53676963
424	2.07863736
425	3.14339995
426	-4.03351021
427	-6.29233599
428	-1.39396906
429	-4.03112650
430	-3.13096404
431	2.66175199
432	0.65931118
433	1.42403257
434	-1.08160603
435	-27.56695747
436	-3.01502728
437	0.67334247
438	-13.71484470
439	1.55612481
440	1.29314625
441	0.58277792
442	0.71381503
443	-5.03338337
444	-5.14019680
445	-5.42918253
446	-11.58542824
447	3.51996827
448	2.09383082
449	0.53599197
450	0.14635700
451	-1.74111116
452	-6.06196642
453	0.94755095
454	-3.78574896
455	-3.43289924
456	1.82007194
457	1.67589784
458	3.28522682
459	1.51130557
460	-7.27462292
461	-3.47912478
462	1.81674492
463	-10.56953621
464	-11.67577839
465	2.84093308
466	3.10646844
467	0.52872044
468	-2.60589886
469	-0.44959965
470	2.88524294
471	-10.21088505
472	4.01546192
473	4.31872463
474	9.74477100
475	3.47279882
476	-1.19951558
477	-3.73324394
478	-0.83501869
479	-3.42076397
480	-0.11225083
481	3.57981777
482	2.71838093
483	1.27512169
484	3.36340570
485	-6.48969793
486	-0.92268586
487	3.76613712
488	-11.47102070
489	3.84862280
490	2.32599545
491	1.78411949
492	2.33987856
493	-16.16109657
494	-2.48357797
495	0.85232067
496	-10.50577259
497	6.06317091
498	4.09861374
499	2.23952675
500	1.29856455
501	-0.34224129
502	-4.97033691
503	3.28561163
504	-2.71148229
505	-1.05769229
506	3.25968599
507	2.18695784
508	4.10571623
509	2.28222489
510	-6.45501518
511	-2.53104067
512	2.22024369
513	-12.05373478
514	4.28877020
515	3.21016812
516	3.08326173
517	0.86160827
518	-3.33489156
519	-2.56976247
520	3.44018650
521	-11.47533226
522	1.06211185
523	4.38383770
524	2.72579885
525	3.93181992
526	-1.45391285
527	-6.08727837
528	0.86651284
529	-2.64869642
530	0.96650076
531	4.29141665
532	0.24775359
533	2.28576207
534	0.65087116
535	-6.88868999
536	0.20072897
537	2.24110842
538	-11.56050587
539	3.67234993
540	1.83637261
541	2.18419385
542	3.14243484
543	-3.63830209
544	-2.91775250
545	-0.52229291
546	-9.90772820
547	4.96014118
548	4.12127876
549	2.11209369
550	1.66708159
551	-1.71853566
552	-4.16726112
553	1.57363927
554	-4.13001060
555	-0.16820306
556	3.03793454
557	1.83983052
558	5.14682007
559	1.07990372
560	-7.88543653
561	-2.20023084
562	3.21740794
563	-11.34329796
564	3.84163833
565	2.98728704
566	2.49752402
567	-0.74993968
568	-4.48971510
569	-1.08213556
570	3.79011106
571	-11.92720699
572	3.92639756
573	3.96580672
574	1.87609422
575	2.94682646
576	-2.12456489
577	-4.38859129
578	-0.92403316
579	-4.52505493
580	6.25305557
581	3.80042362
582	0.98393703
583	1.47265470
584	0.99879408
585	-6.21577644
586	-0.06774401
587	1.92920423
588	-10.34595490
589	2.81741333
590	2.07580400
591	3.46065974
592	2.59961462
593	-3.85367632
594	-3.13954782
595	0.89954370
596	-11.97002697
597	4.10774899
598	2.11561704
599	8.11009598
600	-0.04574481
601	-1.81789625
602	-6.58867264
603	1.29645967
604	-3.96104288
605	-0.39047429
606	2.72390461
607	2.80994630
608	3.63802266
609	-2.83155370
610	-6.45145226
611	-1.63512039
612	2.22184658
613	-9.47956848
614	3.39261937
615	2.68160534
616	2.46200275
617	0.41453812
618	-2.74732757
619	-3.64069033
620	1.79728687
621	-11.02122307
622	5.01048136
623	3.53043222
624	2.55893683
625	3.85116220
626	-2.11784530
627	-4.67382717
628	10.70356369
629	-3.63507342
630	0.72102416
631	3.57851434
632	1.31194735
633	1.84671879
634	0.51684195
635	-5.85592413
636	0.60139543
637	2.23133063
638	-13.46153927
639	3.03778863
640	3.62239051
641	2.99286723
642	2.37645793
643	-3.05027246
644	-2.70678091
645	0.99142474
646	-10.90625858
647	4.59639454
648	3.92552161
649	2.36863422
650	0.63584304
651	-0.70443428
652	-4.52496338
653	1.44257975
654	-4.61888266
655	0.36964267
656	3.65901065
657	2.68816829
658	3.21370840
659	1.09386706
660	-6.49286127
661	-1.13455403
662	1.78660691
663	-9.34071445
664	4.90745497
665	3.07838821
666	3.62278175
667	1.82468987
668	-4.27555180
669	-0.52534062
670	3.56610656
671	-11.35376835
672	5.44360733
673	3.88246417
674	2.45956755
675	3.90130019
676	-2.12254858
677	-2.65641522
678	-0.15966275
679	-5.01452065
680	2.69790030
681	4.38431692
682	0.00904092
683	0.95351171
684	-0.20585234
685	-6.93287992
686	2.21421218
687	0.72726697
688	-11.69514275
689	3.34806466
690	2.95270562
691	2.50697041
692	3.44779062
693	-4.17172384
694	-3.89571953
695	0.89806271
696	-10.32475567
697	3.93003798
698	2.94994545
699	1.56689584
700	-0.47611326
701	-1.63479733
702	-3.63550043
703	1.97983551
704	-6.00192690
705	0.63488704
706	3.93456841
707	2.10985994
708	2.36585903
709	0.85837424
710	-7.33820677
711	-1.89351463
712	1.20989728
713	-8.53595257
714	3.47229195
715	-0.93996841
716	1.78786159
717	0.18367735
718	-4.18513489
719	-0.74258691
720	2.67149544
721	-12.47415638
722	3.38504505
723	3.10222816
724	2.27038550
725	4.64710522
726	-2.48712802
727	-6.00897980
728	0.05484506
729	-6.66614294
730	1.65977967
731	3.44353175
732	-0.38902658
733	1.13327909
734	-0.68912500
735	-6.88319969
736	-0.33076891
737	0.72785974
738	-10.85517216
739	2.28745174
740	2.19641232
741	3.08962607
742	1.93362594
743	-5.50289869
744	-0.47216842
745	0.89652228
746	-12.23656178
747	4.90206385
748	3.51695704
749	2.17767787
750	-0.26807040
751	-1.73748171
752	-3.71153736
753	1.77700663
754	-3.43100548
755	3.02446961
756	3.86628485
757	3.11080170
758	3.65216041
759	1.20627809
760	-6.06143236
761	-1.91547883
762	1.67651951
763	8.19355297
764	3.10906315
765	2.62672353
766	1.95590687
767	-0.31004351
768	-4.44540596
769	-1.90754604
770	3.03021860
771	-12.64451504
772	2.98589921
773	5.65750885
774	3.12125134
775	3.52134681
776	-2.66453958
777	-4.94634247
778	0.00150718
779	-6.63109922
780	2.64409804
781	2.55067420
782	0.67067152
783	0.13625397
784	0.36508846
785	-7.12035847
786	0.72477174
787	0.93878621
788	-9.47591496
789	2.01231170
790	1.70344198
791	1.75483882
792	11.26965332
793	-4.08833981
794	-2.83840132
795	0.98450381
796	-12.46915817
797	4.77152491
798	3.61824036
799	2.00844741
800	0.79914904
801	-1.64969838
802	-9.22526741
803	1.73131359
804	-7.35380363
805	3.16320992
806	3.38577485
807	3.16423035
808	2.94080544
809	0.54773700
810	-7.34350634
811	-1.82089925
812	0.68895257
813	-6.53122902
814	3.92847061
815	3.35597229
816	2.69174623
817	0.82197833
818	-4.79938221
819	-0.69693005
820	4.09858990
821	-5.59415007
822	4.19410610
823	4.01773834
824	2.14568257
825	3.57797408
826	-2.65651751
827	-4.26960182
828	0.41746563
829	-6.22489023
830	3.29270935
831	2.06077266
832	2.38303518
833	2.05949473
834	1.21937513
835	-5.32996368
836	1.16937399
837	1.83458340
838	-8.98321724
839	2.77865815
840	3.00152016
841	5.04626989
842	3.44622302
843	-4.39127445
844	-2.39217734
845	1.66487873
846	-12.54044056
847	4.14163780
848	4.01954746
849	1.93973076
850	3.16544843
851	-1.10255897
852	-2.82859111
853	1.11730981
854	-6.40177393
855	2.90087795
856	3.56885529
857	2.14313722
858	4.50117779
859	0.49744847
860	-6.02035141
861	-1.33459127
862	0.21882898
863	-7.17152548
864	4.31504059
865	2.22393417
866	3.06614327
867	0.89408809
868	-4.92271805
869	-0.66533685
870	3.54370308
871	-12.57122612
872	3.78385997
873	3.63974690
874	3.78719711
875	4.27383900
876	-3.61206245
877	-3.87287331
878	0.04737226
879	-11.02960682
880	3.25460792
881	5.22081327
882	1.44299567
883	2.02298927
884	1.32149482
885	-6.30980635
886	1.13736379
887	0.63803422
888	-7.14240646
889	3.53606105
890	2.98610926
891	2.64258909
892	2.15587187
893	-6.17986298
894	-2.55986977
895	1.08116817
896	-13.07294464
897	4.01611376
898	-15.66479778
899	1.26032829
900	0.20024586
901	-2.07919884
902	-3.64871216
903	2.00753307
904	-7.65713787
905	3.70296049
906	4.26945591
907	2.60719013
908	-3.25996327
909	0.35780033
910	-4.73194361
911	0.08807367
912	2.31900311
913	-4.76556492
914	5.15732479
915	3.33536100
916	3.51606917
917	1.95067370
918	-3.51728940
919	1.01812243
920	4.62771082
921	-10.78156853
922	4.84708261
923	5.47292519
924	3.15722656
925	4.72388029
926	-0.71555871
927	-26.27239418
928	0.23068936
929	-6.80951405
930	4.46586752
931	4.45024061
932	0.05120300
933	1.92195177
934	0.10493535
935	-6.09088421
936	1.01859856
937	1.08415246
938	-6.58933401
939	2.93485570
940	3.02161360
941	3.24945116
942	2.13336730
943	-4.82000303
944	-2.41578698
945	1.25050998
946	-12.03607368
947	4.84379911
948	2.84559536
949	2.21971083
950	0.34544951
951	-1.82028079
952	-2.49531341
953	1.95446825
954	-8.59735203
955	4.86866951
956	-11.80573559
957	2.79981446
958	3.60711050
959	-0.07356612
960	-6.49414730
961	-1.09723055
962	0.67961735
963	-5.10787964
964	4.33079672
965	1.84144759
966	5.64542675
967	0.93374813
968	-5.11253500
969	-0.88966274
970	3.47868299
971	-12.68854904
972	4.99244261
973	4.14188480
974	2.52327132
975	3.45769715
976	-3.41626000
977	-3.39124537
978	0.93967086
979	-8.78576946
980	4.35567331
981	4.66476440
982	1.68005550
983	2.30085135
984	0.65549552
985	-6.02207136
986	1.94364166
987	0.19183668
988	-6.38091040
989	3.89952421
990	3.62859964
991	4.88602066
992	3.72559547
993	-4.82413435
994	-2.34294748
995	3.29525375
996	-11.85493660
997	5.92737532
998	4.86110592
999	4.37844753
1000	2.32902670
1001	-0.47611180
1002	-1.49028361
1003	2.63690090
1004	-8.01520729
1005	3.27527094
1006	3.48247886
1007	2.09405446
1008	4.02857685
1009	0.52286029
1010	-6.03988647
1011	-0.86273235
1012	-0.74196231
1013	-4.83629274
1014	-4.95326042
1015	1.75735724
1016	2.96022630
1017	0.14225927
1018	-6.09186935
1019	-0.65885198
1020	3.65449023
1021	-11.94215870
1022	4.39839840
1023	3.32110500
1024	2.30798984
1025	5.69162941
1026	-2.24860859
1027	-2.38431597
1028	2.42677116
1029	-6.29915619
1030	6.06951046
1031	5.72243929
1032	2.45853972
1033	4.93211603
1034	2.46478462
1035	-3.18186736
1036	2.34155560
1037	1.54387474
1038	-3.20971322
1039	4.48928976
1040	4.66682673
1041	5.55663586
1042	5.43746042
1043	-0.01275356
1044	-2.01330566
1045	3.10700035
1046	-10.82790852
1047	5.25006390
1048	3.95766497
1049	4.05624819
1050	1.51689351
1051	-1.02117169
1052	-0.87144172
1053	3.34676981
1054	-8.09879780
1055	5.79756021
1056	4.49510908
1057	3.39106107
1058	3.83507943
1059	0.32348293
1060	-5.07775211
1061	0.20229991
1062	7.57093334
1063	-4.46139050
1064	4.01007366
1065	1.55614483
1066	2.27181697
1067	0.44479674
1068	-5.48073673
1069	1.02958524
1070	3.42653322
1071	-12.39043713
1072	2.11683059
1073	4.40768194
1074	3.73343682
1075	5.02807570
1076	-2.49594283
1077	-1.02872813
1078	2.71077061
1079	-6.86873960
1080	7.52569389
1081	6.81394005
1082	3.90057921
1083	3.32780790
1084	1.86725140
1085	-3.25599980
1086	2.93690538
1087	-0.23357520
1088	-2.14620829
1089	4.44475746
1090	4.70619488
1091	-13.11416245
1092	4.53131962
1093	-4.86623812
1094	-0.94290805
1095	3.77724552
1096	-10.95788193
1097	4.84153795
1098	5.16353083
1099	4.18234587
1100	2.07509065
1101	-2.39497304
1102	-1.56098247
1103	4.45598412
1104	-8.55539894
1105	5.87151384
1106	5.42617893
1107	3.10731411
1108	4.85806322
1109	1.72765326
1110	-4.17303228
1111	1.04821920
1112	0.94458717
1113	-1.22302806
1114	5.27513981
1115	3.48685646
1116	3.27451658
1117	1.44506431
1118	-4.07167339
1119	1.26383805
1120	6.85074759
1121	-10.03293896
1122	4.52044153
1123	3.41029382
1124	3.27729392
1125	4.74551487
1126	-3.04796124
1127	-2.20020771
1128	1.57446003
1129	-8.45190907
1130	7.26885986
1131	4.86648703
1132	3.70062256
1133	2.45219541
1134	0.70135534
1135	-5.09296083
1136	2.61809826
1137	-1.40147233
1138	-2.51737809
1139	4.29720306
1140	4.42131090
1141	5.27892399
1142	4.07687759
1143	-4.22036409
1144	0.10254258
1145	4.38032484
1146	-9.03317738
1147	6.28503275
1148	3.47112918
1149	3.70472193
1150	1.98302448
1151	-2.03321624
1152	-1.66605783
1153	3.82113290
1154	-9.76067734
1155	4.80874205
1156	4.49386311
1157	3.52973795
1158	5.27696371
1159	2.68097711
1160	-4.56437778
1161	-0.55945581
1162	-1.48000753
1163	-2.91837668
1164	3.58642888
1165	0.81879038
1166	2.25150299
1167	-0.08554579
1168	-7.01565933
1169	-1.16940069
1170	2.60740662
1171	-12.03394508
1172	1.84776855
1173	1.97325516
1174	1.35822046
1175	2.82279897
1176	-4.73860312
1177	-4.26799107
1178	-0.85458297
1179	-9.71153927
1180	4.98141527
1181	2.97092891
1182	1.37775588
1183	1.09912336
1184	-1.14067340
1185	-4.83889437
1186	0.90706867
1187	-1.21693349
1188	0.24048810
1189	4.91212654
1190	3.48664808
1191	4.33673620
1192	3.26758814
1193	-4.25241232
1194	0.65625900
1195	3.64135838
1196	-9.34029579
1197	5.51769686
1198	3.29353476
1199	5.30059767
1200	1.15434897
1201	-1.55579448
1202	-0.47557855
1203	4.32837009
1204	-10.05710506
1205	5.67502403
1206	3.70297384
1207	5.01106644
1208	4.38545656
1209	-1.98548639
1210	-6.27161741
1211	-1.31437540
1212	-2.30399847
1213	-3.10521913
1214	3.31325316
1215	1.03409946
1216	1.96676743
1217	-0.15902713
1218	-6.50438786
1219	-0.26281351
1220	2.62676382
1221	-13.01076031
1222	3.28720546
1223	3.68772721
1224	3.07327700
1225	4.69163132
1226	18.43269730
1227	-1.60534620
1228	0.38748091
1229	-10.30193138
1230	4.17888975
1231	3.73324561
1232	1.67860329
1233	1.59406281
1234	-0.31568006
1235	-3.59596920
1236	4.63173056
1237	-2.63083506
1238	-0.76520431
1239	3.33864546
1240	2.53250289
1241	4.22755861
1242	3.43074393
1243	-5.08568954
1244	-0.87152028
1245	3.19767976
1246	-10.15735722
1247	4.98667574
1248	3.91573262
1249	2.12610984
1250	1.10974681
1251	-2.99523687
1252	-1.42976284
1253	4.17537594
1254	-10.78295803
1255	13.03461075
1256	4.03586245
1257	3.09915590
1258	3.46367455
1259	-1.35787272
1260	-5.54126263
1261	-0.95773512
1262	-2.73894119
1263	-1.79217899
1264	5.16376495
1265	-3.13725114
1266	1.63016653
1267	0.34822667
1268	-5.08595037
1269	0.79976392
1270	2.34896421
1271	-10.86596584
1272	3.29462290
1273	2.45611048
1274	3.07716227
1275	1.33888268
1276	-2.92691827
1277	-1.85061049
1278	0.76902270
1279	-10.93730068
1280	5.26607466
1281	3.71401978
1282	0.72543120
1283	0.04166651
1284	-1.17951572
1285	-7.06535149
1286	0.28746358
1287	-4.35163260
1288	-2.88705564
1289	1.83046281
1290	1.69615340
1291	2.00242853
1292	0.26189214
1293	-8.38721466
1294	-6.10130596
1295	-0.15974382
1296	-12.98351955
1297	3.18037629
1298	2.15190029
1299	1.79862928
1300	-0.44243178
1301	-2.62424684
1302	-2.82068777
1303	2.15442777
1304	-11.34428692
1305	4.18993616
1306	3.73720551
1307	2.45759821
1308	3.31293392
1309	-2.83766460
1310	-5.10164070
1311	-1.45095086
1312	-5.14016533
1313	-4.58711720
1314	2.30702353
1315	-0.71069771
1316	1.47370625
1317	-1.14099371
1318	-7.43055201
1319	-1.01424551
1320	1.39602494
1321	-10.30702686
1322	1.38954008
1323	1.96116602
1324	-0.04343168
1325	1.16655433
1326	-6.31091642
1327	-5.20081949
1328	-0.79524440
1329	-12.19366741
1330	1.15736198
1331	2.67182732
1332	-1.23310173
1333	-0.13825046
1334	-2.89611650
1335	-7.97950983
1336	-1.70095849
1337	-8.30466366
1338	-2.68201661
1339	-0.19579016
1340	-0.95994031
1341	-0.05878881
1342	-3.25369668
1343	-9.72810364
1344	-4.43640995
1345	-0.72885615
1346	-12.84598351
1347	2.16172552
1348	1.09122479
1349	0.95900691
1350	-0.01466599
1351	-5.67729235
1352	-0.59623569
1353	3.73990297
1354	-11.81187630
1355	3.37749004
1356	3.24509573
1357	2.41055298
1358	3.29453802
1359	-1.99598348
1360	-5.18633032
1361	-28.14407349
1362	-4.89216614
1363	-2.08948803
1364	3.98115849
1365	-1.24079216
1366	1.07826900
1367	-1.10136831
1368	-8.10305119
1369	-1.19452345
1370	0.31153274
1371	-17.14920616
1372	1.69204795
1373	0.35499340
1374	0.84743768
1375	1.87211442
1376	-4.94212914
1377	-5.92390537
1378	-2.23526955
1379	-11.86929131
1380	1.63487589
1381	1.46906316
1382	0.84129924
1383	-0.14727543
1384	-2.76385450
1385	-5.93708420
1386	-0.95040125
1387	-5.80119467
1388	-0.32233453
1389	2.11502957
1390	-18.27184486
1391	1.33107066
1392	-0.58061874
1393	-7.44089079
1394	-2.48724580
1395	0.58859110
1396	-10.31942081
1397	3.35074091
1398	2.46326685
1399	2.07188368
1400	4.86783504
1401	-4.53309536
1402	-1.82340825
1403	2.13862586
1404	-12.11716938
1405	3.33760452
1406	3.37463498
1407	1.63419378
1408	2.77323055
1409	-2.72782803
1410	-4.11599970
1411	-0.19355084
1412	-4.73376513
1413	0.65402991
1414	2.69724154
1415	0.73836505
1416	1.35624576
1417	-1.17431211
1418	-6.77249289
1419	-5.63916731
1420	0.07277507
1421	-12.22880745
1422	1.35333383
1423	0.95478874
1424	1.04811585
1425	0.91694587
1426	-6.42662525
1427	-4.28182697
1428	-1.29479456
1429	-11.99983311
1430	2.22246027
1431	0.43818668
1432	-0.26545060
1433	-0.93280810
1434	-2.93592882
1435	-5.96392727
1436	0.76705807
1437	-6.76952362
1438	0.06902980
1439	1.41967511
1440	2.26644325
1441	2.94711137
1442	-0.26824018
1443	-5.56529140
1444	-1.73222828
1445	0.13524945
1446	-9.44042110
1447	2.80920982
1448	4.64657736
1449	0.93168771
1450	-1.03258765
1451	-4.50481129
1452	-1.78751683
1453	2.66613841
1454	-11.36810303
1455	3.45847344
1456	1.40154719
1457	0.54150367
1458	-3.08603454
1459	-3.28157043
1460	-6.97595978
1461	-2.03298330
1462	-7.19972038
1463	-0.78022462
1464	1.75046909
1465	-1.48741066
1466	1.04374409
1467	-1.41156042
1468	-8.52440834
1469	-1.35256386
1470	-0.19678901
1471	-11.98630905
1472	2.12712312
1473	1.10127509
1474	0.92045563
1475	1.23863220
1476	-4.89395857
1477	-13.08556175
1478	-0.54097843
1479	-12.74183083
1480	3.02053857
1481	1.59458888
1482	1.42273629
1483	-0.40481454
1484	-3.65882421
1485	-5.89075947
1486	-0.64111656
1487	-8.33437347
1488	-0.27509102
1489	1.72620726
1490	0.79014355
1491	1.90921187
1492	-1.12386811
1493	-7.48838711
1494	-3.52786589
1495	-0.76387316
1496	-4.02492952
1497	2.42823029
1498	-0.23968166
1499	-0.20459530
1500	-1.92153561
1501	-6.03028536
1502	-3.89652205
1503	-0.02681510
1504	-14.04639149
1505	1.26761055
1506	5.09615421
1507	-1.46139038
1508	0.60638273
1509	-5.75879192
1510	-7.49977922
1511	-3.17316151
1512	-8.82606697
1513	-0.35662410
1514	0.47534856
1515	-1.64214027
1516	1.23414969
1517	-2.36230636
1518	-8.33393669
1519	-1.24362993
1520	-1.25767791
1521	-10.06820393
1522	1.23537385
1523	1.41342878
1524	1.38261461
1525	21.20437813
1526	-5.71452188
1527	-3.74628067
1528	-1.20951080
1529	-13.40842438
1530	2.53451490
1531	1.60171437
1532	1.03172457
1533	-2.14206195
1534	-4.72566509
1535	-7.59120560
1536	-0.75794083
1537	-9.97002506
1538	-0.21322043
1539	0.23507608
1540	-1.60148466
1541	0.41075021
1542	-3.28410506
1543	-8.99424553
1544	-3.22153687
1545	-1.96152949
1546	-10.85374546
1547	0.13044497
1548	-0.71423078
1549	-0.58545566
1550	-3.24994469
1551	-6.14349413
1552	-4.22504950
1553	0.70779085
1554	5.07429123
1555	2.23300314
1556	1.52131486
1557	0.76559311
1558	2.01317072
1559	-4.52615643
1560	-6.53610468
1561	-1.63665330
1562	-9.03774738
1563	-1.22417295
1564	0.27404040
1565	-2.27939606
1566	-0.80790669
1567	-2.22030973
1568	-9.08645916
1569	-2.17616892
1570	-1.51815546
1571	-11.71984100
1572	-0.01568218
1573	-0.26827952
1574	-0.53739053
1575	0.66620290
1576	-7.30586052
1577	-3.42730761
1578	-1.61143994
1579	-13.76891232
1580	1.86801350
1581	1.42715275
1582	-0.24168496
1583	-7.20380163
1584	-3.33794665
1585	-5.25133371
1586	-0.80262893
1587	-10.50626087
1588	0.80218846
1589	1.12365687
1590	0.62992680
1591	1.15387547
1592	-2.88655162
1593	-7.56322813
1594	-3.95886159
1595	-2.09413791
1596	-10.10533333
1597	0.83451307
1598	-1.07565343
1599	-0.40289572
1600	-1.86267388
1601	-7.40493631
1602	-3.51275945
1603	2.27632451
1604	-13.44790077
1605	2.13475275
1606	1.64060497
1607	2.27050066
1608	2.49047661
1609	-4.45975685
1610	-5.11019850
1611	-1.60882139
1612	-9.12252903
1613	0.88905174
1614	2.40561938
1615	-0.35979152
1616	0.16834439
1617	-1.94770229
1618	-8.37360096
1619	-2.62846971
1620	-1.25486684
1621	-10.19375324
1622	4.76621485
1623	0.48476484
1624	0.62375170
1625	0.63256669
1626	-7.04117012
1627	-3.64547324
1628	-0.75349355
1629	-12.37087822
1630	2.75551844
1631	1.23980069
1632	0.57977766
1633	-1.33601046
1634	-2.49001336
1635	-4.00572348
1636	0.35253295
1637	-9.27029991
1638	1.51627326
1639	2.26989436
1640	1.23782825
1641	5.81454086
1642	-2.22627497
1643	-7.48429966
1644	-2.71154523
1645	-1.46705353
1646	-7.46849871
1647	2.18305588
1648	1.07485497
1649	-1.42283607
1650	-1.24065375
1651	-7.20797110
1652	-1.86031306
1653	1.82976699
1654	-12.15409088
1655	2.40192938
1656	3.25763345
1657	2.59086633
1658	2.98512030
1659	-3.25087047
1660	-10.55757618
1661	-2.05823302
1662	-8.06257915
1663	2.26035190
1664	3.78172803
1665	-0.76467019
1666	0.62703377
1667	-1.43473220
1668	-7.56704760
1669	-1.12780881
1670	-2.38107800
1671	-7.07196951
1672	1.47318339
1673	0.97464764
1674	1.34256017
1675	0.97892547
1676	-6.27418280
1677	-3.16039276
1678	-1.21424603
1679	-14.31522274
1680	0.92816216
1681	3.20268559
1682	1.50343847
1683	-0.54913294
1684	-2.76522112
1685	-4.23974657
1686	1.54628444
1687	-9.04939079
1688	4.07686663
1689	-9.79922581
1690	2.40012598
1691	2.31637192
1692	-0.61938614
1693	-7.02952003
1694	-2.49907422
1695	-1.77852607
1696	-8.45443439
1697	2.63231277
1698	0.40313897
1699	0.29073131
1700	-1.69321573
1701	-6.76688576
1702	-3.24409294
1703	-0.00902700
1704	-14.57358265
1705	1.28934801
1706	0.92936718
1707	1.47348273
1708	1.20340061
1709	-5.34371185
1710	-5.61634493
1711	-2.58807802
1712	-9.57671452
1713	2.63431573
1714	2.98510146
1715	-0.17642044
1716	1.02893901
1717	-0.42377263
1718	-0.88712668
1719	0.44497073
1720	-1.83115649
1721	-7.39811373
1722	1.45922601
1723	1.60090792
1724	2.57643938
1725	0.48593834
1726	-5.86711884
1727	-3.64450479
1728	-3.11784530
1729	-12.95597935
1730	1.81539273
1731	2.17896080
1732	1.34407401
1733	-0.44076797
1734	-3.59537601
1735	-5.12174845
1736	1.89929295
1737	-10.46343422
1738	2.98708582
1739	2.36604548
1740	1.92119253
1741	2.05741191
1742	-1.37267995
1743	-6.13190794
1744	-1.46375978
1745	-1.28162360
1746	-6.58405447
1747	-8.06695080
1748	0.94492543
1749	1.42781401
1750	-1.45425117
1751	-5.32747650
1752	-1.71495116
1753	0.18011275
1754	-13.97099876
1755	1.22020233
1756	1.89098501
1757	-1.99704957
1758	2.16048861
1759	-4.43084717
1760	-5.49659586
1761	-1.76572013
1762	-10.21919060
1763	2.29280257
1764	2.20401645
1765	-3.09684849
1766	0.92164248
1767	-1.45840836
1768	-7.46887064
1769	-0.47877032
1770	-2.17111683
1771	-6.71453428
1772	1.61564291
1773	0.58235043
1774	2.00719762
1775	1.34344947
1776	-13.33946991
1777	-2.25041795
1778	0.63170272
1779	-11.03521538
1780	3.18060470
1781	2.49531102
1782	2.37037230
1783	-0.70646912
1784	-3.06454897
1785	-4.75860262
1786	2.63478255
1787	-9.84631443
1788	3.35820389
1789	3.38779855
1790	1.96575034
1791	2.82047081
1792	-2.83464026
1793	-7.24535322
1794	-2.44711208
1795	-1.71615136
1796	-6.25070047
1797	2.11093664
1798	-0.29208443
1799	1.40252125
1800	-1.93981683
1801	-6.97346878
1802	-0.72986686
1803	0.87168199
1804	-13.32878399
1805	-0.46932259
1806	1.62500429
1807	1.18013465
1808	2.42691374
1809	-4.46088219
1810	-5.22898483
1811	-1.44423997
1812	-11.24813080
1813	3.49945498
1814	3.46142936
1815	1.66992426
1816	-0.38045055
1817	-2.07703638
1818	-6.70912313
1819	-0.42347109
1820	-1.72837746
1821	-5.96151257
1822	2.49755859
1823	2.03140855
1824	12.15177631
1825	0.67262691
1826	-5.47984743
1827	-2.26531124
1828	0.79565108
1829	-11.40801620
1830	3.60464907
1831	3.02232718
1832	3.02580619
1833	0.26465294
1834	-1.75026238
1835	-2.04821897
1836	2.57969952
1837	-10.47195053
1838	3.15860033
1839	3.47794032
1840	1.78433251
1841	2.41229987
1842	-2.71142125
1843	-6.54127121
1844	-4.02997589
1845	-3.37312484
1846	-5.76767254
1847	2.11105227
1848	-0.82596862
1849	0.77501434
1850	-2.29596114
1851	-6.53394556
1852	-1.28964138
1853	4.73717690
1854	-13.82955265
1855	2.32740664
1856	2.06454849
1857	0.14233422
1858	2.14828324
1859	-4.97556067
1860	-3.49885583
1861	-1.41990650
1862	-9.78464031
1863	1.56115603
1864	3.03136301
1865	0.05096853
1866	-0.00020486
1867	-3.25427437
1868	-7.34371281
1869	-0.21485284
1870	-4.14969587
1871	-5.34343004
1872	1.23665595
1873	-1.03199434
1874	2.57398939
1875	0.52837944
1876	-6.82545328
1877	-3.82678032
1878	0.04542619
1879	-12.97181416
1880	2.52909064
1881	2.57468653
1882	5.85478735
1883	-0.77139181
1884	-4.02207232
1885	-3.47587729
1886	0.66177285
1887	-10.82831764
1888	2.44523120
1889	1.64098132
1890	0.29547128
1891	1.05883336
1892	-2.08257174
1893	-8.91273499
1894	-4.04839373
1895	-5.26069307
1896	-5.07869768
1897	1.29331005
1898	-1.52106178
1899	-0.00339803
1900	-3.51163435
1901	-8.15939236
1902	-0.99085593
1903	0.35708350
1904	-14.16843987
1905	1.37602091
1906	0.83891374
1907	0.07291422
1908	1.68155110
1909	-5.96914768
1910	-5.42731142
1911	5.34253502
1912	-10.69255447
1913	1.78243971
1914	2.40577936
1915	-0.85292691
1916	-1.87531352
1917	-4.05107117
1918	-7.53613615
1919	-1.68378663
1920	-5.21397400
1921	-5.84878826
1922	-0.76552933
1923	-1.11730707
1924	0.43402526
1925	-1.47932887
1926	-8.82705784
1927	-4.32092333
1928	-2.85575819
1929	-14.47208691
1930	1.49752975
1931	0.29531327
1932	-2.56081152
1933	-2.82230592
1934	-4.95782375
1935	-4.69950390
1936	0.02801700
1937	-12.80656910
1938	1.00184965
1939	1.48892224
1940	-0.11744896
1941	-0.33717629
1942	-4.10820818
1943	-8.17436218
1944	-3.79799128
1945	-6.56773424
1946	-4.42252016
1947	1.76601303
1948	-2.46246743
1949	-0.59650576
1950	-5.21597052
1951	-8.42602348
1952	-2.27089787
1953	-0.90351433
1954	-12.97676373
1955	-0.64210033
1956	0.26609206
1957	-0.00167442
1958	1.58034265
1959	-13.88727665
1960	-5.78515053
1961	-3.21240234
1962	-11.85072136
1963	1.32747400
1964	0.74769598
1965	-0.65862042
1966	-1.51370215
1967	-4.35724401
1968	-6.64245605
1969	-7.55823469
1970	-7.03471088
1971	-5.42903614
1972	-0.63485324
1973	-1.29779434
1974	-0.62257355
1975	-2.62956214
1976	-10.78462505
1977	-6.74054670
1978	-2.53984046
1979	-14.70483398
1980	0.03018175
1981	-2.06837773
1982	-0.63389176
1983	-3.30066204
1984	-5.70568514
1985	-6.11659622
1986	-0.63847113
1987	-12.57812500
1988	-9.94332123
1989	0.19844875
1990	-0.77691913
1991	0.95929897
1992	-4.91525459
1993	-7.67775917
1994	-3.08595729
1995	-6.29448080
1996	-3.43578100
1997	0.97600704
1998	-0.50392878
1999	-0.46016499
2000	-3.16401696
2001	-9.09375668
2002	-3.48013544
2003	-0.67498839
2004	-14.12087917
2005	-0.63114154
2006	0.15823919
2007	-0.03550930
2008	3.25201011
2009	-7.61088705
2010	-6.17973232
2011	-1.90731859
2012	-12.90454197
2013	1.62345958
2014	0.85248047
2015	-3.10810685
2016	-1.98225307
2017	-11.26553726
2018	-7.56896400
2019	-2.36147237
2020	-6.18826437
2021	-4.86076927
2022	0.22280304
2023	-0.89996606
2024	0.39882866
2025	-1.38340271
2026	-8.59569836
2027	-0.32779813
2028	-1.47082412
2029	-13.13822651
2030	1.19561768
2031	0.08700449
2032	-0.22764538
2033	-1.64824784
2034	-5.17460728
2035	-3.24103141
2036	1.58472157
2037	-10.61548805
2038	2.43139958
2039	2.87620521
2040	1.09027803
2041	3.31941485
2042	-3.39575195
2043	-5.48797369
2044	-0.89826590
2045	-3.53317595
2046	-6.31307507
2047	3.42206883
2048	-0.05762399
2049	1.77254176
2050	-1.15821266
2051	-6.49299240
2052	-0.52575594
2053	0.00596142
2054	-11.03538322
2055	1.65080833
2056	1.51650047
2057	0.89158040
2058	2.14154124
2059	-5.02351046
2060	-4.14093018
2061	-1.33594334
2062	-11.13370705
2063	2.85628605
2064	1.72625542
2065	0.03601264
2066	-0.83626354
2067	-2.17262888
2068	-4.72476435
2069	0.45123446
2070	-5.25766230
2071	-1.47470510
2072	3.20434880
2073	2.66310692
2074	4.18131161
2075	0.53615111
2076	-5.31617117
2077	-1.52728868
2078	1.99085379
2079	-8.65569401
2080	4.34148073
2081	3.77011847
2082	3.37173772
2083	0.82021850
2084	-2.65404797
2085	-1.99979985
2086	4.93312788
2087	-8.82752228
2088	5.42417336
2089	5.06202030
2090	3.36947203
2091	4.84888554
2092	-2.45867205
2093	-3.38970256
2094	2.23231769
2095	-3.30070925
2096	-0.27245575
2097	4.26547623
2098	1.94268835
2099	2.43419814
2100	0.39695594
2101	-5.85205507
2102	0.60669112
2103	3.11772180
2104	-7.05759668
2105	4.04433060
2106	3.41980767
2107	2.33916068
2108	3.81916213
2109	-3.98326826
2110	-1.47519684
2111	0.73387808
2112	-10.57434654
2113	4.70383215
2114	4.04121113
2115	3.06547570
2116	2.03341985
2117	-1.38321805
2118	-3.62388420
2119	2.70629430
2120	-3.52991128
2121	1.05467665
2122	4.59146881
2123	14.06641960
2124	5.50219250
2125	2.80002856
2126	-5.08790112
2127	-0.67503053
2128	1.63420653
2129	-9.00707150
2130	3.81960583
2131	4.62414694
2132	3.85842800
2133	-4.41167212
2134	-0.65638065
2135	-0.09003408
2136	3.65022922
2137	-9.45137215
2138	5.83799124
2139	4.44830322
2140	2.48043275
2141	4.31339836
2142	-1.69855320
2143	-4.94912434
2144	0.16732560
2145	-3.57135296
2146	0.75290912
2147	4.21988869
2148	1.19575107
2149	2.66221595
2150	-0.71831352
2151	-5.30922031
2152	-16.58384895
2153	2.61381960
2154	-8.37839413
2155	3.54495215
2156	4.03664398
2157	3.76963711
2158	4.83696413
2159	-3.18434238
2160	-0.54502302
2161	1.57917142
2162	-9.54143810
2163	5.73073339
2164	6.44379187
2165	4.39935350
2166	2.97250319
2167	0.48314840
2168	-3.07782269
2169	3.07406425
2170	-5.03358078
2171	2.50517917
2172	3.81807184
2173	4.28694057
2174	4.76479197
2175	1.47659469
2176	-6.73001003
2177	-0.97036958
2178	0.98208249
2179	-8.10392189
2180	3.81281114
2181	2.23155880
2182	2.66943717
2183	-0.27148557
2184	-2.34933925
2185	-0.48459226
2186	3.25086427
2187	-11.33024693
2188	3.91636562
2189	4.00290203
2190	2.76502490
2191	7.03479433
2192	-1.78210366
2193	-3.74518394
2194	0.35623524
2195	-4.59029007
2196	1.64665592
2197	3.95205808
2198	1.37243330
2199	3.27101016
2200	0.40207925
2201	-5.34842873
2202	1.46487617
2203	1.77691042
2204	-7.79362154
2205	3.46821976
2206	3.82890511
2207	4.13749218
2208	4.18106556
2209	-4.07333422
2210	12.76287460
2211	1.73901999
2212	-9.66934204
2213	5.79110241
2214	5.56507301
2215	4.05687714
2216	2.98249602
2217	0.22785315
2218	-1.10981369
2219	2.54734516
2220	-0.40753046
2221	0.88854909
2222	3.42373681
2223	2.30724788
2224	3.65837908
2225	0.44373244
2226	-5.35351133
2227	-1.92070425
2228	-0.04504188
2229	-8.45154953
2230	3.74160647
2231	2.14021492
2232	1.14742208
2233	-1.03123713
2234	-4.32237577
2235	-1.55401897
2236	3.03010559
2237	-10.73602295
2238	3.16153789
2239	7.34387732
2240	2.09937501
2241	3.56635737
2242	-2.57181931
2243	-4.31572056
2244	-0.07758743
2245	-4.49171829
2246	0.63171721
2247	2.59021997
2248	2.41983080
2249	-1.75791180
2250	-0.11115849
2251	-7.20057201
2252	1.03965867
2253	-0.52771449
2254	-8.18341541
2255	3.08137679
2256	3.03405333
2257	2.70205522
2258	-1.47514594
2259	-6.31816053
2260	-2.62958717
2261	0.67210829
2262	-10.38378239
2263	4.80284548
2264	3.77437758
2265	2.49272203
2266	1.05269909
2267	-1.29439437
2268	-2.39271951
2269	2.27141118
2270	-6.15018940
2271	2.31659245
2272	3.02568197
2273	2.09022427
2274	3.43273139
2275	-0.43072975
2276	-7.57710171
2277	-2.45037603
2278	-2.66301441
2279	-7.72965336
2280	3.13217425
2281	1.82950115
2282	0.93404257
2283	-1.24627352
2284	-4.26857567
2285	-1.73210323
2286	2.52019501
2287	-15.03324318
2288	4.50966406
2289	3.26175904
2290	2.20019531
2291	2.63509130
2292	-2.91548538
2293	-3.77371836
2294	-0.91423315
2295	-5.86850309
2296	1.80287790
2297	4.47787857
2298	0.93954712
2299	0.40245098
2300	-1.81435966
2301	-7.12247610
2302	-0.57335281
2303	-1.37945426
2304	-7.48573017
2305	0.97387618
2306	1.20021784
2307	2.30599594
2308	1.10479665
2309	-5.74941111
2310	-3.47496986
2311	0.08541640
2312	-11.13535309
2313	2.58079028
2314	3.87314224
2315	3.13341403
2316	12.57148743
2317	-3.16665483
2318	-4.23427963
2319	1.63893461
2320	-7.67259645
2321	1.72374892
2322	3.24208522
2323	1.72686422
2324	3.94059014
2325	-0.89617270
2326	-9.74965763
2327	-0.83978736
2328	-0.76266050
2329	-8.72041607
2330	3.65516305
2331	3.08382845
2332	2.82392955
2333	0.19344899
2334	-4.27012920
2335	-0.33634371
2336	2.03288960
2337	-10.70978737
2338	4.83355331
2339	3.62496805
2340	2.41992927
2341	4.78286934
2342	-2.28081012
2343	-3.05169106
2344	-0.09900018
2345	-22.69207764
2346	2.11904931
2347	3.35405016
2348	1.39685488
2349	1.48746181
2350	-1.27439010
2351	-6.18900967
2352	0.50346869
2353	-1.86201239
2354	-9.69755363
2355	-0.04218547
2356	0.75756299
2357	2.45585632
2358	1.47804677
2359	-5.56066370
2360	-2.88626862
2361	-0.93796331
2362	-10.37371731
2363	3.64161634
2364	4.27802324
2365	3.03100038
2366	1.15697658
2367	-1.33417237
2368	-2.75377393
2369	2.76619005
2370	-8.02458191
2371	2.66887593
2372	3.91180658
2373	4.63344574
2374	-5.71188879
2375	0.67753303
2376	-4.49946737
2377	0.17940451
2378	0.66788441
2379	-6.45124149
2380	3.92626333
2381	2.63265061
2382	5.32551050
2383	0.32741150
2384	-0.66031629
2385	-0.33866632
2386	2.60564494
2387	-11.11599445
2388	3.44288015
2389	3.09197760
2390	2.11696887
2391	4.39568663
2392	-3.31725788
2393	-4.91282892
2394	-0.16283281
2395	-9.01944065
2396	1.76896942
2397	3.09294248
2398	0.68691528
2399	0.68100560
2400	-1.98562968
2401	-6.66234350
2402	0.72085059
2403	-4.90577888
2404	-6.53673077
2405	1.60699105
2406	2.19448566
2407	2.17956233
2408	2.26984692
2409	-4.98254061
2410	-1.19464552
2411	2.24172831
2412	-11.08979034
2413	5.07583523
2414	4.31144333
2415	2.98079586
2416	1.42546964
2417	-1.95797849
2418	-1.91742849
2419	1.82736361
2420	-5.92917919
2421	2.14150929
2422	6.90437031
2423	2.53820539
2424	4.10415411
2425	-0.97261924
2426	-5.38678885
2427	-1.37440634
2428	-0.25147125
2429	-6.26755762
2430	2.72156310
2431	1.61190188
2432	4.31798697
2433	-0.74374890
2434	-6.04756927
2435	-1.19702053
2436	2.91554236
2437	-10.59510899
2438	2.99686098
2439	2.37120509
2440	2.98386407
2441	3.25777936
2442	-4.20738506
2443	-4.52712536
2444	-0.91093010
2445	-8.39742851
2446	1.58155453
2447	4.16535139
2448	-0.02341410
2449	0.59420222
2450	-2.52679420
2451	-13.52781487
2452	-0.16725495
2453	-1.72109866
2454	-8.45148754
2455	1.74900424
2456	0.89807916
2457	2.50428414
2458	1.34367228
2459	-5.16042233
2460	-2.31548619
2461	3.24499559
2462	-10.95091152
2463	2.50086117
2464	3.87984490
2465	1.57149422
2466	0.58526862
2467	-1.58930278
2468	-3.42300010
2469	2.18644023
2470	-9.49255180
2471	1.65786862
2472	1.99767768
2473	0.48026097
2474	2.68025804
2475	-2.39462304
2476	-7.21511126
2477	-2.52386546
2478	-2.49261880
2479	-8.47020531
2480	12.51455784
2481	0.26505846
2482	0.40210184
2483	-2.26042700
2484	-7.03237629
2485	-1.50734544
2486	1.74946606
2487	-11.16960812
2488	1.46869290
2489	2.30900002
2490	3.74990988
2491	3.20928073
2492	-3.77017403
2493	-4.57838154
2494	-0.78597075
2495	-8.35483360
2496	2.86523747
2497	3.49679041
2498	1.46941054
2499	1.16272676
2500	-3.00310445
2501	-6.25033236
2502	0.47585943
2503	-2.60345936
2504	-5.26842690
2505	0.86499697
2506	0.41887540
2507	1.67924607
2508	1.55349851
2509	4.16196489
2510	-2.10548687
2511	-0.46819758
2512	-11.46067429
2513	2.50203562
2514	2.41717792
2515	1.39413822
2516	-0.79925424
2517	-5.11469221
2518	-1.04886925
2519	0.66581482
2520	-9.80173874
2521	2.08856320
2522	1.50820124
2523	0.03817005
2524	2.66973114
2525	-2.08631516
2526	-6.85525942
2527	-1.50305355
2528	-3.39152265
2529	-5.42703485
2530	2.49959612
2531	2.10255671
2532	2.23299575
2533	0.14618418
2534	-5.52216864
2535	-0.29267955
2536	2.77764392
2537	-11.04399300
2538	13.44816875
2539	3.70439529
2540	2.99277830
2541	4.37309694
2542	-3.10214162
2543	-2.66041446
2544	0.41620329
2545	-8.44677258
2546	2.68998194
2547	4.68729925
2548	-1.44182134
2549	1.39872229
2550	-1.29975605
2551	-5.32891464
2552	0.69183648
2553	-1.26752818
2554	-4.57167578
2555	1.08516467
2556	1.35597122
2557	-1.73505485
2558	1.07858455
2559	-5.42593908
2560	-2.79336333
2561	-0.88717866
2562	-10.14217377
2563	1.60543859
2564	2.89731336
2565	0.71540457
2566	-1.35913956
2567	-3.55564857
2568	-3.15776491
2569	0.98238117
2570	-9.04933262
2571	3.43262792
2572	2.31375360
2573	1.74159956
2574	3.15248847
2575	-1.65183520
2576	-5.33761120
2577	1.51168358
2578	-2.81294823
2579	-4.54739523
2580	2.62415123
2581	1.73501384
2582	2.31199455
2583	-0.97422957
2584	-5.88061523
2585	0.00584593
2586	-4.61818218
2587	-11.04010868
2588	3.08885980
2589	2.85360861
2590	3.20852780
2591	3.61499333
2592	-3.64542818
2593	-2.71320033
2594	-0.25888073
2595	-10.10690880
2596	5.22884703
2597	4.94642973
2598	1.69222248
2599	1.64427483
2600	-0.92539090
2601	-4.93909502
2602	0.18179874
2603	-2.40100861
2604	-4.20728159
2605	2.09665060
2606	1.64885545
2607	2.71836758
2608	1.52704644
2609	-5.07105064
2610	-2.43717790
2611	-0.74207008
2612	-10.81991291
2613	3.00345516
2614	2.14878583
2615	5.53388977
2616	0.18464917
2617	-2.97499347
2618	-1.94525182
2619	1.48083425
2620	-8.54779053
2621	3.92859221
2622	4.95042896
2623	2.40873384
2624	4.68766689
2625	-0.45267749
2626	-3.82827258
2627	0.09862953
2628	-1.55942392
2629	-3.06755900
2630	4.76903391
2631	1.83253241
2632	3.55824900
2633	-0.41517660
2634	-3.60834956
2635	-2.57357240
2636	2.76588607
2637	-8.90608025
2638	3.82257223
2639	3.16015148
2640	2.97388577
2641	4.27608633
2642	-2.67797565
2643	-3.12710834
2644	-4.77138281
2645	-7.83179379
2646	3.55884147
2647	3.05745101
2648	1.77498364
2649	2.09175205
2650	-1.10716057
2651	-4.89911556
2652	0.63020653
2653	-2.70556116
2654	-6.48696041
2655	2.41537070
2656	3.25237298
2657	3.52688718
2658	2.50640821
2659	-4.96991062
2660	-1.19193435
2661	0.10493395
2662	-9.92015934
2663	3.61732721
2664	2.94795156
2665	2.00930548
2666	0.81264102
2667	-2.09389210
2668	-1.81176579
2669	2.59307170
2670	-9.17037868
2671	4.46247530
2672	4.90093946
2673	4.31984329
2674	4.54112101
2675	-0.48563555
2676	-5.17521143
2677	-0.62373912
2678	-2.32107258
2679	-4.14671898
2680	2.52719593
2681	1.45296478
2682	1.22851753
2683	-1.24497008
2684	-5.84611082
2685	-0.62366837
2686	0.87811291
2687	-10.51546097
2688	1.60139263
2689	1.59884465
2690	1.68686628
2691	2.62718153
2692	-3.24950075
2693	-1.82468081
2694	-0.70141083
2695	-10.41633987
2696	2.85812926
2697	2.93577218
2698	1.87107444
2699	1.29328430
2700	-2.67347288
2701	-5.60134506
2702	6.63384724
2703	-3.25411558
2704	-3.43492484
2705	2.84640312
2706	1.81810093
2707	4.82479906
2708	1.52098143
2709	-5.88074827
2710	-1.04703832
2711	0.53925824
2712	-9.70128536
2713	3.34107971
2714	3.65515542
2715	2.53211546
2716	1.30264556
2717	-2.13124061
2718	-1.01872301
2719	2.31594300
2720	-8.98528957
2721	5.11603165
2722	3.33055234
2723	1.20158005
2724	3.51489663
2725	-1.95013189
2726	-5.43526268
2727	-0.96729201
2728	-4.00489855
2729	-2.85265541
2730	3.19329977
2731	0.09211563
2732	2.04965138
2733	-1.78738487
2734	-4.14102650
2735	0.49580771
2736	2.13452435
2737	-9.30836105
2738	2.84331656
2739	2.56608820
2740	4.04643106
2741	2.66435051
2742	-2.49232459
2743	-1.14841628
2744	1.29510283
2745	-8.50458336
2746	3.91615057
2747	4.63696098
2748	2.67046642
2749	2.79771662
2750	-7.92076540
2751	-4.72294521
2752	0.49773040
2753	-3.15342498
2754	-1.14691639
2755	2.81725335
2756	1.78710699
2757	3.97128081
2758	0.75822347
2759	-6.20229244
2760	-8.43720436
2761	0.85049486
2762	-9.30253506
2763	2.76459646
2764	3.11159182
2765	2.84801745
2766	-0.09119349
2767	-2.36139584
2768	-0.42486769
2769	2.71262765
2770	-8.37264538
2771	4.10507965
2772	5.08525324
2773	2.80615520
2774	3.88258004
2775	-1.76359808
2776	-4.13100100
2777	0.18450116
2778	-3.01592231
2779	-0.07870527
2780	4.41016722
2781	1.15529573
2782	3.34343958
2783	-0.52841085
2784	-4.81057835
2785	0.14093728
2786	2.23100853
2787	-9.35756111
2788	3.34010124
2789	2.53344250
2790	3.69670010
2791	5.61641312
2792	-2.17112994
2793	-1.19605589
2794	1.20766902
2795	-8.54819298
2796	4.58765268
2797	6.58022070
2798	3.92069173
2799	4.80295944
2800	-0.57524139
2801	-3.56218958
2802	2.37030911
2803	-2.44277596
2804	-0.82865584
2805	3.61318541
2806	3.29572439
2807	3.82943845
2808	0.30505306
2809	-5.28787422
2810	-1.06035936
2811	1.12176919
2812	-8.81346321
2813	3.07705975
2814	3.42427492
2815	3.19498706
2816	0.04632284
2817	-2.57925606
2818	1.00813317
2819	2.44536304
2820	-9.09777927
2821	3.64709187
2822	4.76653862
2823	4.53516340
2824	4.98934889
2825	-1.33144069
2826	-3.59071660
2827	0.95459622
2828	-2.35831475
2829	-0.35305318
2830	4.09687185
2831	1.38045776
2832	3.25622272
2833	-1.02191961
2834	-6.06303024
2835	-0.66565424
2836	0.34090766
2837	-9.40749264
2838	2.88691449
2839	1.91935229
2840	2.03899097
2841	3.70150256
2842	-4.22814608
2843	-2.10404253
2844	-0.35645714
2845	-9.71251869
2846	4.45387697
2847	4.50375366
2848	2.94868875
2849	1.69114721
2850	-1.10946238
2851	-3.78132010
2852	1.29549301
2853	-2.58052874
2854	-1.05723095
2855	2.95844769
2856	2.54479790
2857	2.99668121
2858	1.12592673
2859	-5.29618073
2860	-2.52882600
2861	-0.07956377
2862	-9.95140457
2863	2.06255269
2864	2.91670418
2865	1.97727835
2866	0.90716654
2867	-2.92278719
2868	-1.54474103
2869	0.99683815
2870	-10.32280636
2871	2.15027523
2872	2.77501678
2873	1.88286829
2874	2.31890416
2875	-2.42696166
2876	-5.37061262
2877	-1.93958855
2878	-5.19292116
2879	-1.53823125
2880	2.41371346
2881	0.98816222
2882	0.76735812
2883	-1.63166463
2884	-7.25671196
2885	43.45290756
2886	-0.30093712
2887	-10.45814228
2888	-0.26376668
2889	1.03378463
2890	2.54762459
2891	1.35121381
2892	-5.06543970
2893	-3.50568271
2894	-1.09077501
2895	-9.00077057
2896	1.47061372
2897	2.94660044
2898	1.52075350
2899	1.06476724
2900	-3.51843309
2901	-4.45771885
2902	0.66853106
2903	-5.66748524
2904	-0.52238071
2905	2.63220644
2906	1.52608097
2907	2.68521214
2908	-0.16247904
2909	-5.42075634
2910	-1.88685155
2911	-1.43640912
2912	-10.07872200
2913	2.55350757
2914	10.50571823
2915	0.91812283
2916	-1.57188070
2917	-4.54811764
2918	-2.24119425
2919	-0.28425574
2920	-12.40455055
2921	1.37538195
2922	1.26700842
2923	-0.02590435
2924	-5.00925636
2925	-4.42579746
2926	-6.96428156
2927	-2.56208920
2928	-6.74840784
2929	-0.68166316
2930	2.32948661
2931	0.50563586
2932	0.95923507
2933	-0.92678732
2934	-6.71709967
2935	-0.53162485
2936	0.79428339
2937	-8.77746582
2938	2.12792945
2939	1.90757883
2940	2.57009363
2941	3.43199205
2942	-3.47386670
2943	-2.68831539
2944	-1.07526445
2945	-10.25416756
2946	2.45144796
2947	3.78425169
2948	1.96146107
2949	1.28638077
2950	-2.53166223
2951	-5.13387585
2952	0.07015488
2953	-9.52256012
2954	-1.47189105
2955	1.10465443
2956	1.37368858
2957	2.26770782
2958	-0.75689137
2959	-6.01747036
2960	-2.39508986
2961	-0.97728992
2962	-8.66301727
2963	1.88244176
2964	1.98062706
2965	1.52186549
2966	-2.20956659
2967	-3.80714846
2968	-2.21198130
2969	0.37649658
2970	-10.67553425
2971	2.23197484
2972	-0.35874975
2973	2.28304315
2974	2.37321067
2975	-3.59523416
2976	-5.06651211
2977	-2.62176013
2978	-7.80009508
2979	0.04754258
2980	4.19125509
2981	2.23207211
2982	5.54608774
2983	-1.06478047
2984	-5.03783321
2985	-0.00715156
2986	1.33556068
2987	-8.02279758
2988	2.26332641
2989	3.03178883
2990	4.56553650
2991	4.59241819
2992	-1.66255140
2993	-1.65560734
2994	2.44343162
2995	-9.47000504
2996	4.35286140
2997	5.25458622
2998	2.34620857
2999	3.02730751
3000	-2.28845620