	C:\Users\jkuzm\OneDrive - University of Massachusetts\HRSL x UMILL-PUMA Fatigue - Fatigue\Data\F01\FR3_static1.c3d _ImpedanceExport
	FP1
	FORCE
	ORIGINAL
ITEM	Z
1	652.36004639
2	653.52288818
3	652.77392578
4	654.95385742
5	652.64624023
6	652.26544189
7	653.66375732
8	652.34973145
9	649.45886230
10	650.90368652
11	652.27532959
12	652.59704590
13	653.06280518
14	651.47528076
15	651.72784424
16	651.64501953
17	651.10638428
18	653.62408447
19	652.92883301
20	650.93994141
21	654.39514160
22	652.16241455
23	651.64221191
24	653.12414551
25	651.73144531
26	653.11071777
27	654.22198486
28	653.54711914
29	653.81506348
30	652.83184814
31	652.60876465
32	653.04248047
33	652.95355225
34	653.55902100
35	655.54553223
36	652.76232910
37	654.36163330
38	654.37353516
39	651.13208008
40	653.67663574
41	653.38781738
42	651.73828125
43	653.45288086
44	653.18237305
45	651.89801025
46	654.47692871
47	652.16900635
48	653.31616211
49	655.83673096
50	653.11022949
51	653.55072021
52	655.35894775
53	653.81726074
54	655.83056641
55	654.66400146
56	653.48071289
57	654.35565186
58	653.21295166
59	655.21722412
60	656.33685303
61	652.93151855
62	655.48962402
63	655.42291260
64	654.45751953
65	653.75537109
66	654.17993164
67	654.17547607
68	654.41204834
69	653.95690918
70	652.86419678
71	655.26678467
72	652.77929688
73	653.04595947
74	652.77600098
75	651.37695312
76	652.76312256
77	654.82879639
78	653.46051025
79	655.03582764
80	653.18121338
81	652.34344482
82	653.12615967
83	653.04486084
84	653.64630127
85	654.40856934
86	653.90313721
87	654.44488525
88	656.16076660
89	653.14324951
90	653.74566650
91	654.26507568
92	651.64697266
93	654.32800293
94	654.23406982
95	652.68084717
96	653.24847412
97	652.42675781
98	651.20269775
99	651.98120117
100	651.89556885
101	652.32427979
102	654.04376221
103	652.85626221
104	653.81054688
105	653.34991455
106	652.78247070
107	651.73229980
108	651.91198730
109	652.51470947
110	653.26354980
111	652.49468994
112	654.17218018
113	655.77185059
114	652.96704102
115	652.60833740
116	652.61248779
117	653.24719238
118	653.89892578
119	652.93237305
120	652.77893066
121	655.26824951
122	652.96405029
123	652.26153564
124	653.12860107
125	649.11218262
126	651.62463379
127	653.08648682
128	651.62640381
129	652.67309570
130	651.95617676
131	650.94470215
132	650.41613770
133	651.28900146
134	650.66253662
135	652.82379150
136	652.01794434
137	652.86633301
138	654.02148438
139	652.26416016
140	652.52111816
141	652.16314697
142	650.85687256
143	652.48693848
144	653.26965332
145	653.73272705
146	654.47235107
147	651.03149414
148	651.82012939
149	651.62390137
150	651.27832031
151	652.23205566
152	653.34240723
153	651.89538574
154	653.37084961
155	652.30657959
156	650.31353760
157	651.72296143
158	652.68676758
159	651.98889160
160	653.52722168
161	652.05322266
162	653.21319580
163	654.37573242
164	654.98394775
165	651.11474609
166	652.61145020
167	652.33404541
168	653.62744141
169	653.02062988
170	652.43170166
171	654.73651123
172	652.08551025
173	653.04962158
174	654.35375977
175	651.44415283
176	652.58520508
177	652.81896973
178	651.53594971
179	653.63208008
180	652.48126221
181	652.16186523
182	651.54522705
183	652.50604248
184	652.06011963
185	653.79034424
186	652.32751465
187	651.89562988
188	652.96514893
189	650.93963623
190	652.51318359
191	651.71826172
192	651.54949951
193	653.53875732
194	651.05615234
195	652.23699951
196	654.64398193
197	652.60479736
198	651.81719971
199	652.68859863
200	652.07293701
201	652.58868408
202	653.34289551
203	652.41693115
204	654.33551025
205	651.85443115
206	652.51556396
207	653.21173096
208	652.16284180
209	652.07299805
210	653.35260010
211	653.36669922
212	653.20898438
213	653.40515137
214	652.00408936
215	652.17224121
216	652.16528320
217	652.85949707
218	653.45275879
219	653.80157471
220	653.04565430
221	655.69769287
222	653.56634521
223	653.33044434
224	654.25823975
225	654.26965332
226	653.72222900
227	654.04742432
228	653.98547363
229	655.11627197
230	655.19549561
231	653.82836914
232	652.94787598
233	654.18243408
234	654.51776123
235	655.09033203
236	653.28106689
237	654.35253906
238	654.27813721
239	653.21911621
240	653.91552734
241	656.36987305
242	654.53588867
243	655.11029053
244	654.67065430
245	654.95117188
246	656.12561035
247	654.18640137
248	653.73999023
249	653.02630615
250	653.99169922
251	655.38354492
252	655.95410156
253	653.90045166
254	654.93853760
255	654.31536865
256	652.60498047
257	654.78149414
258	653.74090576
259	654.52600098
260	656.31378174
261	654.76086426
262	655.15161133
263	655.24090576
264	653.83300781
265	653.47637939
266	652.68798828
267	653.11511230
268	654.32098389
269	654.05755615
270	654.70031738
271	656.03771973
272	652.68908691
273	653.21972656
274	654.61621094
275	652.33874512
276	652.13458252
277	654.65429688
278	653.10815430
279	653.97924805
280	652.30108643
281	651.91436768
282	652.41918945
283	651.37097168
284	652.50280762
285	653.77758789
286	652.40802002
287	652.68670654
288	653.48986816
289	651.28735352
290	651.11322021
291	650.23571777
292	649.27551270
293	650.64233398
294	650.11425781
295	649.17492676
296	652.27215576
297	649.63104248
298	650.06317139
299	649.26538086
300	648.23339844
301	650.38958740
302	650.53540039
303	648.37756348
304	651.25805664
305	649.57415771
306	648.64739990
307	650.30841064
308	649.26159668
309	646.98468018
310	651.07800293
311	649.07147217
312	650.65545654
313	651.81811523
314	649.27471924
315	649.79602051
316	648.03363037
317	649.35198975
318	650.19647217
319	649.94696045
320	648.92456055
321	651.91784668
322	648.48828125
323	647.25927734
324	649.00476074
325	647.08453369
326	648.81317139
327	649.57263184
328	648.29119873
329	652.26989746
330	649.41497803
331	649.01007080
332	649.08648682
333	649.00311279
334	651.26995850
335	651.67340088
336	651.00714111
337	650.14141846
338	652.70086670
339	649.26483154
340	650.32257080
341	650.49255371
342	649.79913330
343	650.81164551
344	649.84997559
345	649.43237305
346	652.00665283
347	648.83477783
348	650.48895264
349	649.33770752
350	648.55419922
351	650.29858398
352	650.79864502
353	649.77502441
354	652.03533936
355	651.23858643
356	649.34985352
357	650.57586670
358	650.87182617
359	651.01574707
360	652.98303223
361	651.87036133
362	652.32653809
363	652.87249756
364	652.24719238
365	650.23059082
366	653.64337158
367	653.19268799
368	653.97991943
369	652.56677246
370	651.63568115
371	654.27667236
372	651.80487061
373	652.07513428
374	652.24005127
375	650.93640137
376	650.98974609
377	649.04626465
378	651.78808594
379	653.34936523
380	651.51947021
381	651.89605713
382	651.97863770
383	651.97552490
384	652.05364990
385	653.24981689
386	651.78851318
387	652.69354248
388	653.39514160
389	651.72338867
390	653.02923584
391	652.75280762
392	653.29742432
393	653.60778809
394	653.60943604
395	653.73608398
396	655.50256348
397	653.66119385
398	652.94836426
399	653.46246338
400	652.75878906
401	652.66131592
402	654.38909912
403	653.20007324
404	655.36694336
405	652.03100586
406	651.45684814
407	653.37768555
408	652.68212891
409	653.98425293
410	656.22192383
411	653.00170898
412	654.51293945
413	654.10260010
414	654.00189209
415	652.58715820
416	653.55535889
417	653.89733887
418	655.54040527
419	653.88665771
420	654.35272217
421	655.85101318
422	653.74212646
423	654.26586914
424	652.50891113
425	653.73889160
426	654.75201416
427	654.56793213
428	654.33514404
429	656.06518555
430	653.53692627
431	652.86126709
432	653.81555176
433	652.77185059
434	653.98596191
435	654.11169434
436	652.75048828
437	653.72711182
438	655.23602295
439	653.64904785
440	653.73260498
441	652.76623535
442	653.20574951
443	654.83642578
444	656.15875244
445	654.84295654
446	656.55755615
447	653.91741943
448	654.00054932
449	654.25738525
450	653.55444336
451	655.55621338
452	654.56683350
453	653.12182617
454	655.28033447
455	655.02307129
456	653.38610840
457	653.99389648
458	652.86419678
459	652.68145752
460	654.90905762
461	653.18487549
462	653.72985840
463	655.33618164
464	651.91308594
465	653.29949951
466	654.17846680
467	653.11877441
468	656.77429199
469	655.03723145
470	653.82598877
471	656.56030273
472	651.91149902
473	651.99578857
474	654.47235107
475	652.95587158
476	655.29602051
477	654.84411621
478	653.29052734
479	655.28509521
480	653.20190430
481	652.78222656
482	652.42913818
483	650.14642334
484	652.17065430
485	654.74414062
486	653.63635254
487	652.34344482
488	654.28411865
489	651.82263184
490	652.69006348
491	653.64874268
492	650.85034180
493	653.55859375
494	653.62445068
495	653.47198486
496	655.51116943
497	652.70605469
498	653.21942139
499	652.15960693
500	653.03479004
501	652.41308594
502	652.64807129
503	653.83331299
504	655.10919189
505	653.02178955
506	651.64056396
507	653.30078125
508	652.34503174
509	652.59967041
510	653.60546875
511	653.11340332
512	655.57635498
513	651.82855225
514	651.03344727
515	652.08178711
516	651.11614990
517	650.66918945
518	652.74597168
519	651.70086670
520	651.46887207
521	653.66845703
522	651.89031982
523	652.08691406
524	652.16400146
525	651.12042236
526	652.14288330
527	652.12048340
528	651.89709473
529	652.39874268
530	649.26654053
531	650.50946045
532	650.75250244
533	651.81585693
534	650.49310303
535	652.46343994
536	651.45294189
537	651.63354492
538	653.05767822
539	650.24511719
540	652.07171631
541	652.59594727
542	651.38159180
543	652.74346924
544	652.22613525
545	652.23889160
546	652.54064941
547	651.21282959
548	651.29748535
549	651.89788818
550	651.81353760
551	651.00195312
552	652.12908936
553	651.37188721
554	653.70251465
555	653.02612305
556	652.34344482
557	651.89654541
558	650.86431885
559	651.80651855
560	653.42443848
561	651.26696777
562	652.86523438
563	652.09503174
564	650.85565186
565	651.55389404
566	652.07672119
567	652.67877197
568	652.30120850
569	650.48388672
570	652.08251953
571	654.45513916
572	652.25994873
573	652.25506592
574	652.77172852
575	652.16748047
576	654.33142090
577	653.61791992
578	653.02612305
579	654.05474854
580	652.18273926
581	652.34326172
582	652.94470215
583	653.82659912
584	652.68328857
585	653.08197021
586	653.02868652
587	653.03533936
588	653.33087158
589	652.25482178
590	652.77416992
591	651.99652100
592	652.16986084
593	652.48236084
594	652.75195312
595	653.12274170
596	654.28375244
597	651.99713135
598	651.02661133
599	652.98260498
600	652.15704346
601	652.75427246
602	652.99414062
603	652.68652344
604	654.58154297
605	652.76165771
606	652.07727051
607	652.33831787
608	654.70629883
609	652.31378174
610	654.30700684
611	651.61926270
612	654.08978271
613	653.15423584
614	652.34442139
615	652.07934570
616	651.11627197
617	651.01788330
618	653.10168457
619	653.01147461
620	651.46093750
621	652.27032471
622	650.60321045
623	651.03289795
624	651.64068604
625	650.68438721
626	652.05487061
627	655.90191650
628	652.82128906
629	653.53259277
630	652.59350586
631	652.08251953
632	651.80865479
633	651.98760986
634	652.41943359
635	653.25878906
636	652.15692139
637	655.57672119
638	653.84008789
639	652.95806885
640	652.86834717
641	653.56994629
642	651.90228271
643	652.83740234
644	653.54132080
645	653.47448730
646	654.97949219
647	651.38629150
648	651.47265625
649	651.28546143
650	651.98474121
651	653.28521729
652	652.48156738
653	651.63647461
654	654.49346924
655	652.68145752
656	653.92639160
657	652.77923584
658	652.95941162
659	652.42376709
660	654.30786133
661	652.85217285
662	655.05133057
663	654.12054443
664	653.22943115
665	652.17108154
666	652.87249756
667	654.53271484
668	654.66833496
669	654.07806396
670	653.57153320
671	656.55963135
672	654.02282715
673	653.39758301
674	652.95336914
675	651.73870850
676	653.80700684
677	653.89276123
678	651.72009277
679	653.78961182
680	651.29205322
681	651.91265869
682	651.97875977
683	650.84765625
684	651.80346680
685	652.29003906
686	651.89428711
687	652.94232178
688	652.97265625
689	652.34619141
690	653.12994385
691	652.51525879
692	651.99676514
693	654.05664062
694	651.43872070
695	653.03240967
696	654.37554932
697	652.70098877
698	652.43078613
699	652.68475342
700	651.36547852
701	652.84521484
702	652.83453369
703	651.37567139
704	653.86651611
705	653.38513184
706	651.20965576
707	650.93554688
708	651.46307373
709	651.72039795
710	652.46508789
711	651.44482422
712	652.77020264
713	652.98693848
714	651.55566406
715	652.58532715
716	651.81182861
717	652.07067871
718	653.35424805
719	652.58630371
720	653.13012695
721	655.41729736
722	653.13415527
723	654.00219727
724	653.12481689
725	651.30072021
726	653.62725830
727	654.22143555
728	653.46752930
729	653.86846924
730	653.03637695
731	652.34594727
732	651.88629150
733	654.18328857
734	651.62493896
735	653.25805664
736	651.36608887
737	652.68218994
738	653.58978271
739	652.07897949
740	652.25354004
741	651.90863037
742	650.67608643
743	651.76922607
744	653.64147949
745	652.77185059
746	654.10144043
747	652.78967285
748	653.56842041
749	652.94812012
750	652.50299072
751	653.89257812
752	655.80761719
753	652.95184326
754	655.28338623
755	654.26751709
756	652.69470215
757	652.33795166
758	653.21911621
759	651.98077393
760	655.44799805
761	651.96875000
762	653.81573486
763	654.02984619
764	653.38989258
765	652.42535400
766	652.68621826
767	653.37731934
768	653.17492676
769	652.84216309
770	653.56890869
771	655.67907715
772	653.22155762
773	653.93121338
774	654.00579834
775	653.48376465
776	653.36328125
777	656.41796875
778	653.73217773
779	655.62023926
780	653.48004150
781	653.56195068
782	653.90972900
783	653.55584717
784	653.72943115
785	655.00640869
786	653.55847168
787	654.51861572
788	654.11938477
789	652.33966064
790	652.77453613
791	651.89483643
792	654.92596436
793	653.61578369
794	653.19073486
795	653.03375244
796	655.76440430
797	653.05017090
798	652.69720459
799	653.03771973
800	654.43414307
801	654.68359375
802	653.33288574
803	653.03997803
804	655.08874512
805	653.83294678
806	652.87103271
807	653.21728516
808	652.51898193
809	652.68054199
810	654.30651855
811	652.84423828
812	653.99475098
813	653.69897461
814	652.60894775
815	651.90399170
816	650.85382080
817	651.28527832
818	653.70446777
819	651.53668213
820	651.29754639
821	653.53100586
822	650.24639893
823	652.61145020
824	652.16247559
825	651.64678955
826	652.13775635
827	653.52996826
828	652.15667725
829	654.83227539
830	653.74261475
831	652.86132812
832	651.72332764
833	651.81188965
834	652.41906738
835	654.05023193
836	653.91021729
837	653.29504395
838	653.41967773
839	651.02520752
840	650.50073242
841	652.17657471
842	651.64428711
843	653.61749268
844	652.22735596
845	653.21166992
846	654.36767578
847	652.69769287
848	651.73297119
849	652.42462158
850	651.03369141
851	653.36889648
852	651.87182617
853	652.51147461
854	654.13238525
855	653.39294434
856	652.25811768
857	652.51348877
858	653.13739014
859	652.76843262
860	654.83404541
861	652.32153320
862	653.90026855
863	654.04260254
864	653.31201172
865	652.86602783
866	652.34234619
867	651.80841064
868	651.77252197
869	652.40985107
870	652.51788330
871	653.92559814
872	651.12017822
873	652.60736084
874	652.16662598
875	651.29571533
876	652.65692139
877	653.00604248
878	651.18646240
879	653.84490967
880	651.72821045
881	651.91156006
882	651.80798340
883	650.58398438
884	651.45794678
885	653.16992188
886	651.72393799
887	652.06652832
888	652.81860352
889	651.29382324
890	653.12908936
891	651.37597656
892	651.29046631
893	652.82073975
894	650.73876953
895	652.07006836
896	653.13946533
897	649.71929932
898	649.53381348
899	653.03637695
900	650.66760254
901	652.05273438
902	653.44537354
903	651.81298828
904	654.12371826
905	651.64282227
906	652.08374023
907	652.77545166
908	652.57238770
909	653.02764893
910	654.92681885
911	652.32763672
912	652.77069092
913	653.96301270
914	652.25933838
915	652.69067383
916	653.04193115
917	653.82525635
918	653.61572266
919	653.64477539
920	652.69720459
921	654.72106934
922	652.52423096
923	652.61730957
924	652.69128418
925	651.56372070
926	653.98803711
927	651.40826416
928	651.97851562
929	654.13250732
930	652.70001221
931	652.96173096
932	652.94012451
933	651.37286377
934	652.85400391
935	651.50830078
936	648.04754639
937	653.81970215
938	654.57135010
939	652.86486816
940	654.09008789
941	652.60394287
942	653.56311035
943	655.18731689
944	653.88989258
945	653.64709473
946	654.62939453
947	653.22369385
948	651.81170654
949	652.85864258
950	652.50439453
951	653.27734375
952	653.18658447
953	652.59790039
954	654.99645996
955	652.61145020
956	651.38952637
957	652.68658447
958	653.04418945
959	651.79888916
960	653.95617676
961	651.18341064
962	653.28881836
963	653.17443848
964	652.17193604
965	650.31915283
966	652.96728516
967	653.03320312
968	653.26312256
969	652.84912109
970	652.51812744
971	654.80285645
972	651.56207275
973	652.43426514
974	651.72595215
975	656.02703857
976	652.04461670
977	652.83410645
978	651.02008057
979	653.85638428
980	652.78601074
981	651.55834961
982	651.45794678
983	651.19921875
984	651.79992676
985	653.07464600
986	651.63409424
987	653.19506836
988	652.02813721
989	650.50274658
990	652.33837891
991	651.29425049
992	652.16912842
993	652.99963379
994	653.62420654
995	652.16595459
996	654.10333252
997	651.47503662
998	651.12176514
999	651.90612793
1000	651.64166260
1001	652.84680176
1002	651.79205322
1003	651.73022461
1004	653.94561768
1005	649.97601318
1006	651.46966553
1007	652.33532715
1008	650.24621582
1009	650.57580566
1010	652.47131348
1011	650.48754883
1012	652.93615723
1013	651.77447510
1014	650.19543457
1015	652.33740234
1016	651.81982422
1017	653.03045654
1018	653.52215576
1019	652.32391357
1020	651.73114014
1021	655.50708008
1022	652.60906982
1023	653.13153076
1024	651.80908203
1025	652.70391846
1026	653.62384033
1027	653.88671875
1028	653.03863525
1029	654.47943115
1030	654.97900391
1031	652.61328125
1032	651.36914062
1033	650.50933838
1034	654.69836426
1035	654.05615234
1036	653.38671875
1037	654.51660156
1038	654.05834961
1039	651.46789551
1040	651.81787109
1041	653.40087891
1042	652.79028320
1043	654.60015869
1044	653.36663818
1045	654.53466797
1046	655.42449951
1047	653.22943115
1048	653.39672852
1049	653.48431396
1050	653.65057373
1051	654.07318115
1052	652.84674072
1053	653.21960449
1054	655.96185303
1055	654.01965332
1056	654.01440430
1057	651.99169922
1058	652.96105957
1059	652.59088135
1060	654.48754883
1061	651.27691650
1062	654.90069580
1063	653.88067627
1064	652.60894775
1065	652.68463135
1066	652.51281738
1067	652.59417725
1068	654.22326660
1069	652.68066406
1070	652.77929688
1071	656.55340576
1072	652.94653320
1073	652.78375244
1074	653.12854004
1075	652.69854736
1076	653.45068359
1077	654.77160645
1078	653.82910156
1079	655.44018555
1080	652.71008301
1081	653.93402100
1082	654.97460938
1083	653.74438477
1084	653.82397461
1085	655.19787598
1086	652.69305420
1087	654.77459717
1088	654.32965088
1089	652.34912109
1090	654.62976074
1091	652.43762207
1092	652.87823486
1093	653.70355225
1094	652.49951172
1095	653.31121826
1096	653.32299805
1097	651.65124512
1098	651.03961182
1099	651.20758057
1100	652.94921875
1101	652.66632080
1102	652.40490723
1103	650.86138916
1104	653.94769287
1105	652.61840820
1106	651.56378174
1107	652.69244385
1108	651.30114746
1109	652.06707764
1110	651.95562744
1111	650.75781250
1112	652.93957520
1113	651.62084961
1114	650.60028076
1115	651.81982422
1116	650.15673828
1117	651.72692871
1118	652.30731201
1119	653.03985596
1120	650.87451172
1121	652.71875000
1122	651.38989258
1123	650.50842285
1124	650.68054199
1125	650.86706543
1126	652.31359863
1127	651.35424805
1128	651.98944092
1129	653.59790039
1130	652.36614990
1131	650.42602539
1132	651.73352051
1133	650.94189453
1134	652.94476318
1135	654.49157715
1136	652.16723633
1137	652.57702637
1138	653.44848633
1139	651.81774902
1140	653.30987549
1141	651.91406250
1142	651.64361572
1143	653.78900146
1144	652.67718506
1145	652.78204346
1146	654.02728271
1147	652.26501465
1148	651.90087891
1149	651.89764404
1150	651.19665527
1151	652.75262451
1152	651.70166016
1153	651.55828857
1154	653.67572021
1155	652.08782959
1156	652.26019287
1157	651.11920166
1158	650.77685547
1159	652.16528320
1160	652.91802979
1161	652.41735840
1162	651.27020264
1163	652.49090576
1164	652.08807373
1165	651.72021484
1166	650.50561523
1167	652.50933838
1168	653.87377930
1169	652.15399170
1170	650.41912842
1171	652.79876709
1172	650.24200439
1173	651.28973389
1174	650.76373291
1175	649.63256836
1176	651.34539795
1177	650.73181152
1178	651.71630859
1179	653.24468994
1180	651.30072021
1181	651.37945557
1182	650.93377686
1183	651.10919189
1184	652.40734863
1185	653.08746338
1186	652.15557861
1187	651.61596680
1188	653.37646484
1189	652.25946045
1190	653.13012695
1191	652.08349609
1192	652.51470947
1193	653.87969971
1194	651.62835693
1195	652.25671387
1196	654.55670166
1197	651.47741699
1198	651.72912598
1199	652.26745605
1200	651.81329346
1201	653.72198486
1202	651.45068359
1203	651.91699219
1204	653.76721191
1205	651.21942139
1206	651.90875244
1207	652.26873779
1208	651.47705078
1209	651.79547119
1210	654.66473389
1211	652.06427002
1212	653.98168945
1213	653.36657715
1214	652.25909424
1215	653.03533936
1216	651.90484619
1217	651.80798340
1218	654.92474365
1219	653.55914307
1220	652.95684814
1221	654.71759033
1222	652.34820557
1223	653.22351074
1224	651.73046875
1225	650.34246826
1226	654.25604248
1227	652.05627441
1228	652.85974121
1229	654.90222168
1230	652.25982666
1231	652.52136230
1232	652.95117188
1233	652.68890381
1234	652.76373291
1235	652.04687500
1236	652.09088135
1237	653.71258545
1238	653.72448730
1239	652.25909424
1240	653.47930908
1241	653.66558838
1242	652.52349854
1243	655.36810303
1244	653.02661133
1245	654.44873047
1246	655.25726318
1247	652.35577393
1248	652.87573242
1249	653.65655518
1250	652.34387207
1251	654.24243164
1252	652.67370605
1253	652.96777344
1254	653.49847412
1255	653.01037598
1256	652.26605225
1257	651.99401855
1258	651.12097168
1259	652.93719482
1260	652.82122803
1261	652.41394043
1262	653.80261230
1263	651.44238281
1264	651.30285645
1265	651.35034180
1266	651.98626709
1267	652.68121338
1268	653.43646240
1269	652.42138672
1270	652.77398682
1271	653.84942627
1272	652.43554688
1273	652.95611572
1274	653.22027588
1275	653.82830811
1276	653.89215088
1277	654.25219727
1278	652.51385498
1279	654.20385742
1280	653.76220703
1281	652.08978271
1282	652.16046143
1283	652.59991455
1284	652.86022949
1285	653.08770752
1286	651.46051025
1287	653.45062256
1288	653.10882568
1289	652.43463135
1290	651.81475830
1291	652.78289795
1292	653.73785400
1293	654.21710205
1294	652.13098145
1295	653.82061768
1296	654.10687256
1297	652.87353516
1298	653.13159180
1299	653.56713867
1300	654.08337402
1301	654.76666260
1302	652.48950195
1303	650.23907471
1304	656.21575928
1305	653.66491699
1306	654.27514648
1307	653.39178467
1308	652.08618164
1309	653.01446533
1310	654.40625000
1311	653.11358643
1312	655.19451904
1313	651.87573242
1314	652.95709229
1315	652.06579590
1316	651.63848877
1317	651.97827148
1318	654.13446045
1319	652.41467285
1320	652.60260010
1321	653.94976807
1322	651.99182129
1323	653.39923096
1324	652.50854492
1325	652.69775391
1326	653.00323486
1327	653.71472168
1328	652.85968018
1329	654.63781738
1330	652.78027344
1331	651.64984131
1332	650.40570068
1333	651.90063477
1334	653.02398682
1335	653.43365479
1336	652.06713867
1337	654.30822754
1338	652.32061768
1339	650.84814453
1340	652.41778564
1341	650.31958008
1342	652.32159424
1343	651.93536377
1344	652.31408691
1345	651.62902832
1346	652.17919922
1347	651.46673584
1348	652.33947754
1349	652.60241699
1350	650.93695068
1351	653.09173584
1352	652.06671143
1353	652.17871094
1354	653.76104736
1355	651.91448975
1356	651.99963379
1357	651.20764160
1358	652.43988037
1359	652.41369629
1360	652.74810791
1361	651.41247559
1362	653.79968262
1363	653.20239258
1364	650.51824951
1365	651.27899170
1366	650.50469971
1367	651.10913086
1368	652.73205566
1369	650.58093262
1370	651.54864502
1371	652.16412354
1372	650.76995850
1373	650.76373291
1374	651.72991943
1375	650.50726318
1376	652.74853516
1377	652.21905518
1378	652.23919678
1379	654.46997070
1380	652.08032227
1381	651.11639404
1382	652.16564941
1383	652.42565918
1384	652.32061768
1385	653.61749268
1386	652.68292236
1387	653.96856689
1388	653.47039795
1389	653.04797363
1390	651.80908203
1391	651.99157715
1392	651.89410400
1393	653.17199707
1394	652.67657471
1395	651.81036377
1396	653.51116943
1397	652.08953857
1398	652.26281738
1399	650.42547607
1400	651.05114746
1401	652.48779297
1402	652.85394287
1403	652.78735352
1404	654.46343994
1405	652.00219727
1406	653.05334473
1407	653.13275146
1408	651.99438477
1409	653.72460938
1410	654.15356445
1411	653.73712158
1412	654.41009521
1413	654.08959961
1414	653.22375488
1415	653.03985596
1416	653.56945801
1417	653.46905518
1418	653.87567139
1419	652.22137451
1420	653.21081543
1421	655.51477051
1422	652.69305420
1423	653.56634521
1424	652.60351562
1425	653.57019043
1426	653.17785645
1427	653.19250488
1428	651.63146973
1429	655.69134521
1430	652.34765625
1431	653.03887939
1432	653.73828125
1433	652.94805908
1434	653.80871582
1435	654.67028809
1436	653.12969971
1437	655.27246094
1438	658.90490723
1439	653.57135010
1440	654.27294922
1441	652.52569580
1442	653.73834229
1443	655.46032715
1444	653.73120117
1445	654.17364502
1446	654.74182129
1447	651.90991211
1448	654.02001953
1449	653.83099365
1450	653.29785156
1451	654.50305176
1452	654.51654053
1453	652.96472168
1454	655.34283447
1455	653.49353027
1456	654.27136230
1457	654.87927246
1458	652.58813477
1459	655.21118164
1460	654.49072266
1461	653.29223633
1462	654.48797607
1463	654.69580078
1464	655.14898682
1465	653.81744385
1466	653.04486084
1467	656.53497314
1468	656.14874268
1469	654.61138916
1470	655.05273438
1471	655.34112549
1472	654.27673340
1473	654.26861572
1474	654.62115479
1475	654.09991455
1476	654.50213623
1477	653.85229492
1478	653.56518555
1479	654.46105957
1480	654.10736084
1481	653.39807129
1482	653.04467773
1483	653.30218506
1484	654.86114502
1485	655.28540039
1486	655.31549072
1487	654.39630127
1488	655.13671875
1489	652.52081299
1490	654.79241943
1491	652.87164307
1492	654.60949707
1493	655.27453613
1494	654.42413330
1495	655.04449463
1496	657.31115723
1497	655.15295410
1498	653.38824463
1499	655.66528320
1500	653.20629883
1501	654.93389893
1502	654.94683838
1503	653.91619873
1504	655.68395996
1505	654.97778320
1506	653.59265137
1507	654.52044678
1508	653.22113037
1509	653.88781738
1510	655.53930664
1511	653.72888184
1512	654.13385010
1513	652.95098877
1514	653.56878662
1515	652.77178955
1516	653.83752441
1517	652.15356445
1518	654.22424316
1519	651.89709473
1520	653.55932617
1521	655.61688232
1522	652.69708252
1523	653.04602051
1524	653.04644775
1525	652.01000977
1526	654.58709717
1527	652.84814453
1528	652.51196289
1529	653.84741211
1530	651.74139404
1531	651.91271973
1532	651.03149414
1533	651.80871582
1534	653.89447021
1535	652.82458496
1536	652.25323486
1537	652.11431885
1538	651.99017334
1539	650.33154297
1540	651.72155762
1541	650.24353027
1542	651.45343018
1543	653.78674316
1544	650.66735840
1545	651.98236084
1546	652.20208740
1547	651.82043457
1548	651.46343994
1549	652.07757568
1550	651.80456543
1551	653.36462402
1552	651.79418945
1553	652.34735107
1554	654.73059082
1555	650.60241699
1556	650.77398682
1557	650.85491943
1558	650.77569580
1559	650.83251953
1560	652.13220215
1561	650.58392334
1562	652.20874023
1563	653.90643311
1564	650.76666260
1565	650.57708740
1566	651.11059570
1567	650.92932129
1568	652.90704346
1569	651.98266602
1570	653.03247070
1571	654.12280273
1572	650.84954834
1573	651.55310059
1574	652.33935547
1575	651.29553223
1576	652.91424561
1577	652.58801270
1578	652.42187500
1579	655.51464844
1580	651.30065918
1581	651.21051025
1582	652.51666260
1583	651.61163330
1584	653.81793213
1585	652.66540527
1586	652.08111572
1587	652.81469727
1588	653.04589844
1589	650.86108398
1590	651.38061523
1591	653.22076416
1592	651.36602783
1593	652.83148193
1594	651.53955078
1595	653.12078857
1596	653.69262695
1597	653.39782715
1598	652.42419434
1599	651.98956299
1600	651.54901123
1601	654.31597900
1602	651.01092529
1603	652.09179688
1604	655.16455078
1605	653.23004150
1606	653.22595215
1607	654.45764160
1608	653.14489746
1609	654.07232666
1610	652.66754150
1611	652.68743896
1612	654.04882812
1613	653.04644775
1614	651.74011230
1615	651.72808838
1616	652.60565186
1617	650.75769043
1618	653.34887695
1619	651.89331055
1620	653.47088623
1621	653.60766602
1622	652.01495361
1623	654.35943604
1624	652.16778564
1625	651.73492432
1626	655.02062988
1627	653.90142822
1628	653.47961426
1629	655.96008301
1630	651.38934326
1631	653.83862305
1632	653.92407227
1633	653.12841797
1634	654.34472656
1635	654.24816895
1636	652.87060547
1637	655.18511963
1638	653.83728027
1639	653.05334473
1640	653.74603271
1641	653.85974121
1642	653.64721680
1643	654.40252686
1644	653.64465332
1645	654.43511963
1646	653.26605225
1647	653.05230713
1648	652.96246338
1649	652.33813477
1650	652.95104980
1651	655.11035156
1652	653.90960693
1653	653.66625977
1654	655.69738770
1655	654.19561768
1656	653.23413086
1657	654.45861816
1658	653.67291260
1659	653.37359619
1660	657.36859131
1661	654.52258301
1662	656.41748047
1663	655.41772461
1664	654.20172119
1665	654.35357666
1666	654.10083008
1667	654.87475586
1668	654.67016602
1669	653.91668701
1670	654.17248535
1671	654.84942627
1672	653.31665039
1673	653.74603271
1674	652.26184082
1675	653.40228271
1676	654.58544922
1677	653.90350342
1678	655.05120850
1679	657.61419678
1680	653.92297363
1681	654.63299561
1682	654.79992676
1683	655.49523926
1684	656.18145752
1685	655.73663330
1686	655.59069824
1687	657.11267090
1688	654.81359863
1689	653.34576416
1690	655.24121094
1691	654.97973633
1692	654.08935547
1693	655.63220215
1694	655.30920410
1695	654.87347412
1696	655.45434570
1697	654.10705566
1698	654.44812012
1699	652.52349854
1700	654.08905029
1701	655.28894043
1702	654.69531250
1703	654.53509521
1704	657.08837891
1705	653.22717285
1706	653.75073242
1707	654.45941162
1708	653.14135742
1709	654.76635742
1710	655.81591797
1711	654.43469238
1712	655.97448730
1713	654.98437500
1714	654.45739746
1715	655.05438232
1716	654.19042969
1717	653.12762451
1718	655.83862305
1719	654.97473145
1720	655.22222900
1721	656.50805664
1722	653.57684326
1723	654.62646484
1724	654.28393555
1725	653.83715820
1726	651.79296875
1727	651.97570801
1728	655.04577637
1729	655.25567627
1730	653.48889160
1731	653.05395508
1732	652.69976807
1733	652.87084961
1734	653.72808838
1735	654.06829834
1736	652.88323975
1737	655.79418945
1738	654.54827881
1739	652.96734619
1740	653.40423584
1741	653.40618896
1742	653.38751221
1743	654.41430664
1744	653.65155029
1745	653.82446289
1746	655.28845215
1747	652.65234375
1748	652.95983887
1749	653.40441895
1750	652.07800293
1751	653.72015381
1752	653.21374512
1753	653.13366699
1754	654.55322266
1755	651.21594238
1756	651.91705322
1757	652.77069092
1758	651.30737305
1759	652.05975342
1760	652.05224609
1761	651.81121826
1762	652.55554199
1763	652.00457764
1764	650.86633301
1765	653.47644043
1766	647.88635254
1767	651.99114990
1768	652.13122559
1769	651.46813965
1770	651.36749268
1771	653.10003662
1772	651.74084473
1773	652.17083740
1774	652.35455322
1775	651.12756348
1776	652.18829346
1777	651.54595947
1778	651.38562012
1779	653.95159912
1780	650.78338623
1781	652.17895508
1782	650.86419678
1783	650.67724609
1784	651.62762451
1785	651.35565186
1786	651.04486084
1787	652.55474854
1788	650.60699463
1789	650.60974121
1790	652.00402832
1791	650.42999268
1792	650.05346680
1793	653.18115234
1794	654.00915527
1795	651.46081543
1796	650.99975586
1797	651.74298096
1798	650.23901367
1799	650.77624512
1800	650.76275635
1801	652.57330322
1802	652.08038330
1803	650.95233154
1804	651.92675781
1805	650.33154297
1806	651.12847900
1807	650.33593750
1808	650.34570312
1809	650.48443604
1810	651.44299316
1811	650.94311523
1812	652.02886963
1813	650.69934082
1814	649.38598633
1815	649.72705078
1816	649.80773926
1817	651.72314453
1818	651.52215576
1819	650.85485840
1820	652.42456055
1821	653.54016113
1822	650.43133545
1823	652.35260010
1824	653.10235596
1825	651.29516602
1826	653.45300293
1827	652.50860596
1828	652.61053467
1829	655.26428223
1830	651.48431396
1831	652.17968750
1832	652.35455322
1833	652.26055908
1834	652.76947021
1835	652.33062744
1836	652.96990967
1837	654.04046631
1838	652.88281250
1839	652.09790039
1840	652.17718506
1841	651.47979736
1842	652.06884766
1843	654.32720947
1844	652.32739258
1845	653.20483398
1846	653.45489502
1847	652.79559326
1848	651.72857666
1849	652.52496338
1850	652.51367188
1851	653.88983154
1852	651.98632812
1853	653.77154541
1854	654.72723389
1855	652.53399658
1856	652.17980957
1857	652.87274170
1858	652.97399902
1859	653.81304932
1860	654.07952881
1861	654.26562500
1862	654.04895020
1863	651.99853516
1864	653.58319092
1865	652.43292236
1866	652.69683838
1867	653.20483398
1868	653.35894775
1869	651.90692139
1870	653.19897461
1871	654.32501221
1872	651.99975586
1873	653.03814697
1874	653.14373779
1875	653.22338867
1876	654.67291260
1877	652.76489258
1878	652.77996826
1879	656.12896729
1880	653.32012939
1881	652.97143555
1882	652.55133057
1883	653.65637207
1884	654.59802246
1885	654.51617432
1886	653.31207275
1887	655.00457764
1888	653.40594482
1889	652.17578125
1890	656.19531250
1891	652.87609863
1892	651.72406006
1893	654.40283203
1894	652.76611328
1895	654.24566650
1896	654.15698242
1897	652.35223389
1898	652.86566162
1899	652.43145752
1900	651.10443115
1901	655.54327393
1902	654.17791748
1903	652.52313232
1904	656.12713623
1905	652.35107422
1906	653.66186523
1907	653.39514160
1908	653.31506348
1909	653.01312256
1910	653.88928223
1911	652.63641357
1912	655.44348145
1913	653.14166260
1914	652.61755371
1915	652.77581787
1916	652.16156006
1917	651.97497559
1918	653.88391113
1919	651.20104980
1920	652.31671143
1921	655.02941895
1922	651.64282227
1923	651.28741455
1924	652.16943359
1925	651.98767090
1926	654.66589355
1927	652.50170898
1928	652.94531250
1929	652.87829590
1930	653.92828369
1931	652.34582520
1932	654.08410645
1933	651.89447021
1934	654.59484863
1935	655.29699707
1936	652.51977539
1937	654.46746826
1938	653.83734131
1939	652.96209717
1940	652.51422119
1941	652.34368896
1942	652.32568359
1943	653.96478271
1944	652.41369629
1945	653.62292480
1946	653.28125000
1947	652.26147461
1948	652.24548340
1949	653.47668457
1950	652.23065186
1951	654.31164551
1952	653.20861816
1953	653.47796631
1954	655.51477051
1955	653.12811279
1956	652.16931152
1957	652.60461426
1958	653.49230957
1959	650.51989746
1960	653.18981934
1961	652.06854248
1962	654.73046875
1963	653.75018311
1964	653.39819336
1965	651.90368652
1966	652.07537842
1967	651.44653320
1968	654.23754883
1969	651.69586182
1970	652.13421631
1971	653.27947998
1972	650.67675781
1973	651.46228027
1974	651.03045654
1975	651.80847168
1976	653.51928711
1977	653.01403809
1978	651.02014160
1979	652.53131104
1980	651.46789551
1981	651.28277588
1982	651.72729492
1983	650.66680908
1984	651.87603760
1985	653.18695068
1986	652.51519775
1987	653.76873779
1988	651.33001709
1989	652.69287109
1990	653.03668213
1991	651.73461914
1992	652.40460205
1993	653.96569824
1994	652.32885742
1995	652.74761963
1996	651.97570801
1997	650.41912842
1998	651.90008545
1999	651.63903809
2000	651.36560059
2001	652.29437256
2002	651.80084229
2003	651.55236816
2004	652.88153076
2005	650.50122070
2006	650.85894775
2007	651.37835693
2008	651.22314453
2009	652.21765137
2010	652.83880615
2011	652.16064453
2012	653.85461426
2013	652.00341797
2014	652.08410645
2015	652.06518555
2016	650.05255127
2017	651.41156006
2018	653.17883301
2019	653.12054443
2020	653.27252197
2021	653.89465332
2022	651.38055420
2023	652.77526855
2024	651.64343262
2025	650.76208496
2026	652.55841064
2027	653.65301514
2028	652.33447266
2029	653.85321045
2030	652.26153564
2031	650.85394287
2032	651.99206543
2033	651.28540039
2034	652.31451416
2035	651.28149414
2036	653.48645020
2037	654.30078125
2038	652.61303711
2039	651.91528320
2040	653.83172607
2041	652.52844238
2042	652.23632812
2043	654.23712158
2044	653.38836670
2045	653.80438232
2046	654.05297852
2047	652.96795654
2048	653.65216064
2049	653.66223145
2050	652.59759521
2051	653.09283447
2052	652.50982666
2053	652.60168457
2054	652.46148682
2055	651.82482910
2056	652.87329102
2057	652.08074951
2058	652.26672363
2059	652.31542969
2060	653.45892334
2061	651.54669189
2062	654.29913330
2063	652.09332275
2064	652.87603760
2065	653.12591553
2066	651.81280518
2067	652.76721191
2068	654.59277344
2069	652.25476074
2070	654.41363525
2071	654.77935791
2072	653.66674805
2073	654.36273193
2074	653.31762695
2075	652.51702881
2076	655.72198486
2077	654.43054199
2078	654.53527832
2079	656.40435791
2080	654.19134521
2081	653.75280762
2082	654.45214844
2083	655.22906494
2084	655.47143555
2085	653.72344971
2086	654.37335205
2087	655.61755371
2088	653.67388916
2089	653.32092285
2090	654.45013428
2091	652.35937500
2092	653.28430176
2093	655.73046875
2094	651.64660645
2095	653.89282227
2096	654.08386230
2097	653.84729004
2098	654.09808350
2099	654.71655273
2100	653.12878418
2101	655.63494873
2102	655.05401611
2103	654.28063965
2104	656.32562256
2105	653.58410645
2106	653.49035645
2107	653.74652100
2108	653.05822754
2109	654.67749023
2110	654.07916260
2111	654.53045654
2112	655.60620117
2113	653.84545898
2114	653.40368652
2115	652.61151123
2116	653.30773926
2117	653.64160156
2118	655.72595215
2119	653.04754639
2120	654.67749023
2121	654.26153564
2122	652.52966309
2123	653.97631836
2124	653.84613037
2125	653.13470459
2126	654.49359131
2127	653.55554199
2128	654.79260254
2129	655.78759766
2130	653.66558838
2131	653.75799561
2132	656.55572510
2133	653.62896729
2134	654.34442139
2135	653.99554443
2136	653.40521240
2137	655.78796387
2138	652.62805176
2139	652.44372559
2140	653.30712891
2141	652.35803223
2142	653.46502686
2143	654.32305908
2144	653.29968262
2145	654.33105469
2146	652.94885254
2147	652.61651611
2148	651.90203857
2149	652.26220703
2150	652.06976318
2151	654.85083008
2152	654.00543213
2153	653.83520508
2154	654.82836914
2155	653.49114990
2156	652.44055176
2157	652.87677002
2158	652.35760498
2159	654.94085693
2160	653.81579590
2161	655.05432129
2162	655.52337646
2163	654.11199951
2164	653.15173340
2165	652.61431885
2166	652.69842529
2167	653.82269287
2168	655.02929688
2169	653.04968262
2170	654.40301514
2171	654.53253174
2172	652.96398926
2173	653.40777588
2174	653.23126221
2175	652.42999268
2176	654.83679199
2177	653.55816650
2178	653.91619873
2179	655.09460449
2180	654.10815430
2181	652.87078857
2182	653.13470459
2183	653.12615967
2184	654.60241699
2185	654.08166504
2186	653.31561279
2187	656.21734619
2188	654.10675049
2189	653.66534424
2190	652.87084961
2191	653.07189941
2192	653.46374512
2193	655.11505127
2194	653.03997803
2195	654.32226562
2196	654.53027344
2197	653.22686768
2198	653.74243164
2199	654.97576904
2200	652.07263184
2201	654.75659180
2202	654.09155273
2203	653.12890625
2204	655.97448730
2205	652.78826904
2206	653.14111328
2207	653.31616211
2208	653.23248291
2209	655.29119873
2210	654.31274414
2211	653.74737549
2212	654.73590088
2213	653.06262207
2214	652.62329102
2215	652.35302734
2216	652.87609863
2217	653.65246582
2218	653.46820068
2219	652.26171875
2220	654.25793457
2221	654.08953857
2222	652.35382080
2223	652.51959229
2224	651.65179443
2225	652.07873535
2226	654.40917969
2227	653.55395508
2228	651.89031982
2229	652.55444336
2230	652.26727295
2231	652.69543457
2232	653.12847900
2233	652.85980225
2234	654.50451660
2235	653.20446777
2236	652.87884521
2237	654.73358154
2238	652.61419678
2239	652.89569092
2240	652.78424072
2241	652.44281006
2242	652.06292725
2243	654.23895264
2244	652.68878174
2245	653.89135742
2246	653.91632080
2247	651.64611816
2248	650.59442139
2249	650.31610107
2250	650.76141357
2251	652.03674316
2252	651.73040771
2253	651.10809326
2254	653.87036133
2255	651.82727051
2256	652.87548828
2257	651.99768066
2258	653.73199463
2259	653.70532227
2260	654.42553711
2261	651.81573486
2262	655.43383789
2263	652.97174072
2264	653.57952881
2265	652.87121582
2266	652.95794678
2267	652.06750488
2268	654.60235596
2269	653.75366211
2270	653.35552979
2271	653.66210938
2272	652.52923584
2273	652.87298584
2274	652.09350586
2275	650.32348633
2276	655.18756104
2277	654.60516357
2278	651.36035156
2279	653.78717041
2280	650.68884277
2281	653.31152344
2282	652.43066406
2283	652.24536133
2284	653.54278564
2285	654.08050537
2286	651.12445068
2287	652.78472900
2288	652.18524170
2289	651.65051270
2290	652.43255615
2291	652.43804932
2292	652.06030273
2293	654.68292236
2294	653.47631836
2295	654.32135010
2296	652.17083740
2297	651.74475098
2298	652.25396729
2299	652.34008789
2300	653.11981201
2301	653.87713623
2302	652.94891357
2303	652.15618896
2304	654.22497559
2305	651.65625000
2306	651.73107910
2307	651.29547119
2308	651.46875000
2309	653.09674072
2310	653.10815430
2311	652.16577148
2312	653.94348145
2313	651.73626709
2314	652.00524902
2315	651.12390137
2316	651.61560059
2317	652.67059326
2318	653.97949219
2319	653.22271729
2320	654.57672119
2321	654.27221680
2322	653.31781006
2323	654.36114502
2324	648.68634033
2325	651.89697266
2326	653.94995117
2327	653.12335205
2328	654.26074219
2329	654.13116455
2330	652.00463867
2331	651.21325684
2332	652.17590332
2333	652.16674805
2334	652.93151855
2335	653.91204834
2336	650.07409668
2337	653.07043457
2338	651.74987793
2339	652.00726318
2340	652.43676758
2341	651.83825684
2342	651.27600098
2343	653.81072998
2344	650.14996338
2345	653.27947998
2346	653.48547363
2347	652.09307861
2348	651.90789795
2349	652.17175293
2350	652.07177734
2351	654.93353271
2352	653.56768799
2353	652.24462891
2354	655.00360107
2355	653.13079834
2356	652.69622803
2357	652.43927002
2358	651.91033936
2359	653.18609619
2360	652.93994141
2361	653.21466064
2362	655.17553711
2363	653.85791016
2364	650.25805664
2365	652.44116211
2366	650.94396973
2367	652.85705566
2368	653.11114502
2369	651.47692871
2370	654.13549805
2371	653.74993896
2372	652.70721436
2373	653.76226807
2374	651.61260986
2375	651.46740723
2376	654.41326904
2377	653.56341553
2378	653.82720947
2379	655.19293213
2380	652.53027344
2381	652.17297363
2382	652.45031738
2383	651.72888184
2384	654.17272949
2385	654.08953857
2386	652.70373535
2387	654.46966553
2388	652.35656738
2389	652.18072510
2390	651.64941406
2391	651.13867188
2392	653.72912598
2393	651.87945557
2394	652.78106689
2395	653.34802246
2396	652.08532715
2397	651.65460205
2398	651.46838379
2399	651.55749512
2400	652.59521484
2401	654.23229980
2402	650.59039307
2403	653.53881836
2404	655.45953369
2405	652.61041260
2406	652.08959961
2407	654.01403809
2408	652.61444092
2409	654.15270996
2410	653.64556885
2411	652.17834473
2412	654.47100830
2413	651.83489990
2414	652.79644775
2415	652.61254883
2416	651.73168945
2417	652.94036865
2418	654.25305176
2419	652.08416748
2420	654.05822754
2421	654.54022217
2422	652.98638916
2423	652.96130371
2424	652.35894775
2425	652.24871826
2426	654.06030273
2427	653.21014404
2428	652.33795166
2429	655.72192383
2430	652.61303711
2431	652.96154785
2432	652.62579346
2433	652.07708740
2434	653.88702393
2435	653.73559570
2436	652.18420410
2437	654.82580566
2438	651.56994629
2439	653.14349365
2440	652.61773682
2441	651.65783691
2442	653.11047363
2443	654.15765381
2444	651.46270752
2445	654.48809814
2446	653.30981445
2447	651.74682617
2448	651.81530762
2449	652.08160400
2450	652.94335938
2451	654.72387695
2452	653.12646484
2453	651.63201904
2454	655.09814453
2455	652.00152588
2456	652.60620117
2457	652.96417236
2458	652.25903320
2459	656.16064453
2460	655.91992188
2461	653.40612793
2462	654.82177734
2463	653.13970947
2464	653.40948486
2465	652.34802246
2466	652.78271484
2467	652.59375000
2468	654.42382812
2469	652.87249756
2470	654.13031006
2471	653.22363281
2472	651.91198730
2473	652.95477295
2474	650.95214844
2475	650.49029541
2476	653.09155273
2477	650.66741943
2478	651.80139160
2479	655.36468506
2480	652.57818604
2481	650.93994141
2482	651.81774902
2483	651.19696045
2484	652.56713867
2485	652.94439697
2486	650.77313232
2487	653.59362793
2488	652.52020264
2489	651.55859375
2490	651.91827393
2491	651.65625000
2492	651.62017822
2493	652.83978271
2494	651.72479248
2495	652.20892334
2496	652.08789062
2497	650.34057617
2498	650.68035889
2499	654.09759521
2500	650.75134277
2501	651.95758057
2502	650.59191895
2503	651.62841797
2504	651.96020508
2505	651.20794678
2506	651.20220947
2507	649.89508057
2508	650.06872559
2509	651.74700928
2510	652.06927490
2511	650.58831787
2512	652.45855713
2513	651.82781982
2514	651.38970947
2515	651.20800781
2516	651.63836670
2517	651.43688965
2518	652.50799561
2519	651.03082275
2520	652.81341553
2521	653.31109619
2522	650.41943359
2523	651.28796387
2524	650.86230469
2525	649.87768555
2526	651.86444092
2527	649.70294189
2528	653.28338623
2529	652.39306641
2530	650.77349854
2531	651.38305664
2532	650.86010742
2533	650.76281738
2534	653.35998535
2535	651.63549805
2536	650.68762207
2537	652.80474854
2538	651.09069824
2539	651.30426025
2540	652.08685303
2541	652.62402344
2542	651.97216797
2543	653.37268066
2544	652.25579834
2545	653.16894531
2546	652.17449951
2547	653.67498779
2548	651.71881104
2549	651.99737549
2550	652.07000732
2551	654.76184082
2552	652.43200684
2553	652.33325195
2554	654.15252686
2555	650.41900635
2556	651.73291016
2557	652.24029541
2558	651.82104492
2559	653.27362061
2560	653.20172119
2561	652.16119385
2562	654.73730469
2563	652.25799561
2564	652.61450195
2565	653.91925049
2566	654.79016113
2567	653.89605713
2568	654.50842285
2569	654.09729004
2570	655.88256836
2571	654.54113770
2572	653.04846191
2573	653.56976318
2574	653.75256348
2575	653.81909180
2576	653.61956787
2577	653.22106934
2578	653.98687744
2579	655.46362305
2580	652.25952148
2581	652.51940918
2582	653.48663330
2583	651.89672852
2584	653.53057861
2585	654.70330811
2586	650.56390381
2587	654.64300537
2588	651.74108887
2589	653.13983154
2590	652.87677002
2591	652.09313965
2592	653.36993408
2593	655.03607178
2594	652.60186768
2595	653.68682861
2596	653.93963623
2597	653.58593750
2598	653.74407959
2599	653.65826416
2600	653.29608154
2601	654.93933105
2602	653.91674805
2603	653.63793945
2604	654.68078613
2605	652.34661865
2606	652.43249512
2607	652.17309570
2608	651.64874268
2609	654.41210938
2610	653.11022949
2611	651.80725098
2612	655.69549561
2613	651.38757324
2614	651.73400879
2615	653.41571045
2616	651.64013672
2617	653.19824219
2618	652.84918213
2619	651.90704346
2620	654.39489746
2621	654.10760498
2622	652.79754639
2623	652.70135498
2624	651.13073730
2625	654.26190186
2626	654.85455322
2627	653.38800049
2628	654.07781982
2629	654.85552979
2630	652.79278564
2631	651.64306641
2632	653.49127197
2633	652.16357422
2634	654.94287109
2635	652.58471680
2636	651.29797363
2637	654.65307617
2638	652.08972168
2639	651.64770508
2640	653.74963379
2641	652.00622559
2642	654.33386230
2643	654.06445312
2644	652.13641357
2645	654.31091309
2646	654.27777100
2647	654.01342773
2648	653.30578613
2649	653.57092285
2650	653.11791992
2651	654.93542480
2652	654.17767334
2653	653.02099609
2654	655.89196777
2655	651.82165527
2656	654.36370850
2657	653.05078125
2658	653.13830566
2659	653.18304443
2660	654.60681152
2661	652.86376953
2662	655.96447754
2663	650.68658447
2664	652.52496338
2665	652.69519043
2666	652.52020264
2667	653.72546387
2668	653.81170654
2669	652.78710938
2670	654.39025879
2671	654.19177246
2672	652.79541016
2673	654.10375977
2674	653.14160156
2675	653.73278809
2676	656.06939697
2677	653.38122559
2678	654.16033936
2679	656.16503906
2680	652.34399414
2681	652.95074463
2682	653.03948975
2683	652.33050537
2684	654.58111572
2685	653.29089355
2686	653.12683105
2687	655.43249512
2688	651.90551758
2689	652.86718750
2690	653.03948975
2691	648.84039307
2692	652.92681885
2693	652.58343506
2694	651.98406982
2695	652.89526367
2696	652.08367920
2697	652.08410645
2698	652.25439453
2699	652.42687988
2700	651.61932373
2701	654.31695557
2702	652.80419922
2703	652.92559814
2704	655.81335449
2705	652.43371582
2706	653.91461182
2707	652.00598145
2708	652.78344727
2709	654.66424561
2710	651.54302979
2711	652.86285400
2712	654.47143555
2713	652.34857178
2714	652.78747559
2715	652.52032471
2716	651.90618896
2717	653.02294922
2718	653.28820801
2719	651.55853271
2720	652.90008545
2721	655.33599854
2722	652.43322754
2723	652.59930420
2724	652.43725586
2725	651.53631592
2726	653.96856689
2727	651.80566406
2728	652.48681641
2729	654.94226074
2730	653.57250977
2731	652.59564209
2732	652.08026123
2733	652.41583252
2734	653.27325439
2735	652.86163330
2736	652.25653076
2737	654.47259521
2738	652.78472900
2739	653.74560547
2740	653.57427979
2741	652.87103271
2742	652.75689697
2743	653.28649902
2744	653.12902832
2745	653.16418457
2746	652.78668213
2747	651.91339111
2748	652.77972412
2749	653.92871094
2750	650.97961426
2751	653.09417725
2752	652.07281494
2753	651.96270752
2754	653.54699707
2755	650.68426514
2756	651.02386475
2757	651.47717285
2758	651.37060547
2759	655.09844971
2760	652.46691895
2761	652.59777832
2762	655.00000000
2763	651.90606689
2764	652.51898193
2765	652.08001709
2766	652.33337402
2767	653.01843262
2768	653.72406006
2769	652.78594971
2770	654.12609863
2771	653.22790527
2772	652.27044678
2773	653.39849854
2774	651.73999023
2775	651.53613281
2776	654.14868164
2777	653.47393799
2778	652.84356689
2779	653.55682373
2780	653.40539551
2781	652.94976807
2782	652.52246094
2783	652.42022705
2784	653.79486084
2785	652.94293213
2786	652.34362793
2787	656.57159424
2788	653.75158691
2789	653.30541992
2790	653.30993652
2791	652.71099854
2792	653.98187256
2793	654.24768066
2794	654.09100342
2795	654.82891846
2796	654.36932373
2797	654.46331787
2798	652.60937500
2799	653.23181152
2800	653.72698975
2801	655.11383057
2802	652.95727539
2803	652.75592041
2804	654.07519531
2805	651.91235352
2806	652.95812988
2807	653.83984375
2808	654.34332275
2809	653.43981934
2810	654.95581055
2811	653.82843018
2812	655.78894043
2813	652.96063232
2814	653.48626709
2815	655.14892578
2816	652.68725586
2817	654.24237061
2818	655.66052246
2819	654.27020264
2820	656.31304932
2821	654.97570801
2822	654.10632324
2823	655.15484619
2824	654.10772705
2825	654.16278076
2826	657.47772217
2827	658.72778320
2828	654.16003418
2829	654.60321045
2830	653.05291748
2831	653.91577148
2832	652.52441406
2833	653.12060547
2834	654.75341797
2835	653.73059082
2836	653.03649902
2837	656.13476562
2838	653.31127930
2839	652.16784668
2840	653.74108887
2841	651.65075684
2842	653.53594971
2843	655.03521729
2844	653.21087646
2845	656.39868164
2846	653.66693115
2847	652.78845215
2848	652.78320312
2849	653.48065186
2850	652.94055176
2851	653.97503662
2852	652.69055176
2853	654.24749756
2854	653.81414795
2855	653.83923340
2856	652.69567871
2857	651.99597168
2858	651.02685547
2859	653.61907959
2860	652.75946045
2861	651.80908203
2862	653.59741211
2863	651.29284668
2864	651.21240234
2865	651.28863525
2866	650.85180664
2867	651.79071045
2868	652.67303467
2869	651.11456299
2870	653.15588379
2871	653.13055420
2872	651.12353516
2873	651.90325928
2874	653.65869141
2875	652.23809814
2876	652.92022705
2877	651.18811035
2878	652.74621582
2879	653.02575684
2880	651.55676270
2881	652.25238037
2882	651.02502441
2883	650.75573730
2884	651.42120361
2885	650.62292480
2886	650.75946045
2887	653.15405273
2888	650.32226562
2889	650.76403809
2890	650.41949463
2891	648.58001709
2892	650.47222900
2893	651.61523438
2894	648.91796875
2895	652.28845215
2896	651.29077148
2897	649.63250732
2898	650.76318359
2899	651.28973389
2900	650.30133057
2901	653.00677490
2902	650.93560791
2903	651.77624512
2904	652.67700195
2905	650.50415039
2906	651.46447754
2907	650.15686035
2908	650.23199463
2909	651.51361084
2910	650.92480469
2911	649.43945312
2912	652.10699463
2913	647.08905029
2914	649.75946045
2915	648.74926758
2916	647.68914795
2917	649.24774170
2918	650.31085205
2919	649.09625244
2920	651.22241211
2921	649.10266113
2922	649.80169678
2923	651.37457275
2924	649.68316650
2925	649.77795410
2926	651.07293701
2927	651.18713379
2928	651.16265869
2929	651.62988281
2930	650.76861572
2931	650.40966797
2932	649.62841797
2933	651.28021240
2934	652.38580322
2935	651.45294189
2936	652.07501221
2937	653.68774414
2938	651.29376221
2939	651.29418945
2940	651.20593262
2941	649.98675537
2942	651.52325439
2943	652.50415039
2944	651.54016113
2945	653.59326172
2946	651.46862793
2947	651.91021729
2948	651.37622070
2949	653.04180908
2950	651.88214111
2951	654.84484863
2952	654.34851074
2953	652.28527832
2954	655.56231689
2955	651.90045166
2956	653.47955322
2957	652.78479004
2958	651.36834717
2959	654.48724365
2960	652.40917969
2961	650.83874512
2962	653.16510010
2963	651.55346680
2964	651.46673584
2965	653.30541992
2966	652.76226807
2967	652.66241455
2968	653.54620361
2969	652.16278076
2970	654.81933594
2971	653.92175293
2972	651.28430176
2973	652.60742188
2974	650.94268799
2975	651.70166016
2976	654.14471436
2977	652.32147217
2978	653.51892090
2979	654.51574707
2980	652.78851318
2981	652.60546875
2982	653.49542236
2983	653.72845459
2984	655.80853271
2985	654.51818848
2986	653.12579346
2987	656.14172363
2988	653.21929932
2989	652.87182617
2990	653.22656250
2991	651.74114990
2992	654.50720215
2993	655.03656006
2994	653.92126465
2995	656.74755859
2996	653.22680664
2997	652.79559326
2998	653.47967529
2999	653.65997314
3000	654.76757812