	C:\Users\jkuzm\OneDrive - University of Massachusetts\HRSL x UMILL-PUMA Fatigue - Fatigue\Data\F01\FR3_static3.c3d _ImpedanceExport
	LCAL2
	TARGET
	ORIGINAL
ITEM	Y
1	0.28050977
2	0.28053787
3	0.28050604
4	0.28049126
5	0.28047901
6	0.28044412
7	0.28045538
8	0.28048211
9	0.28046432
10	0.28045949
11	0.28046179
12	0.28046721
13	0.28041407
14	0.28044412
15	0.28041005
16	0.28040686
17	0.28040671
18	0.28040653
19	0.28041425
20	0.28036454
21	0.28042254
22	0.28040695
23	0.28040874
24	0.28041404
25	0.28040063
26	0.28037539
27	0.28037176
28	0.28037018
29	0.28037933
30	0.28034988
31	0.28037697
32	0.28038421
33	0.28036928
34	0.28038082
35	0.28038689
36	0.28037202
37	0.28035247
38	0.28034791
39	0.28032035
40	0.28032511
41	0.28033674
42	0.28030387
43	0.28032720
44	0.28033504
45	0.28031355
46	0.28028718
47	0.28026956
48	0.28030056
49	0.28028628
50	0.28028998
51	0.28026268
52	0.28028780
53	0.28029174
54	0.28030151
55	0.28026953
56	0.28026363
57	0.28025830
58	0.28029162
59	0.28029436
60	0.28025427
61	0.28025761
62	0.28024369
63	0.28027162
64	0.28028148
65	0.28032449
66	0.28031933
67	0.28032577
68	0.28031841
69	0.28031373
70	0.28033692
71	0.28033230
72	0.28031355
73	0.28033096
74	0.28030464
75	0.28032359
76	0.28034714
77	0.28038409
78	0.28036454
79	0.28036928
80	0.28037065
81	0.28037930
82	0.28035295
83	0.28037494
84	0.28035355
85	0.28036356
86	0.28031561
87	0.28032452
88	0.28036565
89	0.28037724
90	0.28035554
91	0.28032610
92	0.28033432
93	0.28036323
94	0.28034443
95	0.28034881
96	0.28033760
97	0.28033984
98	0.28036910
99	0.28037682
100	0.28037539
101	0.28036237
102	0.28039429
103	0.28035712
104	0.28041136
105	0.28037626
106	0.28039739
107	0.28038675
108	0.28041109
109	0.28040755
110	0.28041023
111	0.28042445
112	0.28043044
113	0.28043088
114	0.28043574
115	0.28043202
116	0.28041357
117	0.28043532
118	0.28045428
119	0.28046405
120	0.28046495
121	0.28048137
122	0.28046790
123	0.28049394
124	0.28049141
125	0.28046730
126	0.28045633
127	0.28048414
128	0.28046021
129	0.28044581
130	0.28045726
131	0.28043017
132	0.28045842
133	0.28047642
134	0.28047374
135	0.28047013
136	0.28046659
137	0.28047115
138	0.28044713
139	0.28042379
140	0.28047648
141	0.28043020
142	0.28042921
143	0.28045377
144	0.28043583
145	0.28041941
146	0.28041875
147	0.28042823
148	0.28044665
149	0.28043464
150	0.28039402
151	0.28042689
152	0.28042340
153	0.28041908
154	0.28042942
155	0.28040734
156	0.28043279
157	0.28042534
158	0.28040656
159	0.28039297
160	0.28038678
161	0.28040370
162	0.28040284
163	0.28043640
164	0.28041500
165	0.28039548
166	0.28045326
167	0.28042835
168	0.28039792
169	0.28041556
170	0.28040475
171	0.28039074
172	0.28041357
173	0.28039345
174	0.28038773
175	0.28041178
176	0.28042552
177	0.28045401
178	0.28044978
179	0.28042570
180	0.28042823
181	0.28040943
182	0.28041562
183	0.28041446
184	0.28039905
185	0.28043821
186	0.28041494
187	0.28041378
188	0.28045577
189	0.28043461
190	0.28041479
191	0.28041598
192	0.28038958
193	0.28039601
194	0.28039706
195	0.28036645
196	0.28038952
197	0.28038761
198	0.28038564
199	0.28043053
200	0.28034320
201	0.28037670
202	0.28034803
203	0.28033605
204	0.28036726
205	0.28034145
206	0.28032944
207	0.28032783
208	0.28034160
209	0.28036866
210	0.28037512
211	0.28037509
212	0.28033131
213	0.28035918
214	0.28033322
215	0.28036454
216	0.28035069
217	0.28035522
218	0.28035301
219	0.28033909
220	0.28034705
221	0.28043023
222	0.28037587
223	0.28038570
224	0.28034785
225	0.28037637
226	0.28036648
227	0.28035453
228	0.28040719
229	0.28039044
230	0.28039759
231	0.28040603
232	0.28039637
233	0.28044674
234	0.28038719
235	0.28042293
236	0.28041491
237	0.28040531
238	0.28040719
239	0.28041363
240	0.28040332
241	0.28043461
242	0.28042734
243	0.28041136
244	0.28045881
245	0.28043383
246	0.28044334
247	0.28045204
248	0.28037724
249	0.28042421
250	0.28042904
251	0.28041527
252	0.28045833
253	0.28046262
254	0.28044987
255	0.28045735
256	0.28044435
257	0.28042254
258	0.28044638
259	0.28044200
260	0.28043887
261	0.28043705
262	0.28044251
263	0.28049240
264	0.28045210
265	0.28045654
266	0.28047639
267	0.28047279
268	0.28046495
269	0.28045124
270	0.28045815
271	0.28043994
272	0.28044769
273	0.28046462
274	0.28045943
275	0.28043702
276	0.28045952
277	0.28049132
278	0.28046644
279	0.28046712
280	0.28042239
281	0.28044856
282	0.28045446
283	0.28043213
284	0.28044552
285	0.28044760
286	0.28044286
287	0.28043196
288	0.28043163
289	0.28042659
290	0.28043297
291	0.28039634
292	0.28038695
293	0.28039572
294	0.28036535
295	0.28039658
296	0.28041863
297	0.28038189
298	0.28039297
299	0.28038579
300	0.28040358
301	0.28037077
302	0.28036144
303	0.28035256
304	0.28035936
305	0.28039256
306	0.28036740
307	0.28038335
308	0.28037041
309	0.28038591
310	0.28038210
311	0.28035814
312	0.28036076
313	0.28035408
314	0.28035524
315	0.28036851
316	0.28035861
317	0.28035930
318	0.28035960
319	0.28037047
320	0.28036335
321	0.28038883
322	0.28036517
323	0.28037933
324	0.28037676
325	0.28037229
326	0.28037438
327	0.28034404
328	0.28034210
329	0.28037363
330	0.28035668
331	0.28033504
332	0.28032196
333	0.28035697
334	0.28032938
335	0.28031808
336	0.28031734
337	0.28033102
338	0.28033376
339	0.28032839
340	0.28037152
341	0.28036898
342	0.28036445
343	0.28037426
344	0.28038612
345	0.28039318
346	0.28039199
347	0.28037944
348	0.28039065
349	0.28038418
350	0.28040355
351	0.28041372
352	0.28042918
353	0.28042573
354	0.28046355
355	0.28045124
356	0.28044420
357	0.28041446
358	0.28044114
359	0.28045601
360	0.28047392
361	0.28046009
362	0.28050715
363	0.28048655
364	0.28051659
365	0.28051522
366	0.28050786
367	0.28051722
368	0.28054473
369	0.28052583
370	0.28053889
371	0.28055677
372	0.28055120
373	0.28058419
374	0.28054905
375	0.28058299
376	0.28055587
377	0.28055829
378	0.28055957
379	0.28058934
380	0.28055775
381	0.28054816
382	0.28057915
383	0.28057194
384	0.28057772
385	0.28058913
386	0.28059876
387	0.28058228
388	0.28062335
389	0.28058138
390	0.28059614
391	0.28056675
392	0.28058979
393	0.28057468
394	0.28054392
395	0.28057301
396	0.28054094
397	0.28054565
398	0.28061426
399	0.28060576
400	0.28057390
401	0.28058028
402	0.28054219
403	0.28054389
404	0.28054634
405	0.28056791
406	0.28053841
407	0.28056157
408	0.28055942
409	0.28053743
410	0.28052604
411	0.28055659
412	0.28054604
413	0.28051943
414	0.28052917
415	0.28054968
416	0.28053048
417	0.28054878
418	0.28053188
419	0.28055367
420	0.28055346
421	0.28053322
422	0.28053346
423	0.28054002
424	0.28052181
425	0.28052393
426	0.28050458
427	0.28053898
428	0.28048515
429	0.28050959
430	0.28054029
431	0.28052637
432	0.28055432
433	0.28055653
434	0.28054804
435	0.28053004
436	0.28052106
437	0.28053495
438	0.28053302
439	0.28054416
440	0.28055662
441	0.28058478
442	0.28057036
443	0.28060260
444	0.28057632
445	0.28058618
446	0.28060132
447	0.28058916
448	0.28059912
449	0.28060874
450	0.28060704
451	0.28063375
452	0.28063086
453	0.28065979
454	0.28066355
455	0.28063786
456	0.28061366
457	0.28067562
458	0.28063220
459	0.28063363
460	0.28064629
461	0.28063884
462	0.28063747
463	0.28061262
464	0.28061926
465	0.28062242
466	0.28060064
467	0.28061444
468	0.28057709
469	0.28060904
470	0.28058550
471	0.28057703
472	0.28061295
473	0.28059670
474	0.28059888
475	0.28059042
476	0.28060988
477	0.28062063
478	0.28060782
479	0.28059489
480	0.28062755
481	0.28063044
482	0.28058425
483	0.28062347
484	0.28064525
485	0.28067684
486	0.28065428
487	0.28067297
488	0.28067869
489	0.28066793
490	0.28067103
491	0.28068706
492	0.28067529
493	0.28072092
494	0.28072113
495	0.28071412
496	0.28071770
497	0.28074849
498	0.28073135
499	0.28074741
500	0.28076217
501	0.28076258
502	0.28076145
503	0.28077653
504	0.28078964
505	0.28080612
506	0.28080511
507	0.28082255
508	0.28084332
509	0.28083435
510	0.28081337
511	0.28083619
512	0.28085732
513	0.28085375
514	0.28084439
515	0.28084868
516	0.28087485
517	0.28087527
518	0.28089076
519	0.28087103
520	0.28090659
521	0.28091419
522	0.28090262
523	0.28089589
524	0.28090179
525	0.28088984
526	0.28088760
527	0.28089041
528	0.28090525
529	0.28086805
530	0.28087682
531	0.28088579
532	0.28088340
533	0.28089195
534	0.28089836
535	0.28087121
536	0.28087303
537	0.28087136
538	0.28088313
539	0.28088102
540	0.28088716
541	0.28088766
542	0.28087899
543	0.28084812
544	0.28083366
545	0.28085950
546	0.28086868
547	0.28084207
548	0.28082362
549	0.28083149
550	0.28083503
551	0.28085086
552	0.28084877
553	0.28084168
554	0.28086680
555	0.28086579
556	0.28082168
557	0.28081787
558	0.28083259
559	0.28085139
560	0.28083771
561	0.28082862
562	0.28084570
563	0.28085849
564	0.28082487
565	0.28078794
566	0.28082994
567	0.28080362
568	0.28081584
569	0.28080383
570	0.28078967
571	0.28074065
572	0.28076819
573	0.28077647
574	0.28080133
575	0.28078946
576	0.28075588
577	0.28075042
578	0.28074548
579	0.28072840
580	0.28073189
581	0.28072703
582	0.28074437
583	0.28071472
584	0.28070772
585	0.28069717
586	0.28071436
587	0.28071225
588	0.28070131
589	0.28067842
590	0.28065285
591	0.28064886
592	0.28066266
593	0.28063753
594	0.28066427
595	0.28066871
596	0.28068441
597	0.28070775
598	0.28070259
599	0.28070447
600	0.28065374