	C:\Users\jkuzm\OneDrive - University of Massachusetts\HRSL x UMILL-PUMA Fatigue - Fatigue\Data\F01\FR3_static3.c3d _ImpedanceExport
	RTOE
	TARGET
	ORIGINAL
ITEM	X
1	0.48237246
2	0.48238659
3	0.48239049
4	0.48237681
5	0.48235831
6	0.48235932
7	0.48236173
8	0.48235503
9	0.48235789
10	0.48236105
11	0.48235571
12	0.48234373
13	0.48235556
14	0.48235404
15	0.48235828
16	0.48236135
17	0.48236647
18	0.48234600
19	0.48233822
20	0.48234972
21	0.48233098
22	0.48233679
23	0.48234928
24	0.48234338
25	0.48235649
26	0.48235431
27	0.48233852
28	0.48235387
29	0.48233479
30	0.48233446
31	0.48235565
32	0.48233262
33	0.48231953
34	0.48232031
35	0.48232526
36	0.48232830
37	0.48234186
38	0.48232442
39	0.48233280
40	0.48232666
41	0.48232782
42	0.48232844
43	0.48229942
44	0.48229539
45	0.48230150
46	0.48230880
47	0.48230782
48	0.48231563
49	0.48231581
50	0.48231006
51	0.48230460
52	0.48231301
53	0.48230413
54	0.48231816
55	0.48232588
56	0.48230278
57	0.48230481
58	0.48230615
59	0.48231071
60	0.48231006
61	0.48229617
62	0.48230231
63	0.48230699
64	0.48230827
65	0.48229513
66	0.48232156
67	0.48230082
68	0.48231786
69	0.48232862
70	0.48231214
71	0.48231834
72	0.48232213
73	0.48232988
74	0.48231897
75	0.48232833
76	0.48233297
77	0.48232228
78	0.48232976
79	0.48232099
80	0.48234591
81	0.48233566
82	0.48234388
83	0.48234963
84	0.48235643
85	0.48234928
86	0.48234701
87	0.48233506
88	0.48234147
89	0.48230815
90	0.48231745
91	0.48232317
92	0.48233289
93	0.48233154
94	0.48234421
95	0.48231909
96	0.48231426
97	0.48232734
98	0.48233989
99	0.48233184
100	0.48231658
101	0.48234925
102	0.48236302
103	0.48235843
104	0.48235333
105	0.48238853
106	0.48237589
107	0.48237616
108	0.48236296
109	0.48235619
110	0.48235500
111	0.48236960
112	0.48238924
113	0.48237264
114	0.48236936
115	0.48238897
116	0.48240975
117	0.48237637
118	0.48240077
119	0.48239377
120	0.48239353
121	0.48239321
122	0.48238522
123	0.48239714
124	0.48240259
125	0.48241001
126	0.48242974
127	0.48242024
128	0.48239776
129	0.48240292
130	0.48240080
131	0.48240197
132	0.48241186
133	0.48239565
134	0.48238185
135	0.48240626
136	0.48239464
137	0.48238668
138	0.48241371
139	0.48239869
140	0.48241603
141	0.48239684
142	0.48238933
143	0.48238170
144	0.48237729
145	0.48238662
146	0.48240712
147	0.48239037
148	0.48238176
149	0.48239610
150	0.48239782
151	0.48235548
152	0.48238906
153	0.48238647
154	0.48237911
155	0.48237094
156	0.48237073
157	0.48236787
158	0.48237103
159	0.48238337
160	0.48235863
161	0.48237282
162	0.48236939
163	0.48238781
164	0.48236516
165	0.48237303
166	0.48237744
167	0.48236153
168	0.48236680
169	0.48237342
170	0.48238519
171	0.48238814
172	0.48238271
173	0.48237494
174	0.48236966
175	0.48237538
176	0.48238137
177	0.48237723
178	0.48237276
179	0.48236081
180	0.48236582
181	0.48238435
182	0.48238781
183	0.48238179
184	0.48236454
185	0.48235103
186	0.48234957
187	0.48236391
188	0.48237380
189	0.48237494
190	0.48236230
191	0.48236063
192	0.48237741
193	0.48236579
194	0.48235667
195	0.48234293
196	0.48234046
197	0.48234269
198	0.48234037
199	0.48234633
200	0.48235381
201	0.48232284
202	0.48234943
203	0.48233324
204	0.48234501
205	0.48234850
206	0.48233584
207	0.48233077
208	0.48233712
209	0.48233944
210	0.48231179
211	0.48237187
212	0.48233527
213	0.48232356
214	0.48232576
215	0.48232248
216	0.48234189
217	0.48234183
218	0.48233566
219	0.48232320
220	0.48235074
221	0.48235673
222	0.48234710
223	0.48234060
224	0.48233691
225	0.48236266
226	0.48235375
227	0.48234972
228	0.48236966
229	0.48237062
230	0.48235938
231	0.48236471
232	0.48236260
233	0.48237467
234	0.48236695
235	0.48234561
236	0.48237514
237	0.48235479
238	0.48236176
239	0.48236370
240	0.48234749
241	0.48235640
242	0.48236361
243	0.48236668
244	0.48235723
245	0.48236930
246	0.48236853
247	0.48235255
248	0.48236036
249	0.48236597
250	0.48236719
251	0.48235369
252	0.48236236
253	0.48234916
254	0.48236406
255	0.48234242
256	0.48234472
257	0.48234567
258	0.48237103
259	0.48233441
260	0.48236528
261	0.48236132
262	0.48234949
263	0.48235199
264	0.48236373
265	0.48233712
266	0.48235437
267	0.48235002
268	0.48236623
269	0.48235920
270	0.48236135
271	0.48236120
272	0.48237178
273	0.48236725
274	0.48237252
275	0.48237279
276	0.48235297
277	0.48234916
278	0.48236319
279	0.48239005
280	0.48238239
281	0.48236626
282	0.48237145
283	0.48237655
284	0.48237646
285	0.48235443
286	0.48237544
287	0.48236471
288	0.48237029
289	0.48236120
290	0.48237976
291	0.48234898
292	0.48235846
293	0.48235595
294	0.48234126
295	0.48235315
296	0.48233581
297	0.48234221
298	0.48235226
299	0.48234549
300	0.48234987
301	0.48234430
302	0.48236397
303	0.48235121
304	0.48235554
305	0.48236910
306	0.48236722
307	0.48235491
308	0.48235869
309	0.48235649
310	0.48237997
311	0.48236692
312	0.48236507
313	0.48235971
314	0.48236945
315	0.48237985
316	0.48238909
317	0.48237428
318	0.48238632
319	0.48237407
320	0.48235881
321	0.48235762
322	0.48238808
323	0.48239160
324	0.48237535
325	0.48235396
326	0.48235363
327	0.48234081
328	0.48235068
329	0.48235324
330	0.48235667
331	0.48235175
332	0.48232937
333	0.48235369
334	0.48235008
335	0.48235431
336	0.48233330
337	0.48235619
338	0.48233700
339	0.48234341
340	0.48234671
341	0.48234463
342	0.48236427
343	0.48235157
344	0.48234305
345	0.48235950
346	0.48235691
347	0.48235267
348	0.48235351
349	0.48235941
350	0.48236623
351	0.48237211
352	0.48236144
353	0.48237014
354	0.48237038
355	0.48236483
356	0.48236236
357	0.48238143
358	0.48236170
359	0.48237169
360	0.48238459
361	0.48238659
362	0.48238271
363	0.48241314
364	0.48239785
365	0.48236781
366	0.48239052
367	0.48240471
368	0.48240837
369	0.48240176
370	0.48240021
371	0.48239118
372	0.48238122
373	0.48237973
374	0.48237059
375	0.48237273
376	0.48237002
377	0.48237988
378	0.48238814
379	0.48239946
380	0.48239803
381	0.48239848
382	0.48239720
383	0.48241097
384	0.48239303
385	0.48238158
386	0.48237646
387	0.48240632
388	0.48240635
389	0.48239204
390	0.48241675
391	0.48240691
392	0.48241946
393	0.48239318
394	0.48242638
395	0.48239681
396	0.48235410
397	0.48237497
398	0.48238599
399	0.48240203
400	0.48241344
401	0.48243010
402	0.48241827
403	0.48240915
404	0.48240897
405	0.48238906
406	0.48237690
407	0.48237789
408	0.48238221
409	0.48239380
410	0.48238185
411	0.48240137
412	0.48238608
413	0.48240218
414	0.48238805
415	0.48240185
416	0.48239267
417	0.48237789
418	0.48239252
419	0.48237395
420	0.48235559
421	0.48235908
422	0.48237294
423	0.48238200
424	0.48239067
425	0.48236269
426	0.48237449
427	0.48239267
428	0.48236772
429	0.48235503
430	0.48237592
431	0.48237842
432	0.48238540
433	0.48239207
434	0.48238316
435	0.48238310
436	0.48238647
437	0.48236635
438	0.48237175
439	0.48236173
440	0.48236683
441	0.48235548
442	0.48238096
443	0.48235157
444	0.48237798
445	0.48237398
446	0.48238900
447	0.48236683
448	0.48238376
449	0.48236832
450	0.48238334
451	0.48239326
452	0.48237422
453	0.48238420
454	0.48238972
455	0.48238790
456	0.48240471
457	0.48241541
458	0.48240593
459	0.48241562
460	0.48241287
461	0.48239839
462	0.48239893
463	0.48239124
464	0.48239341
465	0.48240590
466	0.48238388
467	0.48241609
468	0.48238555
469	0.48240119
470	0.48241708
471	0.48239177
472	0.48240393
473	0.48239011
474	0.48239708
475	0.48241970
476	0.48239782
477	0.48238796
478	0.48240888
479	0.48239157
480	0.48241237
481	0.48240641
482	0.48238081
483	0.48237982
484	0.48239845
485	0.48239928
486	0.48240337
487	0.48238924
488	0.48239276
489	0.48240542
490	0.48239249
491	0.48239943
492	0.48239073
493	0.48240134
494	0.48240274
495	0.48240694
496	0.48240054
497	0.48240545
498	0.48241606
499	0.48240256
500	0.48240238
501	0.48241499
502	0.48241499
503	0.48243365
504	0.48241332
505	0.48238942
506	0.48241845
507	0.48243803
508	0.48243144
509	0.48241821
510	0.48244703
511	0.48245022
512	0.48244849
513	0.48246574
514	0.48245439
515	0.48246256
516	0.48244360
517	0.48244679
518	0.48245525
519	0.48246017
520	0.48247609
521	0.48246443
522	0.48249397
523	0.48249447
524	0.48248741
525	0.48248282
526	0.48248845
527	0.48249418
528	0.48250231
529	0.48248261
530	0.48251745
531	0.48250341
532	0.48248810
533	0.48247328
534	0.48249227
535	0.48250663
536	0.48250389
537	0.48251224
538	0.48248625
539	0.48251492
540	0.48249957
541	0.48251370
542	0.48249567
543	0.48249882
544	0.48251823
545	0.48251030
546	0.48251435
547	0.48252076
548	0.48251548
549	0.48251733
550	0.48249397
551	0.48251501
552	0.48251039
553	0.48251608
554	0.48251912
555	0.48251981
556	0.48252168
557	0.48251116
558	0.48252285
559	0.48252174
560	0.48252398
561	0.48252815
562	0.48253468
563	0.48253110
564	0.48252898
565	0.48251805
566	0.48253271
567	0.48254514
568	0.48252487
569	0.48253563
570	0.48251638
571	0.48253193
572	0.48251110
573	0.48250169
574	0.48253021
575	0.48250520
576	0.48250893
577	0.48251727
578	0.48253405
579	0.48250511
580	0.48251155
581	0.48252538
582	0.48251775
583	0.48250890
584	0.48249969
585	0.48251623
586	0.48250136
587	0.48249695
588	0.48251104
589	0.48251879
590	0.48251709
591	0.48249921
592	0.48248953
593	0.48251703
594	0.48249573
595	0.48250046
596	0.48249310
597	0.48250639
598	0.48251620
599	0.48250479
600	0.48249888