	C:\Users\jkuzm\OneDrive - University of Massachusetts\HRSL x UMILL-PUMA Fatigue - Fatigue\Data\F01\FR3_static3.c3d _ImpedanceExport
	LCAL3
	TARGET
	ORIGINAL
ITEM	Y
1	0.26613328
2	0.26611409
3	0.26610658
4	0.26610389
5	0.26611468
6	0.26610020
7	0.26610678
8	0.26611218
9	0.26608273
10	0.26609576
11	0.26609707
12	0.26608899
13	0.26609150
14	0.26608250
15	0.26605681
16	0.26607275
17	0.26606640
18	0.26607922
19	0.26607952
20	0.26608416
21	0.26603419
22	0.26604494
23	0.26604873
24	0.26604766
25	0.26603857
26	0.26602876
27	0.26601684
28	0.26601711
29	0.26600119
30	0.26600993
31	0.26600993
32	0.26601905
33	0.26599309
34	0.26600450
35	0.26599187
36	0.26600945
37	0.26599506
38	0.26596394
39	0.26595247
40	0.26594546
41	0.26596460
42	0.26596174
43	0.26595744
44	0.26594815
45	0.26594222
46	0.26593277
47	0.26591456
48	0.26591834
49	0.26590297
50	0.26591024
51	0.26588461
52	0.26587930
53	0.26589823
54	0.26589251
55	0.26589951
56	0.26589927
57	0.26590529
58	0.26587647
59	0.26589665
60	0.26590160
61	0.26588768
62	0.26588520
63	0.26589516
64	0.26590386
65	0.26593634
66	0.26594061
67	0.26592058
68	0.26592550
69	0.26593241
70	0.26593396
71	0.26593667
72	0.26593846
73	0.26592571
74	0.26595899
75	0.26597267
76	0.26598442
77	0.26598191
78	0.26599738
79	0.26599395
80	0.26601139
81	0.26599368
82	0.26598498
83	0.26598537
84	0.26598987
85	0.26599202
86	0.26599494
87	0.26599026
88	0.26598606
89	0.26601323
90	0.26600796
91	0.26599631
92	0.26599467
93	0.26599649
94	0.26599106
95	0.26598305
96	0.26597759
97	0.26598692
98	0.26597917
99	0.26599497
100	0.26603258
101	0.26602125
102	0.26601526
103	0.26601997
104	0.26601192
105	0.26602286
106	0.26602614
107	0.26605949
108	0.26604071
109	0.26606879
110	0.26609081
111	0.26607212
112	0.26606956
113	0.26608881
114	0.26606289
115	0.26608443
116	0.26608071
117	0.26610127
118	0.26608458
119	0.26611653
120	0.26610938
121	0.26611075
122	0.26612294
123	0.26611909
124	0.26609963
125	0.26611876
126	0.26612106
127	0.26611015
128	0.26612243
129	0.26609430
130	0.26609474
131	0.26610076
132	0.26611724
133	0.26610646
134	0.26612973
135	0.26611066
136	0.26611868
137	0.26610902
138	0.26610497
139	0.26610675
140	0.26609778
141	0.26609838
142	0.26608625
143	0.26609725
144	0.26611677
145	0.26610202
146	0.26610145
147	0.26606950
148	0.26608258
149	0.26609224
150	0.26609460
151	0.26609445
152	0.26608995
153	0.26606739
154	0.26608345
155	0.26608872
156	0.26608416
157	0.26606640
158	0.26609743
159	0.26604992
160	0.26607293
161	0.26606712
162	0.26605514
163	0.26607850
164	0.26607317
165	0.26607925
166	0.26608932
167	0.26609692
168	0.26606828
169	0.26608312
170	0.26608121
171	0.26607743
172	0.26607421
173	0.26607248
174	0.26607886
175	0.26610234
176	0.26609108
177	0.26610211
178	0.26610452
179	0.26608920
180	0.26608452
181	0.26609084
182	0.26608896
183	0.26605985
184	0.26608133
185	0.26608548
186	0.26607653
187	0.26608858
188	0.26607692
189	0.26606062
190	0.26603204
191	0.26604694
192	0.26602980
193	0.26604414
194	0.26605046
195	0.26605511
196	0.26604509
197	0.26603946
198	0.26603222
199	0.26603848
200	0.26601386
201	0.26601440
202	0.26600948
203	0.26599920
204	0.26599786
205	0.26598912
206	0.26598680
207	0.26598746
208	0.26599061
209	0.26599407
210	0.26600406
211	0.26600161
212	0.26598704
213	0.26598936
214	0.26598620
215	0.26598480
216	0.26599160
217	0.26598793
218	0.26600853
219	0.26601115
220	0.26602399
221	0.26602909
222	0.26602960
223	0.26603746
224	0.26602778
225	0.26603898
226	0.26602769
227	0.26602879
228	0.26603273
229	0.26605469
230	0.26604027
231	0.26604548
232	0.26606357
233	0.26606336
234	0.26608023
235	0.26606384
236	0.26607910
237	0.26608008
238	0.26607189
239	0.26607275
240	0.26608711
241	0.26610184
242	0.26609269
243	0.26609531
244	0.26608950
245	0.26609090
246	0.26608887
247	0.26608816
248	0.26607484
249	0.26605883
250	0.26608723
251	0.26608282
252	0.26607615
253	0.26610178
254	0.26609248
255	0.26609641
256	0.26608592
257	0.26608968
258	0.26607859
259	0.26607645
260	0.26606610
261	0.26608655
262	0.26607367
263	0.26608902
264	0.26611078
265	0.26610190
266	0.26609212
267	0.26608300
268	0.26609153
269	0.26608402
270	0.26608083
271	0.26607925
272	0.26610222
273	0.26610896
274	0.26609889
275	0.26610124
276	0.26610211
277	0.26610795
278	0.26610357
279	0.26612568
280	0.26609617
281	0.26611310
282	0.26609492
283	0.26610413
284	0.26607203
285	0.26611155
286	0.26609716
287	0.26610592
288	0.26610065
289	0.26607582
290	0.26605821
291	0.26605210
292	0.26605752
293	0.26607582
294	0.26606584
295	0.26606297
296	0.26608393
297	0.26604459
298	0.26605612
299	0.26605919
300	0.26604638
301	0.26605478
302	0.26603487
303	0.26601735
304	0.26602352
305	0.26601058
306	0.26603025
307	0.26602677
308	0.26602492
309	0.26602751
310	0.26601273
311	0.26601392
312	0.26602322
313	0.26601496
314	0.26598805
315	0.26599964
316	0.26600254
317	0.26599166
318	0.26599586
319	0.26601109
320	0.26600587
321	0.26601434
322	0.26600561
323	0.26602012
324	0.26599470
325	0.26600391
326	0.26598263
327	0.26599997
328	0.26598516
329	0.26601768
330	0.26597214
331	0.26598340
332	0.26599920
333	0.26597235
334	0.26599324
335	0.26598096
336	0.26598835
337	0.26599526
338	0.26600209
339	0.26599646
340	0.26600358
341	0.26600236
342	0.26602101
343	0.26601005
344	0.26602009
345	0.26601246
346	0.26603159
347	0.26602811
348	0.26603478
349	0.26605326
350	0.26605135
351	0.26605961
352	0.26606482
353	0.26608393
354	0.26606858
355	0.26611561
356	0.26610672
357	0.26612741
358	0.26610640
359	0.26610351
360	0.26612571
361	0.26611865
362	0.26613531
363	0.26614031
364	0.26614875
365	0.26614413
366	0.26614115
367	0.26617348
368	0.26617256
369	0.26617432
370	0.26616877
371	0.26616722
372	0.26617032
373	0.26617637
374	0.26616576
375	0.26620057
376	0.26618233
377	0.26619303
378	0.26617500
379	0.26616395
380	0.26619253
381	0.26617816
382	0.26618552
383	0.26616937
384	0.26617908
385	0.26619112
386	0.26619485
387	0.26620317
388	0.26619366
389	0.26619065
390	0.26617923
391	0.26620144
392	0.26618791
393	0.26615900
394	0.26617280
395	0.26618856
396	0.26617941
397	0.26616091
398	0.26616877
399	0.26616982
400	0.26619402
401	0.26616219
402	0.26616189
403	0.26615235
404	0.26615667
405	0.26618177
406	0.26617214
407	0.26617992
408	0.26617676
409	0.26618704
410	0.26618674
411	0.26616532
412	0.26616797
413	0.26615998
414	0.26616704
415	0.26617119
416	0.26613662
417	0.26615360
418	0.26617768
419	0.26617640
420	0.26616597
421	0.26618749
422	0.26615864
423	0.26615486
424	0.26616290
425	0.26616281
426	0.26615292
427	0.26614472
428	0.26615381
429	0.26613408
430	0.26616386
431	0.26618883
432	0.26616153
433	0.26617050
434	0.26615238
435	0.26618856
436	0.26617983
437	0.26617581
438	0.26616192
439	0.26617429
440	0.26618716
441	0.26618445
442	0.26619849
443	0.26620498
444	0.26621345
445	0.26622063
446	0.26621950
447	0.26620412
448	0.26621151
449	0.26621667
450	0.26622859
451	0.26623070
452	0.26623935
453	0.26623788
454	0.26623523
455	0.26627371
456	0.26625025
457	0.26624981
458	0.26625592
459	0.26624790
460	0.26624498
461	0.26624861
462	0.26622713
463	0.26623124
464	0.26625001
465	0.26621693
466	0.26620120
467	0.26622644
468	0.26619032
469	0.26620179
470	0.26621854
471	0.26616916
472	0.26619735
473	0.26620698
474	0.26619676
475	0.26622158
476	0.26621249
477	0.26622191
478	0.26621243
479	0.26621407
480	0.26621491
481	0.26621330
482	0.26622713
483	0.26626289
484	0.26624155
485	0.26625663
486	0.26624522
487	0.26626998
488	0.26628029
489	0.26628512
490	0.26627523
491	0.26628771
492	0.26628196
493	0.26629537
494	0.26631063
495	0.26630449
496	0.26631656
497	0.26630858
498	0.26634428
499	0.26634601
500	0.26635844
501	0.26635209
502	0.26636633
503	0.26638359
504	0.26638228
505	0.26639333
506	0.26638919
507	0.26639780
508	0.26639673
509	0.26642543
510	0.26643854
511	0.26642165
512	0.26643598
513	0.26644039
514	0.26642764
515	0.26643142
516	0.26646215
517	0.26645195
518	0.26647449
519	0.26648521
520	0.26648182
521	0.26648423
522	0.26647660
523	0.26646838
524	0.26648566
525	0.26647687
526	0.26649645
527	0.26649064
528	0.26648915
529	0.26648122
530	0.26648563
531	0.26646361
532	0.26647437
533	0.26646575
534	0.26646507
535	0.26645786
536	0.26645204
537	0.26645824
538	0.26644269
539	0.26646188
540	0.26647702
541	0.26647380
542	0.26645312
543	0.26645711
544	0.26645753
545	0.26646218
546	0.26643500
547	0.26643655
548	0.26643121
549	0.26644558
550	0.26644906
551	0.26644966
552	0.26645020
553	0.26644620
554	0.26644599
555	0.26643950
556	0.26643583
557	0.26642355
558	0.26641837
559	0.26644030
560	0.26643434
561	0.26642975
562	0.26642293
563	0.26644367
564	0.26643050
565	0.26642358
566	0.26641518
567	0.26641709
568	0.26640439
569	0.26639020
570	0.26638302
571	0.26637998
572	0.26638433
573	0.26638874
574	0.26636752
575	0.26638165
576	0.26637971
577	0.26637676
578	0.26637045
579	0.26636472
580	0.26635602
581	0.26632306
582	0.26631543
583	0.26632470
584	0.26634130
585	0.26631358
586	0.26631933
587	0.26630592
588	0.26629150
589	0.26628372
590	0.26629111
591	0.26627451
592	0.26627684
593	0.26628017
594	0.26628831
595	0.26628679
596	0.26627931
597	0.26628593
598	0.26629829
599	0.26628789
600	0.26629627