	C:\Users\jkuzm\OneDrive - University of Massachusetts\HRSL x UMILL-PUMA Fatigue - Fatigue\Data\F01\FR3_static3.c3d _ImpedanceExport
	RCAL3
	TARGET
	ORIGINAL
ITEM	Y
1	0.27148786
2	0.27147150
3	0.27146912
4	0.27147546
5	0.27138796
6	0.27141255
7	0.27138725
8	0.27139494
9	0.27137518
10	0.27139235
11	0.27139089
12	0.27137133
13	0.27138066
14	0.27137810
15	0.27138099
16	0.27135760
17	0.27136311
18	0.27134499
19	0.27135217
20	0.27134952
21	0.27135214
22	0.27137184
23	0.27135062
24	0.27136132
25	0.27135363
26	0.27132684
27	0.27134231
28	0.27131841
29	0.27131385
30	0.27132672
31	0.27131754
32	0.27131695
33	0.27132463
34	0.27131245
35	0.27130964
36	0.27130866
37	0.27129972
38	0.27129316
39	0.27128443
40	0.27129400
41	0.27128005
42	0.27129021
43	0.27128193
44	0.27127960
45	0.27127168
46	0.27125141
47	0.27124664
48	0.27125457
49	0.27127063
50	0.27124360
51	0.27126059
52	0.27124780
53	0.27124310
54	0.27124515
55	0.27123320
56	0.27125466
57	0.27124360
58	0.27124035
59	0.27123564
60	0.27125990
61	0.27126271
62	0.27124873
63	0.27125904
64	0.27126306
65	0.27126876
66	0.27126363
67	0.27127045
68	0.27127281
69	0.27129051
70	0.27129489
71	0.27128524
72	0.27127114
73	0.27128288
74	0.27129033
75	0.27131647
76	0.27131057
77	0.27130353
78	0.27130726
79	0.27133733
80	0.27131844
81	0.27131498
82	0.27132636
83	0.27130324
84	0.27131993
85	0.27128911
86	0.27133065
87	0.27132076
88	0.27130350
89	0.27132732
90	0.27132568
91	0.27131742
92	0.27132010
93	0.27130356
94	0.27131641
95	0.27129245
96	0.27131873
97	0.27131060
98	0.27130511
99	0.27133095
100	0.27131245
101	0.27131146
102	0.27131528
103	0.27133349
104	0.27134088
105	0.27134621
106	0.27134663
107	0.27134547
108	0.27133778
109	0.27135488
110	0.27134708
111	0.27135533
112	0.27134827
113	0.27136308
114	0.27137011
115	0.27134979
116	0.27135956
117	0.27136275
118	0.27136683
119	0.27139571
120	0.27136400
121	0.27137941
122	0.27140960
123	0.27141291
124	0.27140853
125	0.27138421
126	0.27140856
127	0.27139464
128	0.27139106
129	0.27137670
130	0.27139306
131	0.27138779
132	0.27141231
133	0.27141318
134	0.27140361
135	0.27137682
136	0.27140439
137	0.27137661
138	0.27135003
139	0.27137285
140	0.27137390
141	0.27139023
142	0.27136284
143	0.27137515
144	0.27138230
145	0.27135241
146	0.27137774
147	0.27136520
148	0.27135563
149	0.27135620
150	0.27134001
151	0.27134818
152	0.27136207
153	0.27135834
154	0.27138197
155	0.27135167
156	0.27137941
157	0.27137151
158	0.27134699
159	0.27130035
160	0.27134526
161	0.27133453
162	0.27134353
163	0.27132544
164	0.27137381
165	0.27135530
166	0.27131748
167	0.27133733
168	0.27134106
169	0.27133253
170	0.27134058
171	0.27135471
172	0.27134833
173	0.27134097
174	0.27133629
175	0.27136177
176	0.27133873
177	0.27135664
178	0.27136436
179	0.27135170
180	0.27136764
181	0.27136990
182	0.27137327
183	0.27136737
184	0.27137122
185	0.27135086
186	0.27138272
187	0.27137366
188	0.27136549
189	0.27136675
190	0.27137786
191	0.27136111
192	0.27136898
193	0.27133575
194	0.27133426
195	0.27131149
196	0.27133214
197	0.27135530
198	0.27131137
199	0.27132374
200	0.27134490
201	0.27132794
202	0.27132991
203	0.27130941
204	0.27130175
205	0.27132112
206	0.27131072
207	0.27132794
208	0.27133107
209	0.27129552
210	0.27133271
211	0.27129903
212	0.27133322
213	0.27130705
214	0.27131194
215	0.27129486
216	0.27130446
217	0.27133754
218	0.27132443
219	0.27133051
220	0.27134296
221	0.27133724
222	0.27133617
223	0.27133319
224	0.27133480
225	0.27132499
226	0.27134845
227	0.27130353
228	0.27134913
229	0.27133715
230	0.27134112
231	0.27135137
232	0.27131847
233	0.27135789
234	0.27135915
235	0.27136359
236	0.27134976
237	0.27138019
238	0.27134377
239	0.27134678
240	0.27135998
241	0.27135882
242	0.27136564
243	0.27140185
244	0.27136418
245	0.27136600
246	0.27138358
247	0.27137789
248	0.27134177
249	0.27137426
250	0.27135316
251	0.27137610
252	0.27135310
253	0.27136046
254	0.27135921
255	0.27136424
256	0.27138546
257	0.27137092
258	0.27134204
259	0.27137858
260	0.27134269
261	0.27136293
262	0.27136725
263	0.27136725
264	0.27135763
265	0.27137077
266	0.27137029
267	0.27137882
268	0.27139205
269	0.27139828
270	0.27138522
271	0.27139074
272	0.27136675
273	0.27136719
274	0.27138913
275	0.27138588
276	0.27139413
277	0.27137566
278	0.27136263
279	0.27138239
280	0.27136815
281	0.27137074
282	0.27140725
283	0.27138728
284	0.27137375
285	0.27139875
286	0.27138123
287	0.27138424
288	0.27136588
289	0.27134937
290	0.27134821
291	0.27137282
292	0.27134365
293	0.27134773
294	0.27137160
295	0.27136478
296	0.27134013
297	0.27133802
298	0.27135506
299	0.27134922
300	0.27133870
301	0.27134827
302	0.27136609
303	0.27132574
304	0.27134064
305	0.27133724
306	0.27133331
307	0.27133068
308	0.27134958
309	0.27134877
310	0.27134740
311	0.27134672
312	0.27136904
313	0.27135506
314	0.27134821
315	0.27131301
316	0.27134788
317	0.27131262
318	0.27136219
319	0.27133599
320	0.27134839
321	0.27135277
322	0.27135935
323	0.27134049
324	0.27134335
325	0.27134314
326	0.27136451
327	0.27136579
328	0.27136996
329	0.27135795
330	0.27134278
331	0.27133602
332	0.27134171
333	0.27135700
334	0.27133936
335	0.27135721
336	0.27134377
337	0.27134055
338	0.27133277
339	0.27136910
340	0.27135137
341	0.27137393
342	0.27136001
343	0.27136314
344	0.27137423
345	0.27138126
346	0.27136290
347	0.27137145
348	0.27138168
349	0.27139470
350	0.27141902
351	0.27140307
352	0.27140862
353	0.27141228
354	0.27140751
355	0.27142957
356	0.27140632
357	0.27142596
358	0.27142733
359	0.27143964
360	0.27143344
361	0.27141654
362	0.27143160
363	0.27143842
364	0.27144042
365	0.27142870
366	0.27144369
367	0.27147374
368	0.27146477
369	0.27147105
370	0.27147272
371	0.27146089
372	0.27149177
373	0.27149010
374	0.27150488
375	0.27150545
376	0.27151388
377	0.27149907
378	0.27150911
379	0.27151108
380	0.27148986
381	0.27149624
382	0.27149862
383	0.27150396
384	0.27147669
385	0.27149305
386	0.27150837
387	0.27150691
388	0.27151105
389	0.27151304
390	0.27149394
391	0.27149642
392	0.27150777
393	0.27149463
394	0.27149555
395	0.27149865
396	0.27150318
397	0.27150133
398	0.27150875
399	0.27151749
400	0.27149507
401	0.27154174
402	0.27150846
403	0.27151823
404	0.27150157
405	0.27153397
406	0.27150059
407	0.27151394
408	0.27149764
409	0.27147764
410	0.27149239
411	0.27151036
412	0.27148619
413	0.27150589
414	0.27149469
415	0.27150014
416	0.27148497
417	0.27147856
418	0.27149314
419	0.27149528
420	0.27149725
421	0.27148381
422	0.27147499
423	0.27148014
424	0.27147368
425	0.27149305
426	0.27147639
427	0.27147400
428	0.27150857
429	0.27146754
430	0.27147245
431	0.27147526
432	0.27149990
433	0.27148807
434	0.27149078
435	0.27148646
436	0.27149382
437	0.27148697
438	0.27146187
439	0.27147561
440	0.27149695
441	0.27148584
442	0.27148536
443	0.27148989
444	0.27149770
445	0.27148691
446	0.27150360
447	0.27147716
448	0.27148426
449	0.27148092
450	0.27150553
451	0.27149060
452	0.27154127
453	0.27152407
454	0.27153099
455	0.27152377
456	0.27152759
457	0.27151945
458	0.27150959
459	0.27152029
460	0.27150926
461	0.27150321
462	0.27151963
463	0.27148300
464	0.27150044
465	0.27150512
466	0.27149644
467	0.27147973
468	0.27146521
469	0.27149275
470	0.27148566
471	0.27150029
472	0.27148896
473	0.27147502
474	0.27148712
475	0.27149710
476	0.27152553
477	0.27151194
478	0.27151105
479	0.27155045
480	0.27152094
481	0.27152479
482	0.27151191
483	0.27153561
484	0.27154380
485	0.27154920
486	0.27156842
487	0.27155590
488	0.27155501
489	0.27160490
490	0.27157399
491	0.27158687
492	0.27156782
493	0.27158469
494	0.27162048
495	0.27161071
496	0.27160248
497	0.27159581
498	0.27161208
499	0.27161375
500	0.27161855
501	0.27164552
502	0.27165911
503	0.27164713
504	0.27166069
505	0.27165085
506	0.27166378
507	0.27165890
508	0.27167383
509	0.27168253
510	0.27170616
511	0.27170247
512	0.27169734
513	0.27168387
514	0.27169970
515	0.27169475
516	0.27168962
517	0.27169535
518	0.27172378
519	0.27170566
520	0.27174592
521	0.27174279
522	0.27174371
523	0.27174485
524	0.27175748
525	0.27172723
526	0.27177072
527	0.27176335
528	0.27176410
529	0.27175385
530	0.27173251
531	0.27172843
532	0.27173367
533	0.27174571
534	0.27174950
535	0.27173164
536	0.27173167
537	0.27174553
538	0.27173573
539	0.27174979
540	0.27174652
541	0.27175951
542	0.27172872
543	0.27173859
544	0.27172524
545	0.27172521
546	0.27170426
547	0.27168849
548	0.27172697
549	0.27170640
550	0.27171189
551	0.27171126
552	0.27172628
553	0.27174371
554	0.27169704
555	0.27172157
556	0.27170917
557	0.27167928
558	0.27171791
559	0.27170274
560	0.27169862
561	0.27171108
562	0.27168307
563	0.27171683
564	0.27169982
565	0.27171201
566	0.27170020
567	0.27168804
568	0.27170077
569	0.27168465
570	0.27168605
571	0.27168778
572	0.27167848
573	0.27168247
574	0.27171186
575	0.27167535
576	0.27166402
577	0.27166113
578	0.27165440
579	0.27166659
580	0.27163866
581	0.27162850
582	0.27161425
583	0.27162960
584	0.27163044
585	0.27162504
586	0.27160004
587	0.27160162
588	0.27161744
589	0.27160639
590	0.27159506
591	0.27156642
592	0.27156535
593	0.27157819
594	0.27157581
595	0.27158374
596	0.27158004
597	0.27156106
598	0.27157959
599	0.27159116
600	0.27153450