	C:\Users\jkuzm\OneDrive - University of Massachusetts\HRSL x UMILL-PUMA Fatigue - Fatigue\Data\F01\FR3_static3.c3d _ImpedanceExport
	LCAL2
	TARGET
	ORIGINAL
ITEM	Z
1	0.02330370
2	0.02333688
3	0.02329853
4	0.02329084
5	0.02328648
6	0.02331676
7	0.02333785
8	0.02332807
9	0.02325180
10	0.02326834
11	0.02332929
12	0.02324900
13	0.02325352
14	0.02324778
15	0.02325409
16	0.02325161
17	0.02326881
18	0.02324271
19	0.02322256
20	0.02323197
21	0.02320658
22	0.02320735
23	0.02319488
24	0.02322369
25	0.02321132
26	0.02320810
27	0.02319134
28	0.02318649
29	0.02316864
30	0.02316928
31	0.02314567
32	0.02313239
33	0.02313766
34	0.02313105
35	0.02314179
36	0.02313551
37	0.02309755
38	0.02310032
39	0.02309976
40	0.02306881
41	0.02303880
42	0.02303500
43	0.02301374
44	0.02301863
45	0.02302964
46	0.02302509
47	0.02302858
48	0.02300450
49	0.02297501
50	0.02297368
51	0.02297099
52	0.02294401
53	0.02293412
54	0.02289217
55	0.02292190
56	0.02291652
57	0.02294422
58	0.02293459
59	0.02290399
60	0.02295574
61	0.02295049
62	0.02297773
63	0.02299599
64	0.02303551
65	0.02300619
66	0.02300062
67	0.02299681
68	0.02303077
69	0.02307018
70	0.02305504
71	0.02306092
72	0.02310897
73	0.02309635
74	0.02309694
75	0.02312660
76	0.02314722
77	0.02314253
78	0.02317301
79	0.02316368
80	0.02313776
81	0.02317242
82	0.02319196
83	0.02321194
84	0.02316064
85	0.02315661
86	0.02317151
87	0.02316490
88	0.02314250
89	0.02317074
90	0.02314950
91	0.02317246
92	0.02314104
93	0.02313023
94	0.02314783
95	0.02315049
96	0.02313958
97	0.02314540
98	0.02310464
99	0.02313769
100	0.02312509
101	0.02316514
102	0.02319442
103	0.02320529
104	0.02321810
105	0.02324176
106	0.02328493
107	0.02328333
108	0.02331050
109	0.02329106
110	0.02328904
111	0.02330817
112	0.02336933
113	0.02338384
114	0.02337587
115	0.02342592
116	0.02344238
117	0.02342765
118	0.02342683
119	0.02343061
120	0.02345297
121	0.02345450
122	0.02344525
123	0.02343158
124	0.02346679
125	0.02345253
126	0.02347394
127	0.02345971
128	0.02342921
129	0.02347259
130	0.02346762
131	0.02346876
132	0.02345674
133	0.02346590
134	0.02340613
135	0.02347458
136	0.02348873
137	0.02347751
138	0.02345731
139	0.02349980
140	0.02343415
141	0.02346220
142	0.02339043
143	0.02346246
144	0.02342067
145	0.02348139
146	0.02342079
147	0.02345944
148	0.02344804
149	0.02342431
150	0.02344919
151	0.02336363
152	0.02342617
153	0.02335519
154	0.02333263
155	0.02341377
156	0.02337523
157	0.02334567
158	0.02340129
159	0.02340805
160	0.02339135
161	0.02334717
162	0.02340174
163	0.02339175
164	0.02339688
165	0.02336193
166	0.02339826
167	0.02343995
168	0.02337996
169	0.02343068
170	0.02343881
171	0.02344763
172	0.02344742
173	0.02345543
174	0.02344021
175	0.02344445
176	0.02346581
177	0.02344635
178	0.02345834
179	0.02344606
180	0.02337984
181	0.02345582
182	0.02343009
183	0.02342917
184	0.02336326
185	0.02330633
186	0.02339825
187	0.02341121
188	0.02339273
189	0.02335314
190	0.02340204
191	0.02338974
192	0.02338531
193	0.02336945
194	0.02335805
195	0.02335247
196	0.02335950
197	0.02328306
198	0.02326314
199	0.02324766
200	0.02325505
201	0.02327553
202	0.02324010
203	0.02321612
204	0.02324291
205	0.02320446
206	0.02322277
207	0.02318387
208	0.02318111
209	0.02317660
210	0.02321517
211	0.02315042
212	0.02318444
213	0.02315276
214	0.02318850
215	0.02316272
216	0.02317382
217	0.02321601
218	0.02321011
219	0.02323134
220	0.02328795
221	0.02323376
222	0.02325944
223	0.02325718
224	0.02328791
225	0.02327569
226	0.02335507
227	0.02328981
228	0.02334461
229	0.02335045
230	0.02336030
231	0.02327379
232	0.02336868
233	0.02338000
234	0.02340035
235	0.02340301
236	0.02340646
237	0.02341898
238	0.02341907
239	0.02342193
240	0.02337836
241	0.02342482
242	0.02339042
243	0.02344038
244	0.02338423
245	0.02336135
246	0.02335541
247	0.02340997
248	0.02334492
249	0.02332206
250	0.02340085
251	0.02337436
252	0.02337717
253	0.02335954
254	0.02338853
255	0.02329919
256	0.02336549
257	0.02331196
258	0.02338948
259	0.02336604
260	0.02335345
261	0.02339411
262	0.02339077
263	0.02337294
264	0.02339588
265	0.02337128
266	0.02338582
267	0.02332101
268	0.02340093
269	0.02339588
270	0.02339166
271	0.02336249
272	0.02340228
273	0.02341021
274	0.02340607
275	0.02341617
276	0.02342741
277	0.02344351
278	0.02343214
279	0.02343660
280	0.02348349
281	0.02346780
282	0.02347511
283	0.02346619
284	0.02343881
285	0.02344431
286	0.02344549
287	0.02341836
288	0.02341371
289	0.02340065
290	0.02341235
291	0.02340514
292	0.02337661
293	0.02339694
294	0.02337385
295	0.02338032
296	0.02328912
297	0.02331411
298	0.02330288
299	0.02336272
300	0.02332210
301	0.02333247
302	0.02329909
303	0.02333629
304	0.02329159
305	0.02328179
306	0.02335095
307	0.02327499
308	0.02330567
309	0.02326898
310	0.02326238
311	0.02327888
312	0.02326249
313	0.02329590
314	0.02330141
315	0.02323656
316	0.02332421
317	0.02329561
318	0.02333307
319	0.02330997
320	0.02328181
321	0.02330419
322	0.02329683
323	0.02328797
324	0.02330959
325	0.02329230
326	0.02329962
327	0.02323718
328	0.02324418
329	0.02322354
330	0.02321275
331	0.02321169
332	0.02321627
333	0.02322033
334	0.02319396
335	0.02318487
336	0.02316882
337	0.02319281
338	0.02321246
339	0.02321484
340	0.02323373
341	0.02319448
342	0.02321965
343	0.02321953
344	0.02324920
345	0.02327798
346	0.02328407
347	0.02329729
348	0.02336958
349	0.02338908
350	0.02340484
351	0.02342270
352	0.02343166
353	0.02345201
354	0.02344936
355	0.02348715
356	0.02352265
357	0.02354363
358	0.02354217
359	0.02357208
360	0.02357473
361	0.02358694
362	0.02358615
363	0.02361481
364	0.02360841
365	0.02360748
366	0.02363494
367	0.02364469
368	0.02362474
369	0.02368539
370	0.02366582
371	0.02368470
372	0.02366077
373	0.02368397
374	0.02368871
375	0.02367385
376	0.02371212
377	0.02368600
378	0.02370505
379	0.02372483
380	0.02371535
381	0.02375397
382	0.02373358
383	0.02374560
384	0.02374886
385	0.02372910
386	0.02375166
387	0.02378831
388	0.02375333
389	0.02374093
390	0.02374921
391	0.02374914
392	0.02375519
393	0.02375715
394	0.02376108
395	0.02375025
396	0.02373077
397	0.02369881
398	0.02367786
399	0.02369926
400	0.02369040
401	0.02370601
402	0.02372615
403	0.02370565
404	0.02368407
405	0.02368297
406	0.02367920
407	0.02367725
408	0.02364275
409	0.02367334
410	0.02365829
411	0.02364968
412	0.02368334
413	0.02369291
414	0.02364498
415	0.02368773
416	0.02368481
417	0.02364104
418	0.02365511
419	0.02365546
420	0.02365203
421	0.02363367
422	0.02366163
423	0.02365855
424	0.02362805
425	0.02364670
426	0.02366905
427	0.02365582
428	0.02363583
429	0.02360434
430	0.02362930
431	0.02364764
432	0.02363074
433	0.02363185
434	0.02366779
435	0.02370008
436	0.02370534
437	0.02370423
438	0.02371898
439	0.02371406
440	0.02370790
441	0.02371494
442	0.02375320
443	0.02374682
444	0.02375046
445	0.02374241
446	0.02377178
447	0.02378434
448	0.02374414
449	0.02376310
450	0.02378209
451	0.02378221
452	0.02379335
453	0.02377473
454	0.02378594
455	0.02376380
456	0.02377171
457	0.02376296
458	0.02378653
459	0.02374846
460	0.02372968
461	0.02370777
462	0.02369068
463	0.02365878
464	0.02364911
465	0.02362248
466	0.02360673
467	0.02356751
468	0.02358307
469	0.02357011
470	0.02358195
471	0.02354957
472	0.02353188
473	0.02357024
474	0.02354206
475	0.02356090
476	0.02356904
477	0.02355908
478	0.02357795
479	0.02358890
480	0.02359774
481	0.02361501
482	0.02366447
483	0.02363238
484	0.02363524
485	0.02365192
486	0.02365511
487	0.02365344
488	0.02367384
489	0.02369978
490	0.02371951
491	0.02373277
492	0.02373543
493	0.02375328
494	0.02373720
495	0.02377146
496	0.02375821
497	0.02378212
498	0.02379751
499	0.02380808
500	0.02382034
501	0.02381871
502	0.02384888
503	0.02384824
504	0.02386213
505	0.02383712
506	0.02386288
507	0.02388965
508	0.02389456
509	0.02390898
510	0.02392664
511	0.02393529
512	0.02396925
513	0.02401457
514	0.02400329
515	0.02400757
516	0.02402690
517	0.02402665
518	0.02403515
519	0.02405761
520	0.02407222
521	0.02404692
522	0.02404901
523	0.02407410
524	0.02405508
525	0.02405932
526	0.02407787
527	0.02406447
528	0.02406471
529	0.02407547
530	0.02404445
531	0.02401827
532	0.02402096
533	0.02402820
534	0.02403015
535	0.02400715
536	0.02401155
537	0.02400359
538	0.02397889
539	0.02398058
540	0.02397784
541	0.02397136
542	0.02396801
543	0.02397616
544	0.02399206
545	0.02398866
546	0.02396861
547	0.02397408
548	0.02397875
549	0.02397002
550	0.02396725
551	0.02395046
552	0.02395258
553	0.02394407
554	0.02391822
555	0.02393384
556	0.02396799
557	0.02395890
558	0.02395136
559	0.02396716
560	0.02394191
561	0.02396745
562	0.02393821
563	0.02393802
564	0.02394220
565	0.02397919
566	0.02396034
567	0.02394740
568	0.02391257
569	0.02394569
570	0.02391420
571	0.02393493
572	0.02390416
573	0.02386444
574	0.02384125
575	0.02382145
576	0.02383663
577	0.02380054
578	0.02380305
579	0.02378854
580	0.02376843
581	0.02374924
582	0.02372095
583	0.02373254
584	0.02372171
585	0.02370358
586	0.02369090
587	0.02364398
588	0.02365245
589	0.02366043
590	0.02363536
591	0.02361369
592	0.02359531
593	0.02359957
594	0.02359665
595	0.02359165
596	0.02359818
597	0.02361151
598	0.02360269
599	0.02362523
600	0.02364919