	C:\Users\jkuzm\OneDrive - University of Massachusetts\HRSL x UMILL-PUMA Fatigue - Fatigue\Data\F01\FR3_static3.c3d _ImpedanceExport
	RTOE
	TARGET
	ORIGINAL
ITEM	Y
1	0.52133083
2	0.52130395
3	0.52130800
4	0.52130437
5	0.52130264
6	0.52133435
7	0.52132279
8	0.52130872
9	0.52132374
10	0.52132022
11	0.52131885
12	0.52131695
13	0.52130228
14	0.52128577
15	0.52127403
16	0.52127373
17	0.52125943
18	0.52127087
19	0.52127028
20	0.52125174
21	0.52127361
22	0.52124953
23	0.52125204
24	0.52123702
25	0.52124166
26	0.52120394
27	0.52120525
28	0.52119893
29	0.52119744
30	0.52118552
31	0.52121335
32	0.52117598
33	0.52120888
34	0.52120805
35	0.52116197
36	0.52117503
37	0.52116346
38	0.52116412
39	0.52112836
40	0.52112514
41	0.52112019
42	0.52109498
43	0.52112007
44	0.52111006
45	0.52109659
46	0.52108246
47	0.52108717
48	0.52108628
49	0.52104300
50	0.52105594
51	0.52105421
52	0.52105367
53	0.52104735
54	0.52104658
55	0.52102864
56	0.52103084
57	0.52104181
58	0.52101022
59	0.52102453
60	0.52102625
61	0.52104479
62	0.52105051
63	0.52102780
64	0.52107644
65	0.52106696
66	0.52107972
67	0.52110857
68	0.52109528
69	0.52109253
70	0.52109087
71	0.52110237
72	0.52109581
73	0.52109712
74	0.52111149
75	0.52113312
76	0.52115679
77	0.52115470
78	0.52117485
79	0.52118868
80	0.52118397
81	0.52118093
82	0.52117074
83	0.52117860
84	0.52115792
85	0.52118254
86	0.52118540
87	0.52120870
88	0.52121007
89	0.52118826
90	0.52119219
91	0.52118576
92	0.52117455
93	0.52116352
94	0.52115452
95	0.52117962
96	0.52115929
97	0.52117670
98	0.52119190
99	0.52118129
100	0.52120399
101	0.52117610
102	0.52120143
103	0.52118683
104	0.52120471
105	0.52119792
106	0.52123064
107	0.52125740
108	0.52126360
109	0.52126580
110	0.52127188
111	0.52127379
112	0.52127296
113	0.52129489
114	0.52128035
115	0.52129990
116	0.52127713
117	0.52128166
118	0.52128047
119	0.52131444
120	0.52131522
121	0.52132785
122	0.52133721
123	0.52131659
124	0.52132535
125	0.52132124
126	0.52132094
127	0.52132332
128	0.52132809
129	0.52131480
130	0.52133173
131	0.52132040
132	0.52134705
133	0.52132952
134	0.52135897
135	0.52134424
136	0.52132845
137	0.52131736
138	0.52130836
139	0.52131146
140	0.52132040
141	0.52131182
142	0.52130723
143	0.52132171
144	0.52132624
145	0.52130967
146	0.52128345
147	0.52129161
148	0.52129596
149	0.52129126
150	0.52129662
151	0.52128506
152	0.52128780
153	0.52129942
154	0.52129501
155	0.52127707
156	0.52126867
157	0.52128404
158	0.52127343
159	0.52125263
160	0.52123916
161	0.52123302
162	0.52123880
163	0.52123213
164	0.52124447
165	0.52125305
166	0.52126855
167	0.52127939
168	0.52126998
169	0.52126479
170	0.52126586
171	0.52126408
172	0.52127725
173	0.52125257
174	0.52129024
175	0.52129322
176	0.52128893
177	0.52130270
178	0.52130526
179	0.52130479
180	0.52128339
181	0.52129596
182	0.52126890
183	0.52128172
184	0.52129525
185	0.52130747
186	0.52129686
187	0.52127504
188	0.52126819
189	0.52130210
190	0.52126616
191	0.52127802
192	0.52125353
193	0.52126133
194	0.52123296
195	0.52125001
196	0.52124131
197	0.52122474
198	0.52124608
199	0.52122664
200	0.52121371
201	0.52118492
202	0.52117711
203	0.52120495
204	0.52117062
205	0.52116251
206	0.52117848
207	0.52119702
208	0.52116990
209	0.52119106
210	0.52121645
211	0.52121127
212	0.52120227
213	0.52120745
214	0.52120185
215	0.52121466
216	0.52118438
217	0.52121514
218	0.52124709
219	0.52123892
220	0.52123034
221	0.52127022
222	0.52127540
223	0.52123958
224	0.52124697
225	0.52124369
226	0.52124995
227	0.52125788
228	0.52127141
229	0.52124631
230	0.52126217
231	0.52130544
232	0.52128202
233	0.52127922
234	0.52129960
235	0.52128953
236	0.52127761
237	0.52128422
238	0.52128953
239	0.52129215
240	0.52130753
241	0.52132207
242	0.52131808
243	0.52134639
244	0.52131301
245	0.52131557
246	0.52131367
247	0.52129447
248	0.52129340
249	0.52128929
250	0.52129954
251	0.52131569
252	0.52131391
253	0.52133322
254	0.52130008
255	0.52132887
256	0.52130145
257	0.52129877
258	0.52130520
259	0.52128631
260	0.52129376
261	0.52129608
262	0.52130270
263	0.52129096
264	0.52128768
265	0.52130556
266	0.52130729
267	0.52130777
268	0.52130604
269	0.52129537
270	0.52130687
271	0.52129495
272	0.52128571
273	0.52129573
274	0.52129090
275	0.52130663
276	0.52133340
277	0.52132070
278	0.52133143
279	0.52131122
280	0.52131242
281	0.52131397
282	0.52130014
283	0.52131444
284	0.52131808
285	0.52131289
286	0.52130359
287	0.52132112
288	0.52130312
289	0.52131128
290	0.52131253
291	0.52129680
292	0.52126801
293	0.52128893
294	0.52130342
295	0.52128011
296	0.52126712
297	0.52126998
298	0.52128196
299	0.52127123
300	0.52126259
301	0.52125001
302	0.52123576
303	0.52126276
304	0.52125621
305	0.52123922
306	0.52122962
307	0.52124661
308	0.52123719
309	0.52125973
310	0.52124953
311	0.52123404
312	0.52123803
313	0.52124351
314	0.52123135
315	0.52124840
316	0.52124131
317	0.52122349
318	0.52124107
319	0.52125293
320	0.52124965
321	0.52122974
322	0.52124131
323	0.52124697
324	0.52124435
325	0.52123326
326	0.52125704
327	0.52124602
328	0.52121943
329	0.52124733
330	0.52122891
331	0.52123278
332	0.52123612
333	0.52123350
334	0.52124780
335	0.52123016
336	0.52124178
337	0.52123034
338	0.52123803
339	0.52123052
340	0.52124119
341	0.52128643
342	0.52127713
343	0.52130681
344	0.52129537
345	0.52129853
346	0.52128577
347	0.52131385
348	0.52132517
349	0.52133626
350	0.52132928
351	0.52134484
352	0.52134621
353	0.52132905
354	0.52136374
355	0.52137434
356	0.52137268
357	0.52137977
358	0.52137363
359	0.52137291
360	0.52137464
361	0.52137971
362	0.52141297
363	0.52141309
364	0.52140957
365	0.52145159
366	0.52144778
367	0.52144563
368	0.52142668
369	0.52144676
370	0.52145517
371	0.52144480
372	0.52145994
373	0.52146232
374	0.52148938
375	0.52149558
376	0.52150792
377	0.52148128
378	0.52150702
379	0.52150190
380	0.52151757
381	0.52149761
382	0.52152467
383	0.52151889
384	0.52152848
385	0.52153784
386	0.52153420
387	0.52152580
388	0.52151245
389	0.52151728
390	0.52150154
391	0.52149415
392	0.52148950
393	0.52152216
394	0.52152830
395	0.52151191
396	0.52152604
397	0.52152073
398	0.52150714
399	0.52149945
400	0.52150756
401	0.52150851
402	0.52149534
403	0.52149260
404	0.52150673
405	0.52150238
406	0.52150786
407	0.52150100
408	0.52151519
409	0.52149093
410	0.52149898
411	0.52151090
412	0.52150810
413	0.52148467
414	0.52147585
415	0.52145976
416	0.52147371
417	0.52144915
418	0.52147233
419	0.52147728
420	0.52149886
421	0.52146769
422	0.52151072
423	0.52147305
424	0.52146536
425	0.52147138
426	0.52145880
427	0.52144951
428	0.52147579
429	0.52146614
430	0.52150208
431	0.52149934
432	0.52149713
433	0.52150118
434	0.52148181
435	0.52148360
436	0.52145672
437	0.52145827
438	0.52146417
439	0.52147710
440	0.52147919
441	0.52148694
442	0.52147722
443	0.52149719
444	0.52148414
445	0.52151096
446	0.52149415
447	0.52150571
448	0.52149433
449	0.52149081
450	0.52150309
451	0.52148998
452	0.52150661
453	0.52151495
454	0.52152902
455	0.52150482
456	0.52149516
457	0.52151132
458	0.52147388
459	0.52146637
460	0.52146906
461	0.52146262
462	0.52147925
463	0.52145958
464	0.52146500
465	0.52144933
466	0.52144581
467	0.52142924
468	0.52147049
469	0.52143502
470	0.52142584
471	0.52144945
472	0.52143407
473	0.52146941
474	0.52146590
475	0.52147537
476	0.52147728
477	0.52147490
478	0.52150625
479	0.52149653
480	0.52149534
481	0.52149940
482	0.52152526
483	0.52152544
484	0.52155077
485	0.52157003
486	0.52160645
487	0.52160621
488	0.52159697
489	0.52162212
490	0.52161014
491	0.52162582
492	0.52164686
493	0.52165264
494	0.52165282
495	0.52167922
496	0.52169162
497	0.52171683
498	0.52172405
499	0.52172250
500	0.52171195
501	0.52172613
502	0.52172995
503	0.52172548
504	0.52175885
505	0.52179635
506	0.52179247
507	0.52180868
508	0.52180928
509	0.52184302
510	0.52184385
511	0.52184784
512	0.52186602
513	0.52187198
514	0.52186209
515	0.52187532
516	0.52189624
517	0.52191359
518	0.52193308
519	0.52196056
520	0.52196950
521	0.52196622
522	0.52198046
523	0.52195913
524	0.52197158
525	0.52196187
526	0.52195925
527	0.52197564
528	0.52196968
529	0.52199423
530	0.52198863
531	0.52196622
532	0.52198803
533	0.52198482
534	0.52198458
535	0.52195650
536	0.52198249
537	0.52195972
538	0.52197397
539	0.52198571
540	0.52197808
541	0.52197015
542	0.52196193
543	0.52198046
544	0.52194709
545	0.52193719
546	0.52192420
547	0.52191198
548	0.52194077
549	0.52190071
550	0.52192724
551	0.52190381
552	0.52192301
553	0.52192700
554	0.52190822
555	0.52190953
556	0.52187961
557	0.52185881
558	0.52186781
559	0.52187097
560	0.52187580
561	0.52188164
562	0.52189082
563	0.52188385
564	0.52188003
565	0.52185702
566	0.52185583
567	0.52182788
568	0.52185345
569	0.52184772
570	0.52183086
571	0.52182013
572	0.52181751
573	0.52181643
574	0.52182198
575	0.52183342
576	0.52180636
577	0.52180541
578	0.52173454
579	0.52178907
580	0.52175117
581	0.52171737
582	0.52172381
583	0.52171040
584	0.52168280
585	0.52166712
586	0.52168214
587	0.52166456
588	0.52166533
589	0.52164298
590	0.52161121
591	0.52160227
592	0.52163291
593	0.52160484
594	0.52160591
595	0.52158588
596	0.52161872
597	0.52160662
598	0.52162725
599	0.52159745
600	0.52162039