	C:\Users\jkuzm\OneDrive - University of Massachusetts\HRSL x UMILL-PUMA Fatigue - Fatigue\Data\F01\FR3_static3.c3d _ImpedanceExport
	RCAL3
	TARGET
	ORIGINAL
ITEM	Z
1	0.01897295
2	0.01894432
3	0.01893271
4	0.01894207
5	0.01903433
6	0.01902869
7	0.01905154
8	0.01901913
9	0.01903285
10	0.01901276
11	0.01902865
12	0.01902668
13	0.01902075
14	0.01901973
15	0.01899949
16	0.01900710
17	0.01900360
18	0.01900281
19	0.01898865
20	0.01897564
21	0.01899157
22	0.01898129
23	0.01896743
24	0.01893405
25	0.01893004
26	0.01892960
27	0.01891208
28	0.01891687
29	0.01892229
30	0.01891804
31	0.01891516
32	0.01890745
33	0.01890025
34	0.01887042
35	0.01887863
36	0.01886787
37	0.01886807
38	0.01886207
39	0.01883433
40	0.01882562
41	0.01880544
42	0.01879377
43	0.01872822
44	0.01873718
45	0.01873623
46	0.01871181
47	0.01868558
48	0.01870215
49	0.01866990
50	0.01866459
51	0.01863412
52	0.01863737
53	0.01861029
54	0.01859190
55	0.01862829
56	0.01862963
57	0.01860366
58	0.01860053
59	0.01859510
60	0.01860752
61	0.01864253
62	0.01862980
63	0.01864751
64	0.01864943
65	0.01868914
66	0.01869348
67	0.01868264
68	0.01874891
69	0.01874772
70	0.01876727
71	0.01877498
72	0.01877191
73	0.01879197
74	0.01881924
75	0.01881586
76	0.01884036
77	0.01884104
78	0.01882071
79	0.01884050
80	0.01885234
81	0.01886992
82	0.01885853
83	0.01889141
84	0.01887195
85	0.01889669
86	0.01890144
87	0.01889075
88	0.01891291
89	0.01888688
90	0.01886938
91	0.01889906
92	0.01886996
93	0.01886812
94	0.01887608
95	0.01886555
96	0.01888190
97	0.01887852
98	0.01888658
99	0.01887710
100	0.01891037
101	0.01888559
102	0.01893379
103	0.01890305
104	0.01892266
105	0.01895778
106	0.01895833
107	0.01898826
108	0.01903044
109	0.01900940
110	0.01903277
111	0.01904149
112	0.01905383
113	0.01906611
114	0.01908936
115	0.01908459
116	0.01910831
117	0.01913670
118	0.01914486
119	0.01913949
120	0.01915251
121	0.01913952
122	0.01913294
123	0.01911569
124	0.01910986
125	0.01912446
126	0.01914209
127	0.01915962
128	0.01915304
129	0.01914276
130	0.01914969
131	0.01917075
132	0.01913501
133	0.01913390
134	0.01916912
135	0.01917517
136	0.01912378
137	0.01914530
138	0.01913639
139	0.01912354
140	0.01912225
141	0.01911760
142	0.01910312
143	0.01909911
144	0.01908081
145	0.01908616
146	0.01909689
147	0.01911867
148	0.01910792
149	0.01912263
150	0.01910653
151	0.01911306
152	0.01910620
153	0.01909928
154	0.01910619
155	0.01907112
156	0.01910939
157	0.01904126
158	0.01908136
159	0.01907585
160	0.01906692
161	0.01905793
162	0.01905964
163	0.01905036
164	0.01903182
165	0.01904893
166	0.01903635
167	0.01906970
168	0.01906421
169	0.01905955
170	0.01906431
171	0.01906788
172	0.01908954
173	0.01908775
174	0.01908675
175	0.01910670
176	0.01906711
177	0.01908093
178	0.01909473
179	0.01910132
180	0.01906796
181	0.01910581
182	0.01910835
183	0.01908037
184	0.01909916
185	0.01906810
186	0.01906155
187	0.01906079
188	0.01904767
189	0.01902147
190	0.01902680
191	0.01902531
192	0.01902058
193	0.01902601
194	0.01903760
195	0.01900208
196	0.01900549
197	0.01896671
198	0.01897621
199	0.01895109
200	0.01892196
201	0.01891533
202	0.01895616
203	0.01893909
204	0.01893630
205	0.01892500
206	0.01894058
207	0.01893524
208	0.01889255
209	0.01891559
210	0.01893920
211	0.01893811
212	0.01893495
213	0.01895674
214	0.01893234
215	0.01898429
216	0.01896351
217	0.01897428
218	0.01897987
219	0.01897619
220	0.01897402
221	0.01900768
222	0.01898281
223	0.01899920
224	0.01899319
225	0.01901049
226	0.01902517
227	0.01900458
228	0.01902325
229	0.01900231
230	0.01903277
231	0.01904015
232	0.01905502
233	0.01905151
234	0.01906663
235	0.01906601
236	0.01906289
237	0.01905086
238	0.01909710
239	0.01910868
240	0.01908311
241	0.01908537
242	0.01910594
243	0.01908266
244	0.01908495
245	0.01908181
246	0.01908526
247	0.01907296
248	0.01906632
249	0.01906941
250	0.01907556
251	0.01906276
252	0.01907351
253	0.01908443
254	0.01909768
255	0.01906427
256	0.01904806
257	0.01909240
258	0.01909801
259	0.01908061
260	0.01909650
261	0.01907908
262	0.01909641
263	0.01908179
264	0.01909029
265	0.01911983
266	0.01908783
267	0.01908955
268	0.01909471
269	0.01909577
270	0.01910786
271	0.01908998
272	0.01910077
273	0.01911724
274	0.01909751
275	0.01910884
276	0.01914021
277	0.01913280
278	0.01914985
279	0.01916013
280	0.01914890
281	0.01915370
282	0.01916663
283	0.01915779
284	0.01915074
285	0.01917279
286	0.01913339
287	0.01913199
288	0.01913450
289	0.01912744
290	0.01914847
291	0.01912102
292	0.01913352
293	0.01909151
294	0.01910685
295	0.01907197
296	0.01912108
297	0.01909574
298	0.01907917
299	0.01904816
300	0.01905914
301	0.01906645
302	0.01901227
303	0.01907573
304	0.01908268
305	0.01906737
306	0.01903056
307	0.01904954
308	0.01902592
309	0.01902389
310	0.01901795
311	0.01905083
312	0.01902996
313	0.01902400
314	0.01902119
315	0.01903702
316	0.01902242
317	0.01902270
318	0.01902626
319	0.01902567
320	0.01902532
321	0.01904755
322	0.01903328
323	0.01903450
324	0.01903328
325	0.01904271
326	0.01901913
327	0.01901833
328	0.01901199
329	0.01902065
330	0.01897822
331	0.01902082
332	0.01900257
333	0.01901483
334	0.01901836
335	0.01900063
336	0.01900770
337	0.01903622
338	0.01901425
339	0.01900715
340	0.01902041
341	0.01905962
342	0.01908654
343	0.01907819
344	0.01907447
345	0.01912030
346	0.01910463
347	0.01914247
348	0.01916330
349	0.01916073
350	0.01917088
351	0.01919799
352	0.01920283
353	0.01919498
354	0.01923222
355	0.01922464
356	0.01925511
357	0.01926203
358	0.01928640
359	0.01926355
360	0.01927404
361	0.01928096
362	0.01928095
363	0.01930948
364	0.01930844
365	0.01932976
366	0.01933427
367	0.01931528
368	0.01932831
369	0.01935157
370	0.01935472
371	0.01940047
372	0.01937621
373	0.01937916
374	0.01938553
375	0.01938707
376	0.01943776
377	0.01940432
378	0.01941043
379	0.01942431
380	0.01942874
381	0.01942823
382	0.01942830
383	0.01945906
384	0.01946862
385	0.01945849
386	0.01947744
387	0.01945996
388	0.01945854
389	0.01948274
390	0.01946508
391	0.01945665
392	0.01947016
393	0.01945358
394	0.01944938
395	0.01946522
396	0.01944255
397	0.01942991
398	0.01942437
399	0.01943677
400	0.01943114
401	0.01941616
402	0.01945105
403	0.01943254
404	0.01943258
405	0.01943076
406	0.01942661
407	0.01941108
408	0.01941240
409	0.01941712
410	0.01940431
411	0.01941327
412	0.01942454
413	0.01939906
414	0.01938977
415	0.01943296
416	0.01942532
417	0.01942235
418	0.01942201
419	0.01941588
420	0.01940956
421	0.01941173
422	0.01940840
423	0.01939430
424	0.01938739
425	0.01937610
426	0.01938378
427	0.01941820
428	0.01938873
429	0.01940278
430	0.01939434
431	0.01940224
432	0.01939553
433	0.01938371
434	0.01939397
435	0.01941829
436	0.01940882
437	0.01944461
438	0.01943152
439	0.01942413
440	0.01944346
441	0.01942483
442	0.01943775
443	0.01944910
444	0.01943301
445	0.01946464
446	0.01943821
447	0.01950542
448	0.01946993
449	0.01950057
450	0.01947325
451	0.01948378
452	0.01949940
453	0.01947938
454	0.01948580
455	0.01946496
456	0.01947495
457	0.01945469
458	0.01944613
459	0.01941967
460	0.01942298
461	0.01939710
462	0.01940689
463	0.01940269
464	0.01939103
465	0.01939524
466	0.01939651
467	0.01938425
468	0.01939046
469	0.01936560
470	0.01937695
471	0.01940470
472	0.01939480
473	0.01942361
474	0.01942287
475	0.01940306
476	0.01941419
477	0.01943337
478	0.01947674
479	0.01949110
480	0.01950350
481	0.01951283
482	0.01951213
483	0.01955502
484	0.01955407
485	0.01955615
486	0.01959932
487	0.01960729
488	0.01961773
489	0.01962132
490	0.01962549
491	0.01964982
492	0.01964573
493	0.01969340
494	0.01968825
495	0.01969264
496	0.01971597
497	0.01972204
498	0.01976282
499	0.01975737
500	0.01978867
501	0.01979855
502	0.01982615
503	0.01981866
504	0.01985181
505	0.01987091
506	0.01986586
507	0.01989502
508	0.01989792
509	0.01990686
510	0.01991564
511	0.01996947
512	0.01995407
513	0.02000543
514	0.01999408
515	0.02003880
516	0.02007564
517	0.02008511
518	0.02006894
519	0.02010161
520	0.02010521
521	0.02010754
522	0.02012404
523	0.02013576
524	0.02013313
525	0.02019279
526	0.02016628
527	0.02016190
528	0.02016174
529	0.02019580
530	0.02017461
531	0.02019894
532	0.02016895
533	0.02017388
534	0.02016634
535	0.02016056
536	0.02019245
537	0.02017614
538	0.02017537
539	0.02018467
540	0.02016316
541	0.02015410
542	0.02014225
543	0.02012826
544	0.02013558
545	0.02011085
546	0.02010789
547	0.02012224
548	0.02010548
549	0.02010095
550	0.02009004
551	0.02007686
552	0.02007067
553	0.02005513
554	0.02007341
555	0.02004438
556	0.02003480
557	0.02004792
558	0.02003585
559	0.02003193
560	0.02003836
561	0.02004333
562	0.02004737
563	0.01999392
564	0.01999754
565	0.01999413
566	0.02000670
567	0.01999904
568	0.01997324
569	0.01996124
570	0.01997029
571	0.01995235
572	0.01994061
573	0.01992980
574	0.01990809
575	0.01990252
576	0.01990040
577	0.01988075
578	0.01985956
579	0.01986600
580	0.01985389
581	0.01983376
582	0.01983888
583	0.01981586
584	0.01975915
585	0.01974419
586	0.01973886
587	0.01968497
588	0.01964769
589	0.01967550
590	0.01965433
591	0.01966558
592	0.01961047
593	0.01963756
594	0.01963046
595	0.01960121
596	0.01964247
597	0.01959423
598	0.01960488
599	0.01959151
600	0.01961588