	C:\Users\jkuzm\OneDrive - University of Massachusetts\HRSL x UMILL-PUMA Fatigue - Fatigue\Data\F01\FR3_static3.c3d _ImpedanceExport
	RTOE
	TARGET
	ORIGINAL
ITEM	Z
1	0.04875546
2	0.04879297
3	0.04878590
4	0.04877512
5	0.04883505
6	0.04884335
7	0.04883598
8	0.04883506
9	0.04883902
10	0.04883530
11	0.04883427
12	0.04884103
13	0.04885560
14	0.04884833
15	0.04886710
16	0.04887602
17	0.04889075
18	0.04889344
19	0.04887972
20	0.04888712
21	0.04888553
22	0.04890179
23	0.04889189
24	0.04893446
25	0.04891121
26	0.04893154
27	0.04896113
28	0.04894631
29	0.04896573
30	0.04896850
31	0.04895875
32	0.04896450
33	0.04896505
34	0.04897471
35	0.04899707
36	0.04899807
37	0.04901079
38	0.04901926
39	0.04901576
40	0.04901361
41	0.04903826
42	0.04903882
43	0.04906658
44	0.04903005
45	0.04905461
46	0.04908724
47	0.04907974
48	0.04908885
49	0.04909861
50	0.04911741
51	0.04914032
52	0.04911318
53	0.04910802
54	0.04909727
55	0.04911949
56	0.04910645
57	0.04914226
58	0.04913697
59	0.04912047
60	0.04912173
61	0.04909988
62	0.04910172
63	0.04910835
64	0.04909563
65	0.04910563
66	0.04909024
67	0.04907313
68	0.04908165
69	0.04905891
70	0.04907675
71	0.04905882
72	0.04903944
73	0.04904296
74	0.04905496
75	0.04901471
76	0.04900096
77	0.04901943
78	0.04899696
79	0.04899032
80	0.04900696
81	0.04896768
82	0.04899482
83	0.04899330
84	0.04899424
85	0.04897794
86	0.04899112
87	0.04895868
88	0.04897868
89	0.04898108
90	0.04898523
91	0.04901438
92	0.04902032
93	0.04900324
94	0.04901728
95	0.04899109
96	0.04897521
97	0.04897980
98	0.04897155
99	0.04896743
100	0.04896326
101	0.04894782
102	0.04896184
103	0.04896749
104	0.04894954
105	0.04895287
106	0.04893236
107	0.04889015
108	0.04888270
109	0.04890875
110	0.04887988
111	0.04885350
112	0.04887841
113	0.04885990
114	0.04885930
115	0.04884864
116	0.04887012
117	0.04882991
118	0.04884546
119	0.04882111
120	0.04881572
121	0.04881563
122	0.04881308
123	0.04882072
124	0.04880223
125	0.04880618
126	0.04882206
127	0.04881504
128	0.04878583
129	0.04880091
130	0.04879520
131	0.04879247
132	0.04878445
133	0.04878309
134	0.04879569
135	0.04879861
136	0.04882481
137	0.04881340
138	0.04883237
139	0.04881326
140	0.04881612
141	0.04883039
142	0.04881461
143	0.04881331
144	0.04883210
145	0.04882273
146	0.04882633
147	0.04884243
148	0.04882917
149	0.04883754
150	0.04885281
151	0.04885735
152	0.04885703
153	0.04887640
154	0.04880355
155	0.04885376
156	0.04883684
157	0.04885179
158	0.04885770
159	0.04888092
160	0.04888732
161	0.04888947
162	0.04890514
163	0.04891026
164	0.04890980
165	0.04888879
166	0.04889922
167	0.04887229
168	0.04888220
169	0.04888112
170	0.04887768
171	0.04886420
172	0.04888145
173	0.04887737
174	0.04886970
175	0.04885470
176	0.04886477
177	0.04884942
178	0.04886501
179	0.04885700
180	0.04886526
181	0.04887456
182	0.04885996
183	0.04888418
184	0.04886815
185	0.04888675
186	0.04885366
187	0.04887046
188	0.04886658
189	0.04887195
190	0.04887426
191	0.04889940
192	0.04891751
193	0.04891195
194	0.04891308
195	0.04893769
196	0.04892780
197	0.04892241
198	0.04893874
199	0.04892980
200	0.04893288
201	0.04895110
202	0.04895416
203	0.04896180
204	0.04896246
205	0.04894675
206	0.04896027
207	0.04895692
208	0.04897276
209	0.04896006
210	0.04895916
211	0.04896977
212	0.04895059
213	0.04896902
214	0.04894121
215	0.04895665
216	0.04895148
217	0.04895163
218	0.04892739
219	0.04890412
220	0.04892297
221	0.04892164
222	0.04892442
223	0.04891750
224	0.04892644
225	0.04892752
226	0.04892960
227	0.04891395
228	0.04892254
229	0.04890099
230	0.04888055
231	0.04887526
232	0.04885216
233	0.04888440
234	0.04887266
235	0.04888184
236	0.04886330
237	0.04887445
238	0.04887535
239	0.04886796
240	0.04885435
241	0.04884499
242	0.04884325
243	0.04883536
244	0.04884149
245	0.04883838
246	0.04883806
247	0.04883701
248	0.04884678
249	0.04886723
250	0.04885746
251	0.04883582
252	0.04886972
253	0.04884213
254	0.04886045
255	0.04885142
256	0.04883855
257	0.04884224
258	0.04886138
259	0.04887539
260	0.04885241
261	0.04886668
262	0.04886664
263	0.04885115
264	0.04885209
265	0.04884396
266	0.04886288
267	0.04884561
268	0.04886430
269	0.04885237
270	0.04884775
271	0.04884596
272	0.04886162
273	0.04883036
274	0.04884202
275	0.04883943
276	0.04881751
277	0.04883404
278	0.04884141
279	0.04883612
280	0.04886378
281	0.04881860
282	0.04883317
283	0.04885750
284	0.04881651
285	0.04882775
286	0.04885251
287	0.04883278
288	0.04884518
289	0.04885354
290	0.04885055
291	0.04885483
292	0.04887826
293	0.04887882
294	0.04887660
295	0.04888988
296	0.04886423
297	0.04888561
298	0.04888621
299	0.04889341
300	0.04888826
301	0.04890222
302	0.04889923
303	0.04891510
304	0.04893038
305	0.04891239
306	0.04891641
307	0.04890706
308	0.04892524
309	0.04891066
310	0.04893126
311	0.04893284
312	0.04894013
313	0.04894656
314	0.04891461
315	0.04891047
316	0.04892743
317	0.04891422
318	0.04891938
319	0.04891101
320	0.04890053
321	0.04888250
322	0.04890228
323	0.04890036
324	0.04892868
325	0.04890595
326	0.04890635
327	0.04891261
328	0.04891045
329	0.04890945
330	0.04888668
331	0.04889715
332	0.04890949
333	0.04890107
334	0.04891674
335	0.04890507
336	0.04888653
337	0.04889834
338	0.04888330
339	0.04889731
340	0.04887692
341	0.04885634
342	0.04885969
343	0.04885526
344	0.04884445
345	0.04884777
346	0.04886308
347	0.04882981
348	0.04882094
349	0.04882329
350	0.04884375
351	0.04882199
352	0.04879855
353	0.04877888
354	0.04878491
355	0.04875004
356	0.04876603
357	0.04875923
358	0.04877330
359	0.04876007
360	0.04875006
361	0.04872321
362	0.04869143
363	0.04873593
364	0.04871113
365	0.04871066
366	0.04868228
367	0.04869180
368	0.04870065
369	0.04865342
370	0.04868132
371	0.04863916
372	0.04862910
373	0.04859536
374	0.04860249
375	0.04859622
376	0.04857499
377	0.04857279
378	0.04860390
379	0.04857808
380	0.04858643
381	0.04859880
382	0.04857265
383	0.04857691
384	0.04858770
385	0.04855110
386	0.04855601
387	0.04857752
388	0.04859007
389	0.04858170
390	0.04858520
391	0.04859654
392	0.04862192
393	0.04860214
394	0.04860441
395	0.04860799
396	0.04857031
397	0.04859595
398	0.04859493
399	0.04860301
400	0.04861102
401	0.04861842
402	0.04861533
403	0.04861088
404	0.04860741
405	0.04861177
406	0.04859131
407	0.04860486
408	0.04861408
409	0.04861600
410	0.04858549
411	0.04861958
412	0.04862082
413	0.04864947
414	0.04861802
415	0.04863526
416	0.04863497
417	0.04863527
418	0.04863413
419	0.04863997
420	0.04863118
421	0.04863793
422	0.04863625
423	0.04866271
424	0.04866480
425	0.04865725
426	0.04864641
427	0.04867161
428	0.04864397
429	0.04863678
430	0.04862271
431	0.04863082
432	0.04863469
433	0.04862602
434	0.04860318
435	0.04863971
436	0.04864703
437	0.04860979
438	0.04861185
439	0.04860569
440	0.04860876
441	0.04857704
442	0.04856601
443	0.04856612
444	0.04859559
445	0.04857314
446	0.04856865
447	0.04857738
448	0.04857724
449	0.04854745
450	0.04855912
451	0.04854958
452	0.04855162
453	0.04853560
454	0.04856515
455	0.04855599
456	0.04855723
457	0.04857229
458	0.04858227
459	0.04858999
460	0.04857173
461	0.04860203
462	0.04858443
463	0.04857548
464	0.04859556
465	0.04861513
466	0.04858376
467	0.04863347
468	0.04862818
469	0.04862560
470	0.04861641
471	0.04864101
472	0.04862773
473	0.04858901
474	0.04860844
475	0.04859393
476	0.04859454
477	0.04858061
478	0.04857627
479	0.04856280
480	0.04858742
481	0.04856167
482	0.04852943
483	0.04849889
484	0.04851019
485	0.04849384
486	0.04846691
487	0.04844213
488	0.04844274
489	0.04843808
490	0.04843521
491	0.04842705
492	0.04841102
493	0.04838888
494	0.04836302
495	0.04833788
496	0.04831421
497	0.04829658
498	0.04829349
499	0.04826198
500	0.04824962
501	0.04825869
502	0.04822287
503	0.04823390
504	0.04818917
505	0.04817249
506	0.04815964
507	0.04816941
508	0.04811696
509	0.04810854
510	0.04810676
511	0.04809477
512	0.04808917
513	0.04807695
514	0.04807420
515	0.04803906
516	0.04801003
517	0.04801174
518	0.04797715
519	0.04795798
520	0.04795716
521	0.04795705
522	0.04794728
523	0.04795783
524	0.04796593
525	0.04793106
526	0.04791106
527	0.04793100
528	0.04791701
529	0.04791178
530	0.04793073
531	0.04793147
532	0.04792235
533	0.04790606
534	0.04793307
535	0.04792182
536	0.04794508
537	0.04794367
538	0.04792572
539	0.04795206
540	0.04792696
541	0.04792933
542	0.04793214
543	0.04792693
544	0.04795750
545	0.04796162
546	0.04796099
547	0.04798020
548	0.04797987
549	0.04799704
550	0.04799751
551	0.04799798
552	0.04800050
553	0.04799088
554	0.04799600
555	0.04800031
556	0.04802493
557	0.04803394
558	0.04804166
559	0.04805370
560	0.04803709
561	0.04805190
562	0.04805281
563	0.04802846
564	0.04805013
565	0.04807525
566	0.04806871
567	0.04806903
568	0.04807931
569	0.04811644
570	0.04810241
571	0.04810886
572	0.04812932
573	0.04809994
574	0.04810445
575	0.04813712
576	0.04813900
577	0.04814285
578	0.04819826
579	0.04817943
580	0.04820863
581	0.04825855
582	0.04824553
583	0.04827457
584	0.04826507
585	0.04829199
586	0.04830079
587	0.04832767
588	0.04834303
589	0.04838423
590	0.04835802
591	0.04840571
592	0.04839830
593	0.04838245
594	0.04837915
595	0.04837526
596	0.04838270
597	0.04837486
598	0.04839743
599	0.04842530
600	0.04840445