	C:\Users\jkuzm\OneDrive - University of Massachusetts\HRSL x UMILL-PUMA Fatigue - Fatigue\Data\F01\FR3_static3.c3d _ImpedanceExport
	RCAL2
	TARGET
	ORIGINAL
ITEM	Z
1	0.01769412
2	0.01772579
3	0.01770011
4	0.01767737
5	0.01765748
6	0.01765605
7	0.01764095
8	0.01764212
9	0.01764508
10	0.01763115
11	0.01762289
12	0.01763090
13	0.01761921
14	0.01759367
15	0.01763055
16	0.01760517
17	0.01760248
18	0.01759281
19	0.01759468
20	0.01759857
21	0.01758957
22	0.01759223
23	0.01759989
24	0.01754407
25	0.01755813
26	0.01755326
27	0.01755677
28	0.01752398
29	0.01751699
30	0.01751984
31	0.01751616
32	0.01750320
33	0.01746890
34	0.01748026
35	0.01747534
36	0.01747556
37	0.01745464
38	0.01745517
39	0.01743695
40	0.01740992
41	0.01740976
42	0.01737655
43	0.01737469
44	0.01733754
45	0.01735987
46	0.01735055
47	0.01731118
48	0.01733490
49	0.01733515
50	0.01730141
51	0.01727491
52	0.01725852
53	0.01725906
54	0.01726141
55	0.01724551
56	0.01725139
57	0.01724544
58	0.01727773
59	0.01725518
60	0.01728015
61	0.01730648
62	0.01733035
63	0.01730147
64	0.01732522
65	0.01737401
66	0.01735378
67	0.01736464
68	0.01739869
69	0.01739198
70	0.01740177
71	0.01741504
72	0.01744224
73	0.01744607
74	0.01744277
75	0.01746989
76	0.01745545
77	0.01750238
78	0.01748847
79	0.01748930
80	0.01749347
81	0.01751998
82	0.01752719
83	0.01751008
84	0.01752684
85	0.01752565
86	0.01753361
87	0.01753363
88	0.01753102
89	0.01751325
90	0.01752776
91	0.01750766
92	0.01750887
93	0.01750803
94	0.01750425
95	0.01750786
96	0.01750772
97	0.01749483
98	0.01748271
99	0.01751281
100	0.01751866
101	0.01752770
102	0.01754603
103	0.01757760
104	0.01757201
105	0.01759291
106	0.01760844
107	0.01761664
108	0.01762482
109	0.01764723
110	0.01767574
111	0.01766231
112	0.01768508
113	0.01767575
114	0.01768591
115	0.01768381
116	0.01768881
117	0.01772695
118	0.01771641
119	0.01774015
120	0.01774524
121	0.01770908
122	0.01775769
123	0.01775515
124	0.01774962
125	0.01774232
126	0.01775558
127	0.01777010
128	0.01774937
129	0.01774841
130	0.01776303
131	0.01775261
132	0.01776479
133	0.01776550
134	0.01774830
135	0.01774898
136	0.01774759
137	0.01774699
138	0.01772824
139	0.01772361
140	0.01773328
141	0.01771624
142	0.01770067
143	0.01770519
144	0.01769372
145	0.01768063
146	0.01770149
147	0.01769509
148	0.01770896
149	0.01769674
150	0.01769308
151	0.01769940
152	0.01767620
153	0.01768043
154	0.01768174
155	0.01766599
156	0.01768727
157	0.01765448
158	0.01765442
159	0.01765540
160	0.01764913
161	0.01765250
162	0.01764355
163	0.01767665
164	0.01765255
165	0.01765972
166	0.01765128
167	0.01767206
168	0.01766151
169	0.01764984
170	0.01766243
171	0.01765944
172	0.01766458
173	0.01768573
174	0.01767986
175	0.01767758
176	0.01769653
177	0.01768872
178	0.01768189
179	0.01768230
180	0.01767884
181	0.01768258
182	0.01769879
183	0.01768697
184	0.01768509
185	0.01767643
186	0.01764423
187	0.01765441
188	0.01764381
189	0.01765459
190	0.01764446
191	0.01762509
192	0.01763620
193	0.01761274
194	0.01760685
195	0.01760950
196	0.01760792
197	0.01757781
198	0.01756576
199	0.01754761
200	0.01754331
201	0.01754043
202	0.01755547
203	0.01753082
204	0.01755403
205	0.01753793
206	0.01754292
207	0.01754140
208	0.01754628
209	0.01753680
210	0.01753254
211	0.01754995
212	0.01754386
213	0.01756222
214	0.01754352
215	0.01755500
216	0.01755618
217	0.01753571
218	0.01758137
219	0.01757472
220	0.01758113
221	0.01759237
222	0.01761143
223	0.01761260
224	0.01761021
225	0.01762492
226	0.01762072
227	0.01763417
228	0.01762893
229	0.01763258
230	0.01764399
231	0.01765176
232	0.01765830
233	0.01765121
234	0.01767040
235	0.01766723
236	0.01766756
237	0.01768268
238	0.01769334
239	0.01768077
240	0.01766047
241	0.01767795
242	0.01767799
243	0.01769264
244	0.01767837
245	0.01768407
246	0.01768178
247	0.01767308
248	0.01768056
249	0.01767782
250	0.01768417
251	0.01767810
252	0.01767288
253	0.01767889
254	0.01767372
255	0.01766845
256	0.01765820
257	0.01765377
258	0.01766070
259	0.01765560
260	0.01768051
261	0.01766682
262	0.01765385
263	0.01768164
264	0.01765941
265	0.01768817
266	0.01767308
267	0.01767483
268	0.01768685
269	0.01767347
270	0.01768152
271	0.01768728
272	0.01768180
273	0.01767212
274	0.01769129
275	0.01767612
276	0.01769538
277	0.01769887
278	0.01770481
279	0.01770608
280	0.01772098
281	0.01772238
282	0.01772577
283	0.01772729
284	0.01772959
285	0.01772001
286	0.01768989
287	0.01772778
288	0.01771683
289	0.01770164
290	0.01770901
291	0.01767740
292	0.01769685
293	0.01766798
294	0.01765586
295	0.01765081
296	0.01764648
297	0.01762850
298	0.01762026
299	0.01760147
300	0.01759258
301	0.01760838
302	0.01759095
303	0.01758951
304	0.01760815
305	0.01758720
306	0.01758139
307	0.01759080
308	0.01761455
309	0.01759756
310	0.01759312
311	0.01759376
312	0.01761002
313	0.01760144
314	0.01759580
315	0.01760486
316	0.01760914
317	0.01762399
318	0.01763777
319	0.01763215
320	0.01760784
321	0.01761737
322	0.01762380
323	0.01760432
324	0.01760800
325	0.01760624
326	0.01758717
327	0.01760002
328	0.01759734
329	0.01757028
330	0.01758030
331	0.01758061
332	0.01757779
333	0.01758013
334	0.01757809
335	0.01759296
336	0.01758469
337	0.01761184
338	0.01762117
339	0.01759594
340	0.01761578
341	0.01764623
342	0.01763144
343	0.01765896
344	0.01766687
345	0.01767602
346	0.01768661
347	0.01770863
348	0.01771053
349	0.01771393
350	0.01774328
351	0.01775267
352	0.01774108
353	0.01778186
354	0.01779990
355	0.01781705
356	0.01779942
357	0.01778998
358	0.01782200
359	0.01782647
360	0.01783628
361	0.01783801
362	0.01785983
363	0.01786729
364	0.01787234
365	0.01786914
366	0.01789026
367	0.01788796
368	0.01788350
369	0.01790806
370	0.01788200
371	0.01789405
372	0.01790066
373	0.01792029
374	0.01790720
375	0.01796806
376	0.01791883
377	0.01796575
378	0.01793387
379	0.01796607
380	0.01797448
381	0.01798830
382	0.01798704
383	0.01798330
384	0.01797791
385	0.01801175
386	0.01801360
387	0.01799298
388	0.01801852
389	0.01799616
390	0.01799188
391	0.01797658
392	0.01799362
393	0.01797677
394	0.01795974
395	0.01795825
396	0.01796582
397	0.01795044
398	0.01793348
399	0.01796322
400	0.01794658
401	0.01793629
402	0.01797259
403	0.01795361
404	0.01796639
405	0.01796201
406	0.01792672
407	0.01792152
408	0.01791363
409	0.01792671
410	0.01792580
411	0.01790561
412	0.01792415
413	0.01792146
414	0.01793243
415	0.01791224
416	0.01792753
417	0.01791260
418	0.01793918
419	0.01791964
420	0.01791952
421	0.01788644
422	0.01792182
423	0.01789330
424	0.01791563
425	0.01793044
426	0.01788407
427	0.01788957
428	0.01789564
429	0.01788020
430	0.01786027
431	0.01788105
432	0.01788111
433	0.01787805
434	0.01788737
435	0.01788167
436	0.01788259
437	0.01788628
438	0.01790502
439	0.01791072
440	0.01788140
441	0.01787146
442	0.01789377
443	0.01790059
444	0.01789695
445	0.01788571
446	0.01790718
447	0.01786690
448	0.01790611
449	0.01788014
450	0.01787721
451	0.01786932
452	0.01784803
453	0.01785854
454	0.01783600
455	0.01783249
456	0.01782670
457	0.01784001
458	0.01780594
459	0.01777757
460	0.01778490
461	0.01774286
462	0.01775971
463	0.01773605
464	0.01772791
465	0.01770228
466	0.01770883
467	0.01770191
468	0.01772133
469	0.01771044
470	0.01773078
471	0.01771359
472	0.01773912
473	0.01775482
474	0.01776500
475	0.01778715
476	0.01779814
477	0.01780240
478	0.01781333
479	0.01783773
480	0.01787084
481	0.01787057
482	0.01787494
483	0.01790854
484	0.01791783
485	0.01795644
486	0.01795264
487	0.01797472
488	0.01798157
489	0.01797391
490	0.01801078
491	0.01803023
492	0.01802034
493	0.01807535
494	0.01808562
495	0.01808587
496	0.01811287
497	0.01814875
498	0.01817173
499	0.01818383
500	0.01819726
501	0.01822959
502	0.01826516
503	0.01827168
504	0.01831000
505	0.01832121
506	0.01838369
507	0.01838132
508	0.01841360
509	0.01843145
510	0.01846257
511	0.01849013
512	0.01848144
513	0.01852760
514	0.01852364
515	0.01856109
516	0.01860951
517	0.01862284
518	0.01865139
519	0.01864327
520	0.01868483
521	0.01871195
522	0.01870991
523	0.01872705
524	0.01877098
525	0.01875822
526	0.01876767
527	0.01877530
528	0.01878691
529	0.01878656
530	0.01880455
531	0.01878410
532	0.01881480
533	0.01881886
534	0.01879414
535	0.01883093
536	0.01879987
537	0.01879807
538	0.01878749
539	0.01878105
540	0.01878909
541	0.01880117
542	0.01878956
543	0.01875232
544	0.01877553
545	0.01876157
546	0.01875147
547	0.01874291
548	0.01874094
549	0.01872315
550	0.01871433
551	0.01869899
552	0.01868873
553	0.01869825
554	0.01869043
555	0.01869359
556	0.01870105
557	0.01866317
558	0.01868643
559	0.01868380
560	0.01867051
561	0.01867651
562	0.01868206
563	0.01866399
564	0.01866546
565	0.01865632
566	0.01866521
567	0.01862763
568	0.01862910
569	0.01860985
570	0.01861129
571	0.01860459
572	0.01856953
573	0.01857862
574	0.01857843
575	0.01855421
576	0.01853720
577	0.01851567
578	0.01850234
579	0.01848929
580	0.01845176
581	0.01844201
582	0.01842238
583	0.01841586
584	0.01839307
585	0.01838117
586	0.01835511
587	0.01832266
588	0.01831034
589	0.01828521
590	0.01830767
591	0.01828007
592	0.01828041
593	0.01824192
594	0.01825172
595	0.01827384
596	0.01823901
597	0.01827093
598	0.01824303
599	0.01825182
600	0.01826419