	C:\Users\jkuzm\OneDrive - University of Massachusetts\HRSL x UMILL-PUMA Fatigue - Fatigue\Data\F01\FR3_static3.c3d _ImpedanceExport
	LMT5H
	TARGET
	ORIGINAL
ITEM	Y
1	0.41147611
2	0.41147825
3	0.41145438
4	0.41200060
5	0.41197684
6	0.41197780
7	0.41197169
8	0.41195777
9	0.41199183
10	0.41196212
11	0.41195956
12	0.41196340
13	0.41195574
14	0.41195384
15	0.41193765
16	0.41194123
17	0.41194493
18	0.41193560
19	0.41192937
20	0.41193512
21	0.41196570
22	0.41193429
23	0.41193974
24	0.41193503
25	0.41192600
26	0.41191268
27	0.41190663
28	0.41188988
29	0.41189763
30	0.41190851
31	0.41189072
32	0.41189706
33	0.41189295
34	0.41188717
35	0.41189116
36	0.41188356
37	0.41188937
38	0.41187042
39	0.41184711
40	0.41185874
41	0.41183665
42	0.41181099
43	0.41183120
44	0.41183656
45	0.41183519
46	0.41182220
47	0.41182128
48	0.41181535
49	0.41182202
50	0.41179270
51	0.41177183
52	0.41178393
53	0.41179818
54	0.41178831
55	0.41180313
56	0.41178712
57	0.41179147
58	0.41178334
59	0.41177765
60	0.41177586
61	0.41178200
62	0.41177413
63	0.41178510
64	0.41180867
65	0.41181344
66	0.41182712
67	0.41183704
68	0.41184235
69	0.41184315
70	0.41182217
71	0.41181627
72	0.41180491
73	0.41182202
74	0.41184548
75	0.41185272
76	0.41186166
77	0.41186917
78	0.41187447
79	0.41189250
80	0.41189814
81	0.41184548
82	0.41188323
83	0.41186517
84	0.41186339
85	0.41185346
86	0.41186139
87	0.41185910
88	0.41187483
89	0.41187784
90	0.41187111
91	0.41186380
92	0.41185790
93	0.41183922
94	0.41186601
95	0.41185808
96	0.41187024
97	0.41186592
98	0.41185054
99	0.41187304
100	0.41186038
101	0.41187260
102	0.41188058
103	0.41187337
104	0.41187853
105	0.41188762
106	0.41189298
107	0.41190732
108	0.41191620
109	0.41192579
110	0.41192931
111	0.41194394
112	0.41192153
113	0.41192669
114	0.41193748
115	0.41194361
116	0.41195294
117	0.41196191
118	0.41195232
119	0.41195065
120	0.41197240
121	0.41197285
122	0.41197133
123	0.41197348
124	0.41197994
125	0.41195756
126	0.41195005
127	0.41196164
128	0.41197723
129	0.41195822
130	0.41195521
131	0.41197169
132	0.41197056
133	0.41199058
134	0.41197851
135	0.41198704
136	0.41198087
137	0.41198155
138	0.41196272
139	0.41196379
140	0.41195780
141	0.41195366
142	0.41195881
143	0.41194448
144	0.41197324
145	0.41196215
146	0.41197160
147	0.41195470
148	0.41195214
149	0.41195610
150	0.41195634
151	0.41194412
152	0.41195729
153	0.41195011
154	0.41195804
155	0.41196680
156	0.41193843
157	0.41195235
158	0.41193727
159	0.41192576
160	0.41194418
161	0.41192546
162	0.41193998
163	0.41193947
164	0.41194513
165	0.41196427
166	0.41196039
167	0.41194776
168	0.41193852
169	0.41195458
170	0.41194010
171	0.41194627
172	0.41193578
173	0.41194189
174	0.41194278
175	0.41194317
176	0.41196612
177	0.41198516
178	0.41195491
179	0.41195321
180	0.41195863
181	0.41195834
182	0.41195387
183	0.41194081
184	0.41191912
185	0.41193137
186	0.41194132
187	0.41192859
188	0.41193977
189	0.41193494
190	0.41193110
191	0.41192326
192	0.41192231
193	0.41191220
194	0.41190872
195	0.41192296
196	0.41192281
197	0.41191354
198	0.41191056
199	0.41189468
200	0.41190162
201	0.41190046
202	0.41188216
203	0.41188490
204	0.41187435
205	0.41186655
206	0.41187748
207	0.41187081
208	0.41187921
209	0.41187105
210	0.41188011
211	0.41189823
212	0.41189256
213	0.41187322
214	0.41189152
215	0.41187218
216	0.41185167
217	0.41184580
218	0.41188008
219	0.41187161
220	0.41189516
221	0.41190389
222	0.41190201
223	0.41190606
224	0.41192013
225	0.41189516
226	0.41190243
227	0.41191259
228	0.41190112
229	0.41192311
230	0.41190842
231	0.41191542
232	0.41193384
233	0.41193032
234	0.41193491
235	0.41191727
236	0.41191813
237	0.41191617
238	0.41192663
239	0.41194552
240	0.41195321
241	0.41193697
242	0.41194206
243	0.41193172
244	0.41194484
245	0.41194254
246	0.41193947
247	0.41193661
248	0.41192675
249	0.41193077
250	0.41193193
251	0.41194233
252	0.41196734
253	0.41194403
254	0.41194290
255	0.41195637
256	0.41194642
257	0.41194206
258	0.41193718
259	0.41193321
260	0.41193047
261	0.41193643
262	0.41193449
263	0.41194808
264	0.41195029
265	0.41195524
266	0.41195589
267	0.41192949
268	0.41194540
269	0.41194114
270	0.41195443
271	0.41194019
272	0.41193786
273	0.41195706
274	0.41195673
275	0.41195351
276	0.41195515
277	0.41196814
278	0.41196319
279	0.41197291
280	0.41195428
281	0.41195700
282	0.41195399
283	0.41196868
284	0.41194245
285	0.41195190
286	0.41195938
287	0.41195384
288	0.41194481
289	0.41195017
290	0.41195378
291	0.41194791
292	0.41193101
293	0.41193196
294	0.41193283
295	0.41193467
296	0.41193089
297	0.41193223
298	0.41193274
299	0.41192052
300	0.41192251
301	0.41191030
302	0.41190693
303	0.41190475
304	0.41189757
305	0.41190767
306	0.41190940
307	0.41191626
308	0.41190800
309	0.41192999
310	0.41189262
311	0.41191271
312	0.41189140
313	0.41189370
314	0.41188905
315	0.41189784
316	0.41189542
317	0.41189194
318	0.41189700
319	0.41189057
320	0.41189554
321	0.41191345
322	0.41189519
323	0.41191551
324	0.41188726
325	0.41190737
326	0.41186884
327	0.41187897
328	0.41188022
329	0.41188037
330	0.41188213
331	0.41189229
332	0.41188002
333	0.41187081
334	0.41188952
335	0.41188589
336	0.41188213
337	0.41186130
338	0.41187105
339	0.41185948
340	0.41187918
341	0.41189238
342	0.41188774
343	0.41188940
344	0.41189742
345	0.41190282
346	0.41188043
347	0.41189587
348	0.41190663
349	0.41189837
350	0.41191301
351	0.41191813
352	0.41192809
353	0.41194847
354	0.41195464
355	0.41197625
356	0.41195390
357	0.41195905
358	0.41198635
359	0.41197211
360	0.41196474
361	0.41197816
362	0.41196987
363	0.41197860
364	0.41200709
365	0.41201520
366	0.41200259
367	0.41200176
368	0.41202003
369	0.41201136
370	0.41200602
371	0.41201928
372	0.41199893
373	0.41199544
374	0.41202044
375	0.41202530
376	0.41202289
377	0.41202775
378	0.41203913
379	0.41202617
380	0.41203883
381	0.41203919
382	0.41203833
383	0.41204101
384	0.41203335
385	0.41204226
386	0.41205040
387	0.41204092
388	0.41203225
389	0.41203853
390	0.41205183
391	0.41205102
392	0.41203752
393	0.41202956
394	0.41203803
395	0.41203958
396	0.41202602
397	0.41202751
398	0.41203207
399	0.41201025
400	0.41201916
401	0.41201538
402	0.41201726
403	0.41203308
404	0.41202441
405	0.41202262
406	0.41203046
407	0.41201246
408	0.41203043
409	0.41201374
410	0.41202331
411	0.41202331
412	0.41202682
413	0.41200185
414	0.41201377
415	0.41200829
416	0.41201299
417	0.41200915
418	0.41201085
419	0.41201654
420	0.41200802
421	0.41202983
422	0.41201553
423	0.41201422
424	0.41201341
425	0.41200948
426	0.41199777
427	0.41198555
428	0.41200635
429	0.41200125
430	0.41201004
431	0.41202268
432	0.41202784
433	0.41201234
434	0.41200995
435	0.41202429
436	0.41202125
437	0.41201860
438	0.41201717
439	0.41200560
440	0.41203466
441	0.41202801
442	0.41203073
443	0.41203052
444	0.41204637
445	0.41204974
446	0.41203600
447	0.41203281
448	0.41202664
449	0.41203609
450	0.41202569
451	0.41204125
452	0.41203007
453	0.41202641
454	0.41204488
455	0.41206199
456	0.41206777
457	0.41203973
458	0.41204807
459	0.41204947
460	0.41203216
461	0.41201866
462	0.41201082
463	0.41202599
464	0.41203329
465	0.41201273
466	0.41201285
467	0.41200125
468	0.41199341
469	0.41199470
470	0.41198125
471	0.41197377
472	0.41198474
473	0.41199449
474	0.41199192
475	0.41197604
476	0.41198751
477	0.41197819
478	0.41198733
479	0.41197407
480	0.41198328
481	0.41198671
482	0.41198224
483	0.41199589
484	0.41199458
485	0.41200513
486	0.41200575
487	0.41202357
488	0.41199991
489	0.41203788
490	0.41201690
491	0.41200539
492	0.41201887
493	0.41201049
494	0.41199645
495	0.41201359
496	0.41202429
497	0.41204128
498	0.41205612
499	0.41204715
500	0.41205797
501	0.41206291
502	0.41206339
503	0.41206115
504	0.41207170
505	0.41207060
506	0.41207206
507	0.41208416
508	0.41210300
509	0.41211420
510	0.41211170
511	0.41213790
512	0.41214684
513	0.41212159
514	0.41212481
515	0.41213384
516	0.41213587
517	0.41215441
518	0.41217199
519	0.41218433
520	0.41218206
521	0.41217232
522	0.41216245
523	0.41215381
524	0.41215816
525	0.41216525
526	0.41215578
527	0.41213912
528	0.41215488
529	0.41214073
530	0.41214943
531	0.41213852
532	0.41214630
533	0.41215727
534	0.41216657
535	0.41213998
536	0.41213751
537	0.41214061
538	0.41214901
539	0.41215748
540	0.41215274
541	0.41216081
542	0.41217610
543	0.41215217
544	0.41216075
545	0.41215521
546	0.41214019
547	0.41213953
548	0.41215000
549	0.41216856
550	0.41216171
551	0.41213772
552	0.41216677
553	0.41214976
554	0.41214478
555	0.41215020
556	0.41215137
557	0.41215050
558	0.41213009
559	0.41215310
560	0.41214365
561	0.41214859
562	0.41215476
563	0.41214800
564	0.41214216
565	0.41216695
566	0.41215289
567	0.41211984
568	0.41212645
569	0.41211909
570	0.41210887
571	0.41211540
572	0.41212150
573	0.41211787
574	0.41213107
575	0.41209951
576	0.41211626
577	0.41209278
578	0.41211051
579	0.41207510
580	0.41207156
581	0.41206548
582	0.41206896
583	0.41205031
584	0.41206628
585	0.41207501
586	0.41204262
587	0.41204885
588	0.41204661
589	0.41204041
590	0.41202837
591	0.41203275
592	0.41203356
593	0.41203088
594	0.41203395
595	0.41204202
596	0.41204825
597	0.41204706
598	0.41204190
599	0.41203481
600	0.41203302