	C:\Users\jkuzm\OneDrive - University of Massachusetts\HRSL x UMILL-PUMA Fatigue - Fatigue\Data\F01\FR3_static3.c3d _ImpedanceExport
	LCAL3
	TARGET
	ORIGINAL
ITEM	Z
1	0.02648325
2	0.02648643
3	0.02648020
4	0.02647744
5	0.02644763
6	0.02645300
7	0.02643954
8	0.02642852
9	0.02640892
10	0.02641832
11	0.02640768
12	0.02640748
13	0.02640281
14	0.02639507
15	0.02636953
16	0.02638940
17	0.02636692
18	0.02637037
19	0.02635495
20	0.02636971
21	0.02632362
22	0.02630399
23	0.02631467
24	0.02631000
25	0.02629913
26	0.02629729
27	0.02629859
28	0.02628933
29	0.02626198
30	0.02627378
31	0.02625087
32	0.02625198
33	0.02623011
34	0.02625280
35	0.02621635
36	0.02620859
37	0.02619058
38	0.02618114
39	0.02617817
40	0.02612286
41	0.02611228
42	0.02611443
43	0.02609853
44	0.02610396
45	0.02608552
46	0.02607284
47	0.02608127
48	0.02605366
49	0.02601648
50	0.02603018
51	0.02599654
52	0.02598466
53	0.02597762
54	0.02595097
55	0.02596562
56	0.02596684
57	0.02596684
58	0.02597910
59	0.02595681
60	0.02599184
61	0.02599996
62	0.02601241
63	0.02601890
64	0.02602239
65	0.02605438
66	0.02605676
67	0.02606826
68	0.02607738
69	0.02608683
70	0.02610005
71	0.02611036
72	0.02613123
73	0.02615202
74	0.02615069
75	0.02616539
76	0.02620363
77	0.02617474
78	0.02620278
79	0.02623184
80	0.02622113
81	0.02623267
82	0.02621954
83	0.02624003
84	0.02620452
85	0.02622914
86	0.02623195
87	0.02620209
88	0.02618935
89	0.02620863
90	0.02619785
91	0.02618429
92	0.02619431
93	0.02616408
94	0.02615607
95	0.02617003
96	0.02617349
97	0.02619044
98	0.02616141
99	0.02618598
100	0.02619731
101	0.02619944
102	0.02621153
103	0.02621385
104	0.02625670
105	0.02626748
106	0.02629434
107	0.02628636
108	0.02630262
109	0.02632574
110	0.02636125
111	0.02633580
112	0.02633088
113	0.02636707
114	0.02637296
115	0.02642577
116	0.02638879
117	0.02641907
118	0.02643252
119	0.02641712
120	0.02645637
121	0.02643110
122	0.02645971
123	0.02645878
124	0.02642827
125	0.02644705
126	0.02645274
127	0.02647410
128	0.02645278
129	0.02644257
130	0.02645243
131	0.02646234
132	0.02645688
133	0.02643140
134	0.02647118
135	0.02645264
136	0.02648076
137	0.02647250
138	0.02645577
139	0.02643265
140	0.02644395
141	0.02644925
142	0.02642104
143	0.02642414
144	0.02641027
145	0.02640735
146	0.02642648
147	0.02641267
148	0.02639542
149	0.02638149
150	0.02642048
151	0.02641032
152	0.02640353
153	0.02634749
154	0.02638377
155	0.02639021
156	0.02636970
157	0.02635421
158	0.02636781
159	0.02633503
160	0.02635638
161	0.02633281
162	0.02633530
163	0.02637755
164	0.02634191
165	0.02638097
166	0.02637718
167	0.02637248
168	0.02634447
169	0.02638000
170	0.02639821
171	0.02639452
172	0.02637872
173	0.02638198
174	0.02639315
175	0.02639394
176	0.02640982
177	0.02642127
178	0.02639617
179	0.02642921
180	0.02637286
181	0.02641299
182	0.02640923
183	0.02639388
184	0.02640077
185	0.02637720
186	0.02637202
187	0.02637315
188	0.02637691
189	0.02634314
190	0.02633277
191	0.02638035
192	0.02633833
193	0.02636367
194	0.02636578
195	0.02635526
196	0.02632403
197	0.02628442
198	0.02627593
199	0.02626799
200	0.02626975
201	0.02627002
202	0.02625192
203	0.02623489
204	0.02623681
205	0.02623621
206	0.02622202
207	0.02623749
208	0.02624133
209	0.02622426
210	0.02621940
211	0.02622395
212	0.02621616
213	0.02623535
214	0.02627855
215	0.02623239
216	0.02627101
217	0.02624147
218	0.02624115
219	0.02624731
220	0.02625807
221	0.02627832
222	0.02628508
223	0.02628182
224	0.02633122
225	0.02632034
226	0.02637241
227	0.02635998
228	0.02636017
229	0.02636758
230	0.02636302
231	0.02635109
232	0.02637545
233	0.02638752
234	0.02639433
235	0.02640582
236	0.02641966
237	0.02640600
238	0.02642556
239	0.02643474
240	0.02641961
241	0.02642169
242	0.02640929
243	0.02642520
244	0.02638767
245	0.02642413
246	0.02640962
247	0.02641092
248	0.02641444
249	0.02639757
250	0.02640206
251	0.02640182
252	0.02642099
253	0.02639969
254	0.02637509
255	0.02640107
256	0.02640343
257	0.02640923
258	0.02639037
259	0.02639698
260	0.02640877
261	0.02641932
262	0.02641507
263	0.02640205
264	0.02639827
265	0.02641509
266	0.02639366
267	0.02642873
268	0.02642173
269	0.02641904
270	0.02643104
271	0.02643137
272	0.02642099
273	0.02642839
274	0.02644577
275	0.02642266
276	0.02642970
277	0.02644508
278	0.02643673
279	0.02644126
280	0.02647267
281	0.02646065
282	0.02644587
283	0.02644682
284	0.02644778
285	0.02642211
286	0.02640340
287	0.02640472
288	0.02639679
289	0.02638662
290	0.02639371
291	0.02636131
292	0.02635817
293	0.02635832
294	0.02632944
295	0.02635508
296	0.02634990
297	0.02632295
298	0.02633557
299	0.02631838
300	0.02630663
301	0.02632154
302	0.02627588
303	0.02628621
304	0.02627514
305	0.02629560
306	0.02626960
307	0.02626074
308	0.02626367
309	0.02626004
310	0.02627097
311	0.02626616
312	0.02627140
313	0.02627978
314	0.02627903
315	0.02628770
316	0.02626066
317	0.02627414
318	0.02626668
319	0.02628411
320	0.02627010
321	0.02629949
322	0.02626801
323	0.02626708
324	0.02628032
325	0.02625647
326	0.02626967
327	0.02625146
328	0.02624274
329	0.02625274
330	0.02621662
331	0.02624225
332	0.02620288
333	0.02619924
334	0.02617684
335	0.02618517
336	0.02618831
337	0.02619185
338	0.02621100
339	0.02620080
340	0.02621618
341	0.02622416
342	0.02623063
343	0.02623901
344	0.02625446
345	0.02626077
346	0.02628793
347	0.02629418
348	0.02631193
349	0.02635770
350	0.02636416
351	0.02638181
352	0.02639715
353	0.02640478
354	0.02638659
355	0.02644809
356	0.02644968
357	0.02647325
358	0.02646953
359	0.02650071
360	0.02651241
361	0.02651771
362	0.02651708
363	0.02651858
364	0.02654205
365	0.02653371
366	0.02655519
367	0.02654600
368	0.02654166
369	0.02655267
370	0.02655940
371	0.02655956
372	0.02658672
373	0.02658835
374	0.02660081
375	0.02661445
376	0.02660042
377	0.02661381
378	0.02663344
379	0.02662000
380	0.02664016
381	0.02664566
382	0.02663072
383	0.02664158
384	0.02664919
385	0.02664624
386	0.02663396
387	0.02664109
388	0.02664045
389	0.02665885
390	0.02664950
391	0.02665044
392	0.02663000
393	0.02662127
394	0.02666033
395	0.02663843
396	0.02662946
397	0.02664763
398	0.02663817
399	0.02665349
400	0.02661030
401	0.02662066
402	0.02662149
403	0.02662184
404	0.02662783
405	0.02662399
406	0.02658817
407	0.02661224
408	0.02658745
409	0.02659647
410	0.02660203
411	0.02659405
412	0.02658621
413	0.02657495
414	0.02660220
415	0.02661435
416	0.02661438
417	0.02660521
418	0.02660455
419	0.02658810
420	0.02660161
421	0.02661285
422	0.02660046
423	0.02660717
424	0.02661876
425	0.02657814
426	0.02658892
427	0.02659345
428	0.02659467
429	0.02660216
430	0.02659203
431	0.02660219
432	0.02658098
433	0.02660093
434	0.02661422
435	0.02663477
436	0.02664290
437	0.02663323
438	0.02665610
439	0.02666316
440	0.02666342
441	0.02666979
442	0.02667850
443	0.02669840
444	0.02670001
445	0.02671055
446	0.02673564
447	0.02673414
448	0.02673787
449	0.02674435
450	0.02676199
451	0.02675860
452	0.02675397
453	0.02675689
454	0.02677991
455	0.02677803
456	0.02678649
457	0.02677192
458	0.02677679
459	0.02675085
460	0.02676929
461	0.02673805
462	0.02670459
463	0.02670217
464	0.02669317
465	0.02666898
466	0.02666285
467	0.02665762
468	0.02664690
469	0.02665306
470	0.02663498
471	0.02666510
472	0.02663468
473	0.02665121
474	0.02664116
475	0.02667667
476	0.02666384
477	0.02668009
478	0.02669841
479	0.02668275
480	0.02669668
481	0.02672208
482	0.02671875
483	0.02673086
484	0.02675316
485	0.02675147
486	0.02676284
487	0.02675852
488	0.02677949
489	0.02681230
490	0.02681819
491	0.02683062
492	0.02683489
493	0.02684198
494	0.02687087
495	0.02687491
496	0.02687073
497	0.02689246
498	0.02692211
499	0.02695981
500	0.02694755
501	0.02696443
502	0.02696613
503	0.02700127
504	0.02699255
505	0.02703511
506	0.02702534
507	0.02705314
508	0.02704980
509	0.02708610
510	0.02707723
511	0.02708931
512	0.02710590
513	0.02711980
514	0.02717794
515	0.02715296
516	0.02719720
517	0.02720594
518	0.02721607
519	0.02721778
520	0.02722272
521	0.02726005
522	0.02725823
523	0.02725857
524	0.02724252
525	0.02724851
526	0.02722391
527	0.02724856
528	0.02722679
529	0.02721543
530	0.02720707
531	0.02718375
532	0.02718766
533	0.02719548
534	0.02718876
535	0.02718348
536	0.02716863
537	0.02714404
538	0.02717609
539	0.02714253
540	0.02713163
541	0.02712893
542	0.02712463
543	0.02715050
544	0.02713284
545	0.02711890
546	0.02712173
547	0.02712423
548	0.02712000
549	0.02711318
550	0.02710420
551	0.02711781
552	0.02709485
553	0.02710906
554	0.02710777
555	0.02713181
556	0.02712727
557	0.02712504
558	0.02712817
559	0.02711650
560	0.02713577
561	0.02712210
562	0.02711866
563	0.02712311
564	0.02712085
565	0.02709847
566	0.02711652
567	0.02709120
568	0.02708981
569	0.02707653
570	0.02705798
571	0.02705933
572	0.02703853
573	0.02700551
574	0.02699450
575	0.02698077
576	0.02699188
577	0.02698545
578	0.02696241
579	0.02694749
580	0.02694360
581	0.02693178
582	0.02692529
583	0.02687999
584	0.02686779
585	0.02686290
586	0.02685544
587	0.02684266
588	0.02683419
589	0.02681460
590	0.02679786
591	0.02678947
592	0.02678261
593	0.02678408
594	0.02677850
595	0.02678188
596	0.02679595
597	0.02680019
598	0.02680631
599	0.02680890
600	0.02682960