	C:\Users\jkuzm\OneDrive - University of Massachusetts\HRSL x UMILL-PUMA Fatigue - Fatigue\Data\F01\FR3_static3.c3d _ImpedanceExport
	LCAL2
	TARGET
	ORIGINAL
ITEM	X
1	0.16181000
2	0.16181174
3	0.16180220
4	0.16178837
5	0.16175863
6	0.16174604
7	0.16174969
8	0.16174451
9	0.16173758
10	0.16176526
11	0.16173159
12	0.16174823
13	0.16174434
14	0.16173930
15	0.16174403
16	0.16174184
17	0.16172609
18	0.16174778
19	0.16174550
20	0.16173163
21	0.16173404
22	0.16173795
23	0.16173412
24	0.16172698
25	0.16174954
26	0.16172348
27	0.16172688
28	0.16172488
29	0.16173777
30	0.16172978
31	0.16171500
32	0.16171268
33	0.16172498
34	0.16171466
35	0.16171438
36	0.16171643
37	0.16170755
38	0.16171564
39	0.16170761
40	0.16170564
41	0.16172783
42	0.16170955
43	0.16171575
44	0.16170792
45	0.16171087
46	0.16171689
47	0.16169921
48	0.16170380
49	0.16170023
50	0.16170867
51	0.16170527
52	0.16168864
53	0.16169080
54	0.16169681
55	0.16170207
56	0.16168797
57	0.16170751
58	0.16171268
59	0.16169734
60	0.16171210
61	0.16170476
62	0.16169676
63	0.16168627
64	0.16168988
65	0.16168711
66	0.16168663
67	0.16170591
68	0.16169569
69	0.16168767
70	0.16168764
71	0.16168416
72	0.16170150
73	0.16170745
74	0.16167766
75	0.16170833
76	0.16168520
77	0.16170125
78	0.16170663
79	0.16170081
80	0.16170049
81	0.16169368
82	0.16172105
83	0.16170870
84	0.16169593
85	0.16171345
86	0.16170850
87	0.16171515
88	0.16171227
89	0.16172436
90	0.16171609
91	0.16169402
92	0.16169763
93	0.16171356
94	0.16171104
95	0.16169190
96	0.16169669
97	0.16170216
98	0.16168152
99	0.16169648
100	0.16168956
101	0.16170155
102	0.16168998
103	0.16169678
104	0.16171253
105	0.16170128
106	0.16170724
107	0.16170736
108	0.16170977
109	0.16170046
110	0.16170771
111	0.16170317
112	0.16168907
113	0.16170815
114	0.16171977
115	0.16170597
116	0.16169886
117	0.16170397
118	0.16170004
119	0.16170138
120	0.16169101
121	0.16170435
122	0.16170327
123	0.16171175
124	0.16170581
125	0.16169955
126	0.16169558
127	0.16170143
128	0.16169435
129	0.16169053
130	0.16167946
131	0.16168687
132	0.16168180
133	0.16168091
134	0.16169089
135	0.16168845
136	0.16169393
137	0.16169557
138	0.16167541
139	0.16168140
140	0.16168490
141	0.16169281
142	0.16168296
143	0.16168287
144	0.16165376
145	0.16168498
146	0.16167210
147	0.16167088
148	0.16168362
149	0.16168062
150	0.16168135
151	0.16167988
152	0.16168392
153	0.16168940
154	0.16168422
155	0.16168134
156	0.16167165
157	0.16168077
158	0.16168104
159	0.16167064
160	0.16167122
161	0.16167282
162	0.16166916
163	0.16166395
164	0.16167536
165	0.16166352
166	0.16166715
167	0.16165684
168	0.16167477
169	0.16165765
170	0.16165923
171	0.16164766
172	0.16166478
173	0.16164762
174	0.16165239
175	0.16166195
176	0.16167107
177	0.16166666
178	0.16168235
179	0.16166990
180	0.16167456
181	0.16167255
182	0.16166075
183	0.16167903
184	0.16168335
185	0.16168801
186	0.16166927
187	0.16165975
188	0.16165167
189	0.16166371
190	0.16164494
191	0.16165201
192	0.16165861
193	0.16167380
194	0.16164893
195	0.16165438
196	0.16165553
197	0.16167162
198	0.16167471
199	0.16165553
200	0.16166364
201	0.16167048
202	0.16166477
203	0.16165917
204	0.16166674
205	0.16166554
206	0.16166367
207	0.16165769
208	0.16168705
209	0.16168603
210	0.16168141
211	0.16166033
212	0.16167644
213	0.16167855
214	0.16167730
215	0.16168596
216	0.16167204
217	0.16167244
218	0.16168952
219	0.16169553
220	0.16167726
221	0.16167426
222	0.16168098
223	0.16167930
224	0.16168253
225	0.16170706
226	0.16168867
227	0.16167176
228	0.16169886
229	0.16167875
230	0.16167387
231	0.16168116
232	0.16167906
233	0.16168700
234	0.16169062
235	0.16169150
236	0.16168092
237	0.16167916
238	0.16168746
239	0.16167964
240	0.16170341
241	0.16169696
242	0.16168711
243	0.16168000
244	0.16169448
245	0.16169399
246	0.16169511
247	0.16168950
248	0.16169417
249	0.16169922
250	0.16168559
251	0.16167933
252	0.16166615
253	0.16166927
254	0.16167723
255	0.16168401
256	0.16167518
257	0.16169061
258	0.16166897
259	0.16167252
260	0.16168895
261	0.16168179
262	0.16168116
263	0.16168688
264	0.16168398
265	0.16167486
266	0.16167925
267	0.16168118
268	0.16169249
269	0.16167833
270	0.16167049
271	0.16166280
272	0.16167910
273	0.16168368
274	0.16167018
275	0.16167873
276	0.16167779
277	0.16168307
278	0.16167402
279	0.16167416
280	0.16166855
281	0.16169673
282	0.16168690
283	0.16169326
284	0.16169366
285	0.16168250
286	0.16168848
287	0.16167799
288	0.16167694
289	0.16169055
290	0.16168219
291	0.16168846
292	0.16168010
293	0.16169372
294	0.16168343
295	0.16168572
296	0.16167940
297	0.16167739
298	0.16167431
299	0.16167234
300	0.16164629
301	0.16166069
302	0.16166897
303	0.16164441
304	0.16167000
305	0.16167119
306	0.16165943
307	0.16167089
308	0.16167654
309	0.16168538
310	0.16167565
311	0.16166689
312	0.16166882
313	0.16168451
314	0.16166675
315	0.16166514
316	0.16166799
317	0.16166808
318	0.16167718
319	0.16167496
320	0.16168186
321	0.16166176
322	0.16166140
323	0.16166776
324	0.16166624
325	0.16165961
326	0.16166709
327	0.16167422
328	0.16168529
329	0.16167645
330	0.16167307
331	0.16165410
332	0.16166109
333	0.16166301
334	0.16164683
335	0.16165562
336	0.16165920
337	0.16166529
338	0.16166867
339	0.16166116
340	0.16166103
341	0.16166152
342	0.16165701
343	0.16166733
344	0.16166745
345	0.16166078
346	0.16166300
347	0.16168608
348	0.16165711
349	0.16167261
350	0.16166279
351	0.16167757
352	0.16167979
353	0.16169050
354	0.16166721
355	0.16168220
356	0.16166030
357	0.16165908
358	0.16165400
359	0.16164611
360	0.16166686
361	0.16165617
362	0.16164908
363	0.16163559
364	0.16163951
365	0.16163878
366	0.16166149
367	0.16166165
368	0.16166341
369	0.16166534
370	0.16166525
371	0.16166142
372	0.16166990
373	0.16166697
374	0.16166900
375	0.16167146
376	0.16166048
377	0.16166571
378	0.16165042
379	0.16166848
380	0.16165228
381	0.16166297
382	0.16165362
383	0.16164301
384	0.16165683
385	0.16164000
386	0.16165340
387	0.16166028
388	0.16165492
389	0.16166031
390	0.16166390
391	0.16166525
392	0.16166456
393	0.16167349
394	0.16167708
395	0.16166703
396	0.16166246
397	0.16167213
398	0.16165024
399	0.16166732
400	0.16167438
401	0.16168199
402	0.16168338
403	0.16168584
404	0.16167900
405	0.16169906
406	0.16166092
407	0.16167508
408	0.16168950
409	0.16169246
410	0.16166794
411	0.16167058
412	0.16167036
413	0.16168626
414	0.16166966
415	0.16169028
416	0.16168524
417	0.16167048
418	0.16168325
419	0.16168590
420	0.16169995
421	0.16168784
422	0.16169541
423	0.16170348
424	0.16168794
425	0.16170299
426	0.16169415
427	0.16169995
428	0.16169813
429	0.16169693
430	0.16170867
431	0.16169162
432	0.16168973
433	0.16169417
434	0.16170116
435	0.16169593
436	0.16171215
437	0.16170976
438	0.16171296
439	0.16171740
440	0.16171061
441	0.16170940
442	0.16172558
443	0.16173621
444	0.16173695
445	0.16173555
446	0.16174026
447	0.16173711
448	0.16173454
449	0.16173638
450	0.16174035
451	0.16174534
452	0.16174462
453	0.16175115
454	0.16173951
455	0.16175625
456	0.16176926
457	0.16175459
458	0.16175538
459	0.16176388
460	0.16175558
461	0.16175108
462	0.16174804
463	0.16174948
464	0.16178147
465	0.16177393
466	0.16177206
467	0.16179226
468	0.16177659
469	0.16178721
470	0.16179697
471	0.16178848
472	0.16181017
473	0.16179606
474	0.16181971
475	0.16181292
476	0.16180556
477	0.16181943
478	0.16181082
479	0.16182570
480	0.16182563
481	0.16182445
482	0.16181496
483	0.16182028
484	0.16183452
485	0.16181774
486	0.16182926
487	0.16183056
488	0.16184087
489	0.16183680
490	0.16183296
491	0.16186373
492	0.16184038
493	0.16184354
494	0.16184542
495	0.16186370
496	0.16186900
497	0.16186722
498	0.16186798
499	0.16186617
500	0.16187823
501	0.16188271
502	0.16189343
503	0.16188499
504	0.16188984
505	0.16189955
506	0.16190505
507	0.16189323
508	0.16189578
509	0.16188814
510	0.16191445
511	0.16189502
512	0.16192219
513	0.16190799
514	0.16190864
515	0.16191338
516	0.16191772
517	0.16191787
518	0.16191514
519	0.16190532
520	0.16192649
521	0.16193639
522	0.16193512
523	0.16192454
524	0.16191962
525	0.16192693
526	0.16194479
527	0.16193157
528	0.16191345
529	0.16191934
530	0.16191652
531	0.16191348
532	0.16192748
533	0.16191617
534	0.16191575
535	0.16190240
536	0.16191910
537	0.16191082
538	0.16189328
539	0.16190727
540	0.16189444
541	0.16189767
542	0.16189051
543	0.16189349
544	0.16190028
545	0.16190758
546	0.16188768
547	0.16190484
548	0.16190347
549	0.16188657
550	0.16188778
551	0.16188528
552	0.16188712
553	0.16188794
554	0.16187948
555	0.16189437
556	0.16188705
557	0.16187479
558	0.16188747
559	0.16188648
560	0.16187550
561	0.16187483
562	0.16188231
563	0.16187337
564	0.16188024
565	0.16187313
566	0.16187781
567	0.16187741
568	0.16187109
569	0.16185382
570	0.16185415
571	0.16186215
572	0.16186272
573	0.16186363
574	0.16186331
575	0.16186486
576	0.16186191
577	0.16186574
578	0.16187640
579	0.16187128
580	0.16186197
581	0.16185048
582	0.16186669
583	0.16185737
584	0.16185211
585	0.16185652
586	0.16185035
587	0.16183725
588	0.16185680
589	0.16184594
590	0.16183557
591	0.16184786
592	0.16186129
593	0.16185957
594	0.16185512
595	0.16184941
596	0.16184935
597	0.16185376
598	0.16185921
599	0.16184908
600	0.16184475