	C:\Users\jkuzm\OneDrive - University of Massachusetts\HRSL x UMILL-PUMA Fatigue - Fatigue\Data\F01\FR3_static3.c3d _ImpedanceExport
	RMT1H
	TARGET
	ORIGINAL
ITEM	X
1	0.44237259
2	0.44237024
3	0.44237989
4	0.44240043
5	0.44228303
6	0.44225398
7	0.44223875
8	0.44223756
9	0.44224420
10	0.44225210
11	0.44226438
12	0.44224280
13	0.44225660
14	0.44226870
15	0.44225803
16	0.44224879
17	0.44227865
18	0.44225925
19	0.44225368
20	0.44226566
21	0.44228357
22	0.44229779
23	0.44228628
24	0.44224998
25	0.44227335
26	0.44229975
27	0.44229901
28	0.44229776
29	0.44230637
30	0.44229788
31	0.44229609
32	0.44230285
33	0.44228938
34	0.44229892
35	0.44228816
36	0.44230407
37	0.44229907
38	0.44229645
39	0.44229263
40	0.44231433
41	0.44230750
42	0.44232354
43	0.44231808
44	0.44231412
45	0.44230115
46	0.44230422
47	0.44231245
48	0.44232705
49	0.44232139
50	0.44231653
51	0.44232497
52	0.44232804
53	0.44233194
54	0.44231179
55	0.44234002
56	0.44233051
57	0.44234559
58	0.44234687
59	0.44233975
60	0.44235101
61	0.44233856
62	0.44233191
63	0.44234055
64	0.44233471
65	0.44233212
66	0.44230992
67	0.44233271
68	0.44230831
69	0.44230434
70	0.44230765
71	0.44232699
72	0.44231495
73	0.44230321
74	0.44231492
75	0.44231933
76	0.44233525
77	0.44231641
78	0.44231761
79	0.44230974
80	0.44231734
81	0.44234100
82	0.44234145
83	0.44233662
84	0.44232142
85	0.44231284
86	0.44231758
87	0.44232780
88	0.44231459
89	0.44229954
90	0.44229332
91	0.44230708
92	0.44228563
93	0.44229710
94	0.44227913
95	0.44229972
96	0.44227222
97	0.44229519
98	0.44228598
99	0.44227642
100	0.44229460
101	0.44228673
102	0.44229248
103	0.44229794
104	0.44230562
105	0.44229710
106	0.44229254
107	0.44228172
108	0.44229245
109	0.44228947
110	0.44229674
111	0.44227391
112	0.44227222
113	0.44225851
114	0.44227096
115	0.44227785
116	0.44226578
117	0.44228962
118	0.44227386
119	0.44226590
120	0.44229868
121	0.44229329
122	0.44229135
123	0.44229862
124	0.44228855
125	0.44230983
126	0.44231683
127	0.44230333
128	0.44231573
129	0.44230300
130	0.44230899
131	0.44230491
132	0.44229540
133	0.44230384
134	0.44230816
135	0.44229817
136	0.44229645
137	0.44230059
138	0.44229555
139	0.44229275
140	0.44228676
141	0.44228053
142	0.44227085
143	0.44226974
144	0.44227403
145	0.44228798
146	0.44229195
147	0.44230413
148	0.44230020
149	0.44228393
150	0.44229603
151	0.44228524
152	0.44229734
153	0.44228569
154	0.44228199
155	0.44228327
156	0.44228613
157	0.44228527
158	0.44230124
159	0.44229448
160	0.44228393
161	0.44227773
162	0.44228896
163	0.44229618
164	0.44227654
165	0.44228557
166	0.44227946
167	0.44229567
168	0.44228831
169	0.44228938
170	0.44229266
171	0.44229326
172	0.44227779
173	0.44230458
174	0.44228014
175	0.44229278
176	0.44229481
177	0.44229442
178	0.44229269
179	0.44228572
180	0.44229499
181	0.44228861
182	0.44228399
183	0.44228074
184	0.44228816
185	0.44228247
186	0.44227719
187	0.44227725
188	0.44227818
189	0.44228289
190	0.44228277
191	0.44227341
192	0.44228905
193	0.44227520
194	0.44226217
195	0.44226712
196	0.44228321
197	0.44226912
198	0.44226897
199	0.44226831
200	0.44227409
201	0.44226092
202	0.44228473
203	0.44225952
204	0.44227284
205	0.44226193
206	0.44227603
207	0.44225863
208	0.44228008
209	0.44226775
210	0.44225875
211	0.44226876
212	0.44226691
213	0.44225746
214	0.44225502
215	0.44226068
216	0.44225886
217	0.44225001
218	0.44224027
219	0.44224244
220	0.44224077
221	0.44225478
222	0.44226924
223	0.44226536
224	0.44224593
225	0.44226626
226	0.44226393
227	0.44227040
228	0.44227123
229	0.44227406
230	0.44226703
231	0.44227299
232	0.44228113
233	0.44229221
234	0.44227913
235	0.44223899
236	0.44226345
237	0.44226870
238	0.44228175
239	0.44225338
240	0.44225594
241	0.44225523
242	0.44225794
243	0.44228056
244	0.44227281
245	0.44225577
246	0.44223842
247	0.44227204
248	0.44227764
249	0.44228861
250	0.44226712
251	0.44225946
252	0.44226176
253	0.44226599
254	0.44226426
255	0.44226521
256	0.44225827
257	0.44228250
258	0.44227654
259	0.44225094
260	0.44225085
261	0.44225261
262	0.44224751
263	0.44223642
264	0.44224629
265	0.44225404
266	0.44224551
267	0.44224131
268	0.44225350
269	0.44225532
270	0.44225359
271	0.44223955
272	0.44224927
273	0.44225621
274	0.44225746
275	0.44224107
276	0.44225454
277	0.44225129
278	0.44227493
279	0.44227731
280	0.44226602
281	0.44226849
282	0.44227332
283	0.44226313
284	0.44228157
285	0.44226083
286	0.44227487
287	0.44227201
288	0.44227684
289	0.44227833
290	0.44229504
291	0.44228455
292	0.44228387
293	0.44226658
294	0.44226077
295	0.44226307
296	0.44225949
297	0.44226950
298	0.44225258
299	0.44226170
300	0.44226411
301	0.44226956
302	0.44227013
303	0.44226494
304	0.44227290
305	0.44226968
306	0.44227454
307	0.44227883
308	0.44227657
309	0.44229972
310	0.44229141
311	0.44230402
312	0.44230178
313	0.44230837
314	0.44231713
315	0.44232342
316	0.44232753
317	0.44230691
318	0.44231632
319	0.44231668
320	0.44231454
321	0.44230923
322	0.44230825
323	0.44231161
324	0.44229791
325	0.44230399
326	0.44229317
327	0.44229662
328	0.44228220
329	0.44228455
330	0.44227737
331	0.44226584
332	0.44225651
333	0.44227427
334	0.44225878
335	0.44227344
336	0.44225872
337	0.44227743
338	0.44228214
339	0.44227207
340	0.44228661
341	0.44227904
342	0.44227451
343	0.44226637
344	0.44226095
345	0.44227368
346	0.44227311
347	0.44227076
348	0.44227162
349	0.44225043
350	0.44226673
351	0.44224718
352	0.44225189
353	0.44225490
354	0.44225395
355	0.44226196
356	0.44225186
357	0.44223905
358	0.44223556
359	0.44223970
360	0.44224456
361	0.44225141
362	0.44223803
363	0.44223294
364	0.44224697
365	0.44222495
366	0.44224012
367	0.44225317
368	0.44227144
369	0.44224492
370	0.44223768
371	0.44223866
372	0.44222334
373	0.44220987
374	0.44222543
375	0.44222417
376	0.44223088
377	0.44223741
378	0.44224101
379	0.44223708
380	0.44223356
381	0.44223914
382	0.44225153
383	0.44225171
384	0.44224548
385	0.44224107
386	0.44223788
387	0.44223756
388	0.44225836
389	0.44224745
390	0.44223988
391	0.44223598
392	0.44223902
393	0.44224623
394	0.44223619
395	0.44223106
396	0.44222957
397	0.44224107
398	0.44224072
399	0.44225243
400	0.44223335
401	0.44222727
402	0.44222751
403	0.44222048
404	0.44224334
405	0.44223249
406	0.44223368
407	0.44222638
408	0.44222197
409	0.44222358
410	0.44222772
411	0.44224083
412	0.44223651
413	0.44223255
414	0.44224441
415	0.44223121
416	0.44223037
417	0.44222340
418	0.44224125
419	0.44220468
420	0.44222528
421	0.44221407
422	0.44221678
423	0.44223845
424	0.44221568
425	0.44221321
426	0.44221115
427	0.44222552
428	0.44221306
429	0.44220564
430	0.44222984
431	0.44222778
432	0.44221300
433	0.44221708
434	0.44222066
435	0.44221488
436	0.44219473
437	0.44219315
438	0.44220346
439	0.44219446
440	0.44221416
441	0.44219097
442	0.44218272
443	0.44219217
444	0.44219750
445	0.44219023
446	0.44217378
447	0.44218686
448	0.44218394
449	0.44216111
450	0.44217083
451	0.44217873
452	0.44219089
453	0.44218725
454	0.44218189
455	0.44217706
456	0.44217631
457	0.44218844
458	0.44218901
459	0.44219208
460	0.44218388
461	0.44217733
462	0.44220546
463	0.44219941
464	0.44217753
465	0.44217584
466	0.44216284
467	0.44216570
468	0.44217694
469	0.44219708
470	0.44218490
471	0.44219017
472	0.44219425
473	0.44219446
474	0.44220474
475	0.44219637
476	0.44220576
477	0.44220620
478	0.44221112
479	0.44220117
480	0.44219700
481	0.44218835
482	0.44219124
483	0.44221333
484	0.44219941
485	0.44219887
486	0.44219589
487	0.44218612
488	0.44218209
489	0.44217604
490	0.44217831
491	0.44217801
492	0.44217470
493	0.44217622
494	0.44217351
495	0.44217610
496	0.44215459
497	0.44217399
498	0.44217449
499	0.44216856
500	0.44217592
501	0.44216192
502	0.44217664
503	0.44216841
504	0.44216046
505	0.44218290
506	0.44218782
507	0.44218031
508	0.44216982
509	0.44217846
510	0.44217685
511	0.44218782
512	0.44218135
513	0.44217834
514	0.44217944
515	0.44216478
516	0.44218025
517	0.44216657
518	0.44218275
519	0.44217840
520	0.44217998
521	0.44216436
522	0.44219220
523	0.44220090
524	0.44220543
525	0.44218296
526	0.44220743
527	0.44219986
528	0.44219875
529	0.44218987
530	0.44219506
531	0.44220281
532	0.44218868
533	0.44220275
534	0.44221640
535	0.44221649
536	0.44221443
537	0.44220254
538	0.44222182
539	0.44222715
540	0.44221929
541	0.44222921
542	0.44221586
543	0.44223052
544	0.44224206
545	0.44225419
546	0.44225639
547	0.44224361
548	0.44225648
549	0.44224650
550	0.44224945
551	0.44225058
552	0.44225836
553	0.44226411
554	0.44226661
555	0.44227988
556	0.44228280
557	0.44226605
558	0.44226068
559	0.44226840
560	0.44227374
561	0.44227085
562	0.44228393
563	0.44228452
564	0.44227275
565	0.44229794
566	0.44228509
567	0.44229963
568	0.44229648
569	0.44230103
570	0.44230115
571	0.44230053
572	0.44231653
573	0.44230404
574	0.44232416
575	0.44231299
576	0.44232622
577	0.44232625
578	0.44230965
579	0.44232878
580	0.44234473
581	0.44232315
582	0.44234049
583	0.44233963
584	0.44234261
585	0.44234592
586	0.44233900
587	0.44233620
588	0.44234914
589	0.44236544
590	0.44235364
591	0.44234732
592	0.44235283
593	0.44235283
594	0.44235745
595	0.44236639
596	0.44236234
597	0.44236955
598	0.44236445
599	0.44237018
600	0.44237164