	C:\Users\jkuzm\OneDrive - University of Massachusetts\HRSL x UMILL-PUMA Fatigue - Fatigue\Data\F01\FR3_static3.c3d _ImpedanceExport
	RCAL2
	TARGET
	ORIGINAL
ITEM	X
1	0.41990066
2	0.41990444
3	0.41989833
4	0.41990009
5	0.41993269
6	0.41993275
7	0.41994056
8	0.41995284
9	0.41993877
10	0.41994849
11	0.41993159
12	0.41994068
13	0.41994888
14	0.41994920
15	0.41994444
16	0.41993359
17	0.41994908
18	0.41996184
19	0.41993803
20	0.41994154
21	0.41993964
22	0.41995907
23	0.41993791
24	0.41995510
25	0.41995454
26	0.41996273
27	0.41997159
28	0.41995344
29	0.41995433
30	0.41995108
31	0.41996095
32	0.41996059
33	0.41993085
34	0.41993389
35	0.41995257
36	0.41995996
37	0.41994315
38	0.41995305
39	0.41994929
40	0.41995636
41	0.41995823
42	0.41995567
43	0.41996437
44	0.41994926
45	0.41995829
46	0.41997498
47	0.41995764
48	0.41996440
49	0.41995859
50	0.41994774
51	0.41994387
52	0.41995397
53	0.41995072
54	0.41995943
55	0.41997185
56	0.41996729
57	0.41995972
58	0.41993731
59	0.41997054
60	0.41997045
61	0.41997296
62	0.41997179
63	0.41996607
64	0.41995537
65	0.41997010
66	0.41996282
67	0.41996670
68	0.41995084
69	0.41995931
70	0.41998008
71	0.41998488
72	0.41996604
73	0.41996551
74	0.41995853
75	0.41997156
76	0.41996419
77	0.41995019
78	0.41995126
79	0.41997287
80	0.41996318
81	0.41997519
82	0.41996610
83	0.41997972
84	0.41997468
85	0.41996393
86	0.41995463
87	0.41996104
88	0.41995978
89	0.41997603
90	0.41996139
91	0.41996461
92	0.41994447
93	0.41996726
94	0.41995555
95	0.41996780
96	0.41996309
97	0.41996467
98	0.41995645
99	0.41997185
100	0.41996849
101	0.41998303
102	0.41996723
103	0.41996059
104	0.41996798
105	0.41997296
106	0.41995940
107	0.41996723
108	0.41997197
109	0.41995800
110	0.41994923
111	0.41997117
112	0.41995442
113	0.41995603
114	0.41996175
115	0.41995281
116	0.41996315
117	0.41996145
118	0.41996330
119	0.41996390
120	0.41996282
121	0.41995159
122	0.41996360
123	0.41996312
124	0.41996503
125	0.41995871
126	0.41996470
127	0.41996759
128	0.41996771
129	0.41995582
130	0.41994500
131	0.41996479
132	0.41995648
133	0.41993749
134	0.41995022
135	0.41994625
136	0.41993535
137	0.41994044
138	0.41996232
139	0.41994393
140	0.41994682
141	0.41995296
142	0.41995263
143	0.41992819
144	0.41994151
145	0.41994137
146	0.41992906
147	0.41993284
148	0.41993237
149	0.41994312
150	0.41997021
151	0.41994441
152	0.41993991
153	0.41995108
154	0.41993791
155	0.41992995
156	0.41993606
157	0.41994131
158	0.41995460
159	0.41994235
160	0.41995060
161	0.41995424
162	0.41994333
163	0.41993785
164	0.41995662
165	0.41994485
166	0.41997024
167	0.41995463
168	0.41995680
169	0.41994667
170	0.41994083
171	0.41995278
172	0.41996118
173	0.41995102
174	0.41995472
175	0.41995972
176	0.41994736
177	0.41994685
178	0.41994280
179	0.41994816
180	0.41994816
181	0.41994727
182	0.41993770
183	0.41993895
184	0.41994980
185	0.41993049
186	0.41993725
187	0.41994601
188	0.41995370
189	0.41993520
190	0.41993660
191	0.41994435
192	0.41993490
193	0.41994065
194	0.41994676
195	0.41994774
196	0.41993925
197	0.41994989
198	0.41995439
199	0.41995275
200	0.41994172
201	0.41993615
202	0.41994423
203	0.41995400
204	0.41995019
205	0.41993925
206	0.41995579
207	0.41994640
208	0.41995153
209	0.41996181
210	0.41994655
211	0.41996002
212	0.41995454
213	0.41994864
214	0.41994357
215	0.41996613
216	0.41996133
217	0.41995153
218	0.41994181
219	0.41994932
220	0.41996413
221	0.41995487
222	0.41996384
223	0.41996011
224	0.41998234
225	0.41995519
226	0.41997668
227	0.41995689
228	0.41997865
229	0.41997129
230	0.41996816
231	0.41996884
232	0.41996378
233	0.41997704
234	0.41996974
235	0.41995570
236	0.41995993
237	0.41995171
238	0.41995513
239	0.41995680
240	0.41995877
241	0.41996312
242	0.41997287
243	0.41994447
244	0.41994628
245	0.41994956
246	0.41996437
247	0.41995484
248	0.41995504
249	0.41996157
250	0.41996121
251	0.41995469
252	0.41994381
253	0.41995239
254	0.41994646
255	0.41993782
256	0.41995046
257	0.41994998
258	0.41995177
259	0.41993490
260	0.41992858
261	0.41993916
262	0.41996354
263	0.41993943
264	0.41994238
265	0.41995162
266	0.41994804
267	0.41995516
268	0.41995382
269	0.41993517
270	0.41992322
271	0.41994628
272	0.41994599
273	0.41994241
274	0.41994405
275	0.41993594
276	0.41992939
277	0.41994771
278	0.41994143
279	0.41993740
280	0.41993725
281	0.41994500
282	0.41994187
283	0.41992065
284	0.41995838
285	0.41994861
286	0.41993016
287	0.41994238
288	0.41995150
289	0.41993946
290	0.41993055
291	0.41994521
292	0.41995651
293	0.41994902
294	0.41995534
295	0.41996258
296	0.41994196
297	0.41994631
298	0.41996276
299	0.41992906
300	0.41991886
301	0.41993111
302	0.41993135
303	0.41993892
304	0.41993031
305	0.41993555
306	0.41992095
307	0.41992629
308	0.41993192
309	0.41994199
310	0.41994405
311	0.41995099
312	0.41993645
313	0.41995278
314	0.41994610
315	0.41994122
316	0.41996524
317	0.41995338
318	0.41994682
319	0.41995373
320	0.41993672
321	0.41993305
322	0.41994011
323	0.41993156
324	0.41995648
325	0.41993263
326	0.41993997
327	0.41993976
328	0.41992620
329	0.41994062
330	0.41993287
331	0.41993850
332	0.41992256
333	0.41995314
334	0.41994688
335	0.41995022
336	0.41995198
337	0.41995767
338	0.41994810
339	0.41996729
340	0.41995013
341	0.41995180
342	0.41994840
343	0.41995665
344	0.41995034
345	0.41994634
346	0.41995084
347	0.41994169
348	0.41994959
349	0.41992825
350	0.41994134
351	0.41993144
352	0.41993460
353	0.41992101
354	0.41993314
355	0.41993499
356	0.41994023
357	0.41993198
358	0.41994259
359	0.41992801
360	0.41994184
361	0.41996190
362	0.41994050
363	0.41994229
364	0.41994292
365	0.41993409
366	0.41993025
367	0.41994652
368	0.41991109
369	0.41992807
370	0.41991496
371	0.41990504
372	0.41992384
373	0.41990343
374	0.41991302
375	0.41992339
376	0.41990179
377	0.41992033
378	0.41992015
379	0.41992015
380	0.41992953
381	0.41994277
382	0.41991487
383	0.41992116
384	0.41989946
385	0.41992968
386	0.41992068
387	0.41991407
388	0.41992086
389	0.41991061
390	0.41993603
391	0.41991177
392	0.41992790
393	0.41992536
394	0.41993302
395	0.41991422
396	0.41991580
397	0.41992760
398	0.41993034
399	0.41990858
400	0.41989893
401	0.41988307
402	0.41989255
403	0.41990522
404	0.41990918
405	0.41990754
406	0.41990289
407	0.41991705
408	0.41991752
409	0.41992253
410	0.41990709
411	0.41991073
412	0.41992289
413	0.41992265
414	0.41991389
415	0.41991541
416	0.41990867
417	0.41990775
418	0.41991854
419	0.41992363
420	0.41990858
421	0.41991788
422	0.41991413
423	0.41990617
424	0.41990197
425	0.41992739
426	0.41991046
427	0.41990286
428	0.41991466
429	0.41990960
430	0.41990849
431	0.41991135
432	0.41991743
433	0.41991603
434	0.41990209
435	0.41990691
436	0.41990125
437	0.41990069
438	0.41987792
439	0.41991612
440	0.41990533
441	0.41989088
442	0.41989052
443	0.41989973
444	0.41988370
445	0.41988489
446	0.41988754
447	0.41986880
448	0.41987923
449	0.41987112
450	0.41987628
451	0.41984820
452	0.41984329
453	0.41983518
454	0.41981912
455	0.41982740
456	0.41983557
457	0.41983747
458	0.41983226
459	0.41982949
460	0.41984338
461	0.41981831
462	0.41983044
463	0.41982219
464	0.41982448
465	0.41982287
466	0.41981149
467	0.41982737
468	0.41982785
469	0.41980878
470	0.41983020
471	0.41983610
472	0.41983700
473	0.41984275
474	0.41984841
475	0.41984168
476	0.41984183
477	0.41984710
478	0.41984752
479	0.41984126
480	0.41984501
481	0.41984668
482	0.41982746
483	0.41985393
484	0.41987297
485	0.41984341
486	0.41984561
487	0.41985998
488	0.41983831
489	0.41985038
490	0.41984063
491	0.41985661
492	0.41985923
493	0.41985834
494	0.41984898
495	0.41985455
496	0.41986436
497	0.41986725
498	0.41988242
499	0.41987276
500	0.41986090
501	0.41987243
502	0.41989648
503	0.41987565
504	0.41988218
505	0.41987807
506	0.41988257
507	0.41989174
508	0.41988382
509	0.41988486
510	0.41988638
511	0.41988859
512	0.41988814
513	0.41988611
514	0.41991028
515	0.41988412
516	0.41988647
517	0.41988611
518	0.41990033
519	0.41988885
520	0.41990411
521	0.41988489
522	0.41989097
523	0.41988546
524	0.41990301
525	0.41988084
526	0.41989809
527	0.41987887
528	0.41989443
529	0.41989312
530	0.41989106
531	0.41989601
532	0.41989934
533	0.41990939
534	0.41990000
535	0.41990212
536	0.41989866
537	0.41988948
538	0.41991305
539	0.41989562
540	0.41990149
541	0.41990966
542	0.41989857
543	0.41990966
544	0.41989174
545	0.41991177
546	0.41991374
547	0.41991359
548	0.41990480
549	0.41989356
550	0.41990575
551	0.41989917
552	0.41989657
553	0.41990706
554	0.41991535
555	0.41991848
556	0.41990995
557	0.41991642
558	0.41990426
559	0.41991591
560	0.41990137
561	0.41990995
562	0.41990775
563	0.41990745
564	0.41991165
565	0.41991964
566	0.41991717
567	0.41992792
568	0.41990885
569	0.41991809
570	0.41990966
571	0.41991588
572	0.41990313
573	0.41991514
574	0.41990873
575	0.41991419
576	0.41991520
577	0.41991556
578	0.41992569
579	0.41991740
580	0.41992727
581	0.41991934
582	0.41992709
583	0.41991284
584	0.41992173
585	0.41993159
586	0.41992480
587	0.41989800
588	0.41992134
589	0.41991684
590	0.41992974
591	0.41993374
592	0.41994047
593	0.41994208
594	0.41993523
595	0.41994354
596	0.41993248
597	0.41994336
598	0.41993770
599	0.41994053
600	0.41994318