	C:\Users\jkuzm\OneDrive - University of Massachusetts\HRSL x UMILL-PUMA Fatigue - Fatigue\Data\F01\FR3_static3.c3d _ImpedanceExport
	RMT1H
	TARGET
	ORIGINAL
ITEM	Y
1	0.47602260
2	0.47601429
3	0.47603992
4	0.47600082
5	0.47601810
6	0.47602832
7	0.47603074
8	0.47602785
9	0.47604394
10	0.47605804
11	0.47603032
12	0.47604102
13	0.47600764
14	0.47599870
15	0.47598106
16	0.47596896
17	0.47597846
18	0.47596884
19	0.47597927
20	0.47599614
21	0.47597826
22	0.47600487
23	0.47598919
24	0.47598317
25	0.47596717
26	0.47593534
27	0.47591090
28	0.47591770
29	0.47589275
30	0.47590685
31	0.47590819
32	0.47592875
33	0.47591844
34	0.47592503
35	0.47592014
36	0.47589526
37	0.47589910
38	0.47584495
39	0.47584194
40	0.47583911
41	0.47584549
42	0.47583324
43	0.47583690
44	0.47582060
45	0.47579411
46	0.47579205
47	0.47581255
48	0.47578847
49	0.47578549
50	0.47577697
51	0.47575194
52	0.47576818
53	0.47576654
54	0.47574845
55	0.47577056
56	0.47576675
57	0.47576141
58	0.47574872
59	0.47575808
60	0.47576502
61	0.47575393
62	0.47577655
63	0.47577021
64	0.47577980
65	0.47583088
66	0.47580889
67	0.47583655
68	0.47583422
69	0.47582063
70	0.47582170
71	0.47578931
72	0.47579738
73	0.47582611
74	0.47584265
75	0.47585765
76	0.47587016
77	0.47587100
78	0.47589010
79	0.47588211
80	0.47587088
81	0.47587699
82	0.47587627
83	0.47585091
84	0.47584873
85	0.47586712
86	0.47587559
87	0.47588086
88	0.47589758
89	0.47590795
90	0.47591424
91	0.47588912
92	0.47587505
93	0.47587720
94	0.47585395
95	0.47586828
96	0.47588831
97	0.47588515
98	0.47588450
99	0.47588488
100	0.47590750
101	0.47590774
102	0.47592220
103	0.47590405
104	0.47591200
105	0.47591764
106	0.47594056
107	0.47593981
108	0.47594976
109	0.47597829
110	0.47597155
111	0.47598621
112	0.47600666
113	0.47600594
114	0.47600883
115	0.47600320
116	0.47597933
117	0.47602475
118	0.47597209
119	0.47602656
120	0.47606063
121	0.47606355
122	0.47607234
123	0.47604668
124	0.47605389
125	0.47606429
126	0.47605842
127	0.47605491
128	0.47604626
129	0.47603601
130	0.47606865
131	0.47605941
132	0.47606596
133	0.47607866
134	0.47607580
135	0.47605407
136	0.47605923
137	0.47603032
138	0.47601458
139	0.47600374
140	0.47600093
141	0.47603211
142	0.47604597
143	0.47601935
144	0.47602957
145	0.47601369
146	0.47602281
147	0.47600219
148	0.47600982
149	0.47601655
150	0.47601515
151	0.47602317
152	0.47602552
153	0.47603542
154	0.47600594
155	0.47601575
156	0.47600859
157	0.47599769
158	0.47599205
159	0.47598508
160	0.47595063
161	0.47597951
162	0.47596347
163	0.47596517
164	0.47597781
165	0.47599107
166	0.47600248
167	0.47601929
168	0.47598851
169	0.47599471
170	0.47596428
171	0.47599038
172	0.47598380
173	0.47599408
174	0.47598040
175	0.47601691
176	0.47600815
177	0.47603345
178	0.47601539
179	0.47601381
180	0.47599950
181	0.47601131
182	0.47599694
183	0.47596473
184	0.47599816
185	0.47598293
186	0.47600466
187	0.47601148
188	0.47600043
189	0.47600132
190	0.47600141
191	0.47598004
192	0.47597903
193	0.47598302
194	0.47595549
195	0.47595733
196	0.47594008
197	0.47596309
198	0.47593144
199	0.47596842
200	0.47594708
201	0.47593313
202	0.47590032
203	0.47592011
204	0.47590470
205	0.47590545
206	0.47592029
207	0.47588852
208	0.47593012
209	0.47595191
210	0.47594416
211	0.47595170
212	0.47593457
213	0.47591537
214	0.47594756
215	0.47590014
216	0.47594112
217	0.47594625
218	0.47594839
219	0.47597209
220	0.47597796
221	0.47597444
222	0.47595716
223	0.47597951
224	0.47596845
225	0.47595763
226	0.47595495
227	0.47593918
228	0.47595641
229	0.47597402
230	0.47599027
231	0.47598615
232	0.47598839
233	0.47601622
234	0.47601312
235	0.47600615
236	0.47600600
237	0.47604606
238	0.47599137
239	0.47600582
240	0.47601503
241	0.47603574
242	0.47604010
243	0.47605583
244	0.47603500
245	0.47601008
246	0.47601539
247	0.47600353
248	0.47599521
249	0.47599906
250	0.47602633
251	0.47603250
252	0.47604269
253	0.47604671
254	0.47605366
255	0.47604698
256	0.47603983
257	0.47603375
258	0.47604027
259	0.47601810
260	0.47600007
261	0.47599903
262	0.47604811
263	0.47601908
264	0.47604719
265	0.47603723
266	0.47604978
267	0.47604394
268	0.47601700
269	0.47603023
270	0.47601691
271	0.47600842
272	0.47600830
273	0.47600946
274	0.47601455
275	0.47600782
276	0.47604871
277	0.47604337
278	0.47604772
279	0.47605056
280	0.47605249
281	0.47601807
282	0.47604051
283	0.47603679
284	0.47602934
285	0.47603217
286	0.47604060
287	0.47604936
288	0.47604010
289	0.47601229
290	0.47603905
291	0.47600856
292	0.47598413
293	0.47600999
294	0.47599575
295	0.47599816
296	0.47598234
297	0.47601327
298	0.47600719
299	0.47603223
300	0.47600955
301	0.47598696
302	0.47599337
303	0.47598299
304	0.47596651
305	0.47595587
306	0.47595671
307	0.47595519
308	0.47597048
309	0.47595865
310	0.47598350
311	0.47595730
312	0.47597232
313	0.47595373
314	0.47595224
315	0.47595486
316	0.47594738
317	0.47593406
318	0.47591498
319	0.47594020
320	0.47598699
321	0.47598398
322	0.47596061
323	0.47597584
324	0.47595990
325	0.47595194
326	0.47592562
327	0.47594857
328	0.47592810
329	0.47595733
330	0.47594368
331	0.47596166
332	0.47596568
333	0.47596434
334	0.47595832
335	0.47594157
336	0.47595212
337	0.47597674
338	0.47596443
339	0.47596756
340	0.47597292
341	0.47600934
342	0.47601995
343	0.47603109
344	0.47601080
345	0.47602654
346	0.47604683
347	0.47600996
348	0.47600248
349	0.47603753
350	0.47605041
351	0.47604087
352	0.47606725
353	0.47607639
354	0.47608504
355	0.47607794
356	0.47607777
357	0.47609389
358	0.47606441
359	0.47608057
360	0.47606942
361	0.47612152
362	0.47610110
363	0.47610924
364	0.47612944
365	0.47614929
366	0.47612837
367	0.47612527
368	0.47615045
369	0.47613117
370	0.47612846
371	0.47616005
372	0.47614053
373	0.47616327
374	0.47620338
375	0.47620839
376	0.47619110
377	0.47618616
378	0.47621727
379	0.47618032
380	0.47618261
381	0.47616616
382	0.47618267
383	0.47621244
384	0.47619075
385	0.47618848
386	0.47622272
387	0.47623017
388	0.47620252
389	0.47622752
390	0.47620961
391	0.47618055
392	0.47620445
393	0.47621685
394	0.47621217
395	0.47620440
396	0.47620910
397	0.47620037
398	0.47620139
399	0.47621939
400	0.47618860
401	0.47621292
402	0.47619829
403	0.47618088
404	0.47619647
405	0.47616732
406	0.47618890
407	0.47619069
408	0.47618589
409	0.47622201
410	0.47620073
411	0.47621015
412	0.47620761
413	0.47618586
414	0.47617510
415	0.47616741
416	0.47616845
417	0.47616729
418	0.47617155
419	0.47618094
420	0.47617170
421	0.47617373
422	0.47614697
423	0.47617537
424	0.47616714
425	0.47615534
426	0.47615767
427	0.47617394
428	0.47616377
429	0.47614250
430	0.47618091
431	0.47618324
432	0.47619388
433	0.47619194
434	0.47618675
435	0.47616613
436	0.47616839
437	0.47617844
438	0.47614947
439	0.47617576
440	0.47617358
441	0.47619000
442	0.47619581
443	0.47620320
444	0.47619325
445	0.47617742
446	0.47617072
447	0.47618049
448	0.47620708
449	0.47619274
450	0.47622049
451	0.47620535
452	0.47622749
453	0.47622362
454	0.47621438
455	0.47621903
456	0.47620794
457	0.47620475
458	0.47618526
459	0.47619069
460	0.47618827
461	0.47620052
462	0.47619578
463	0.47621584
464	0.47621855
465	0.47617418
466	0.47618631
467	0.47616941
468	0.47617015
469	0.47616524
470	0.47615281
471	0.47615230
472	0.47616780
473	0.47618023
474	0.47619203
475	0.47620529
476	0.47623283
477	0.47621143
478	0.47621763
479	0.47620735
480	0.47621018
481	0.47622839
482	0.47622120
483	0.47623676
484	0.47624668
485	0.47625998
486	0.47629791
487	0.47630560
488	0.47631150
489	0.47627935
490	0.47630364
491	0.47631019
492	0.47632584
493	0.47632143
494	0.47633126
495	0.47632119
496	0.47638193
497	0.47636238
498	0.47637287
499	0.47638401
500	0.47639641
501	0.47637609
502	0.47638929
503	0.47639447
504	0.47639537
505	0.47640455
506	0.47643706
507	0.47642159
508	0.47645611
509	0.47646904
510	0.47648835
511	0.47647464
512	0.47647175
513	0.47649950
514	0.47651276
515	0.47649553
516	0.47650945
517	0.47651908
518	0.47657135
519	0.47654867
520	0.47656414
521	0.47658935
522	0.47656989
523	0.47658899
524	0.47659689
525	0.47656456
526	0.47655660
527	0.47659221
528	0.47659332
529	0.47659585
530	0.47661242
531	0.47662011
532	0.47663224
533	0.47660154
534	0.47659528
535	0.47657174
536	0.47655413
537	0.47658309
538	0.47658569
539	0.47658303
540	0.47660032
541	0.47660667
542	0.47660342
543	0.47656763
544	0.47656700
545	0.47655836
546	0.47653133
547	0.47653544
548	0.47655529
549	0.47653875
550	0.47653797
551	0.47652325
552	0.47655690
553	0.47653776
554	0.47653195
555	0.47652996
556	0.47651497
557	0.47652790
558	0.47651142
559	0.47650531
560	0.47650844
561	0.47650531
562	0.47651219
563	0.47651440
564	0.47649705
565	0.47653463
566	0.47650111
567	0.47647265
568	0.47645998
569	0.47645885
570	0.47645113
571	0.47646579
572	0.47646642
573	0.47645625
574	0.47645321
575	0.47642779
576	0.47644886
577	0.47646132
578	0.47638345
579	0.47638980
580	0.47640401
581	0.47639322
582	0.47636193
583	0.47635871
584	0.47638226
585	0.47636741
586	0.47636020
587	0.47634968
588	0.47632855
589	0.47631687
590	0.47630015
591	0.47630444
592	0.47628206
593	0.47629592
594	0.47629693
595	0.47628421
596	0.47628665
597	0.47631386
598	0.47630432
599	0.47628820
600	0.47627604