	C:\Users\jkuzm\OneDrive - University of Massachusetts\HRSL x UMILL-PUMA Fatigue - Fatigue\Data\F01\FR3_static3.c3d _ImpedanceExport
	LTOE
	TARGET
	ORIGINAL
ITEM	X
1	0.08945803
2	0.08945791
3	0.08945720
4	0.08947415
5	0.08941101
6	0.08940431
7	0.08939075
8	0.08939348
9	0.08939217
10	0.08941025
11	0.08939232
12	0.08939344
13	0.08938158
14	0.08938682
15	0.08940125
16	0.08938096
17	0.08939061
18	0.08939278
19	0.08938770
20	0.08936913
21	0.08940220
22	0.08938864
23	0.08939463
24	0.08939739
25	0.08939175
26	0.08939236
27	0.08939861
28	0.08941053
29	0.08940400
30	0.08942150
31	0.08940442
32	0.08940592
33	0.08940647
34	0.08941409
35	0.08939637
36	0.08940756
37	0.08941130
38	0.08942653
39	0.08942411
40	0.08942209
41	0.08943764
42	0.08943415
43	0.08943801
44	0.08943636
45	0.08943480
46	0.08945579
47	0.08945056
48	0.08943547
49	0.08944766
50	0.08946551
51	0.08944760
52	0.08945921
53	0.08944920
54	0.08945749
55	0.08948541
56	0.08946244
57	0.08946009
58	0.08947349
59	0.08946837
60	0.08947103
61	0.08945493
62	0.08943991
63	0.08942799
64	0.08943702
65	0.08942279
66	0.08943070
67	0.08941927
68	0.08942287
69	0.08940513
70	0.08941396
71	0.08940341
72	0.08939813
73	0.08939938
74	0.08939089
75	0.08936843
76	0.08938619
77	0.08935767
78	0.08937062
79	0.08937356
80	0.08936570
81	0.08937913
82	0.08937477
83	0.08937088
84	0.08938326
85	0.08937354
86	0.08938302
87	0.08937041
88	0.08936840
89	0.08937185
90	0.08938053
91	0.08937270
92	0.08939034
93	0.08937768
94	0.08937008
95	0.08937962
96	0.08937163
97	0.08935291
98	0.08936720
99	0.08937888
100	0.08936560
101	0.08935916
102	0.08934224
103	0.08933906
104	0.08934179
105	0.08934304
106	0.08933471
107	0.08933375
108	0.08932635
109	0.08931924
110	0.08931128
111	0.08932541
112	0.08930607
113	0.08931165
114	0.08931104
115	0.08932073
116	0.08932069
117	0.08931229
118	0.08930610
119	0.08929522
120	0.08929685
121	0.08929448
122	0.08930155
123	0.08929608
124	0.08930239
125	0.08929709
126	0.08930335
127	0.08931215
128	0.08929387
129	0.08931120
130	0.08928481
131	0.08928103
132	0.08928791
133	0.08930329
134	0.08930279
135	0.08930258
136	0.08929440
137	0.08930203
138	0.08930992
139	0.08929889
140	0.08929177
141	0.08929127
142	0.08930504
143	0.08930760
144	0.08931673
145	0.08929999
146	0.08929395
147	0.08930515
148	0.08929838
149	0.08931196
150	0.08930743
151	0.08930714
152	0.08931407
153	0.08931124
154	0.08931415
155	0.08931575
156	0.08931260
157	0.08931383
158	0.08932905
159	0.08932907
160	0.08932867
161	0.08932874
162	0.08934699
163	0.08931583
164	0.08931971
165	0.08932154
166	0.08931851
167	0.08932619
168	0.08932004
169	0.08931152
170	0.08933576
171	0.08931942
172	0.08932604
173	0.08931818
174	0.08930591
175	0.08929992
176	0.08931521
177	0.08930853
178	0.08929542
179	0.08931183
180	0.08930940
181	0.08932333
182	0.08933628
183	0.08934544
184	0.08934014
185	0.08933015
186	0.08932184
187	0.08934788
188	0.08932672
189	0.08932486
190	0.08932895
191	0.08933507
192	0.08934546
193	0.08933655
194	0.08933252
195	0.08933214
196	0.08934684
197	0.08934183
198	0.08935328
199	0.08934222
200	0.08934651
201	0.08937568
202	0.08935454
203	0.08937401
204	0.08938795
205	0.08937620
206	0.08939061
207	0.08937941
208	0.08938460
209	0.08938349
210	0.08939034
211	0.08938379
212	0.08940919
213	0.08940881
214	0.08939682
215	0.08938877
216	0.08939435
217	0.08939063
218	0.08938473
219	0.08937100
220	0.08939259
221	0.08935644
222	0.08938293
223	0.08937432
224	0.08938057
225	0.08935942
226	0.08936967
227	0.08935636
228	0.08936788
229	0.08936320
230	0.08933844
231	0.08935198
232	0.08936778
233	0.08936075
234	0.08934507
235	0.08934741
236	0.08933593
237	0.08934344
238	0.08934142
239	0.08934616
240	0.08934609
241	0.08934206
242	0.08933649
243	0.08931995
244	0.08932962
245	0.08931506
246	0.08932871
247	0.08932357
248	0.08933018
249	0.08932680
250	0.08932690
251	0.08932906
252	0.08930581
253	0.08932247
254	0.08932119
255	0.08932065
256	0.08933103
257	0.08930806
258	0.08931562
259	0.08932625
260	0.08932182
261	0.08933546
262	0.08933083
263	0.08932702
264	0.08932098
265	0.08932984
266	0.08933482
267	0.08932880
268	0.08931525
269	0.08933632
270	0.08932991
271	0.08931094
272	0.08931739
273	0.08931082
274	0.08930079
275	0.08931157
276	0.08930244
277	0.08929434
278	0.08931264
279	0.08930633
280	0.08929671
281	0.08929287
282	0.08929984
283	0.08929957
284	0.08929775
285	0.08930521
286	0.08931427
287	0.08929559
288	0.08933046
289	0.08931776
290	0.08932208
291	0.08932865
292	0.08932758
293	0.08932830
294	0.08933231
295	0.08933372
296	0.08934893
297	0.08932102
298	0.08932945
299	0.08934206
300	0.08932073
301	0.08933033
302	0.08935800
303	0.08934867
304	0.08934548
305	0.08937187
306	0.08936947
307	0.08936892
308	0.08934118
309	0.08935666
310	0.08935994
311	0.08937243
312	0.08936465
313	0.08938017
314	0.08937607
315	0.08937690
316	0.08938123
317	0.08938465
318	0.08936054
319	0.08937062
320	0.08937053
321	0.08936193
322	0.08937278
323	0.08936055
324	0.08935381
325	0.08936395
326	0.08936433
327	0.08936899
328	0.08937024
329	0.08936286
330	0.08938347
331	0.08936484
332	0.08935925
333	0.08937591
334	0.08937684
335	0.08937480
336	0.08937041
337	0.08937175
338	0.08936556
339	0.08937723
340	0.08935188
341	0.08935715
342	0.08935918
343	0.08934805
344	0.08934067
345	0.08934778
346	0.08933742
347	0.08934794
348	0.08932993
349	0.08931424
350	0.08931269
351	0.08929875
352	0.08928357
353	0.08928327
354	0.08928999
355	0.08928338
356	0.08927803
357	0.08927061
358	0.08926357
359	0.08925145
360	0.08922358
361	0.08922850
362	0.08924115
363	0.08921952
364	0.08922046
365	0.08920442
366	0.08921067
367	0.08921923
368	0.08921744
369	0.08922256
370	0.08924378
371	0.08922888
372	0.08923164
373	0.08922173
374	0.08922401
375	0.08923102
376	0.08923759
377	0.08923809
378	0.08922078
379	0.08921465
380	0.08922239
381	0.08921699
382	0.08921853
383	0.08921628
384	0.08921129
385	0.08921573
386	0.08922723
387	0.08919413
388	0.08920687
389	0.08923139
390	0.08921996
391	0.08921143
392	0.08921582
393	0.08921476
394	0.08920480
395	0.08921287
396	0.08919832
397	0.08922432
398	0.08921412
399	0.08923569
400	0.08922709
401	0.08924156
402	0.08922919
403	0.08922993
404	0.08922388
405	0.08923631
406	0.08924426
407	0.08922286
408	0.08922189
409	0.08921921
410	0.08921101
411	0.08921759
412	0.08921209
413	0.08922566
414	0.08923354
415	0.08923161
416	0.08922526
417	0.08923626
418	0.08923576
419	0.08924187
420	0.08923708
421	0.08924032
422	0.08925286
423	0.08923703
424	0.08925008
425	0.08927105
426	0.08925938
427	0.08926497
428	0.08926287
429	0.08924169
430	0.08924390
431	0.08923570
432	0.08924215
433	0.08923250
434	0.08922479
435	0.08924629
436	0.08923044
437	0.08923705
438	0.08922184
439	0.08921237
440	0.08920965
441	0.08921091
442	0.08921012
443	0.08921728
444	0.08920813
445	0.08920608
446	0.08920288
447	0.08921128
448	0.08919256
449	0.08920194
450	0.08918197
451	0.08918481
452	0.08919045
453	0.08918413
454	0.08916905
455	0.08918501
456	0.08916301
457	0.08916298
458	0.08917832
459	0.08916523
460	0.08917441
461	0.08917068
462	0.08918449
463	0.08917505
464	0.08916916
465	0.08919623
466	0.08917227
467	0.08917637
468	0.08918613
469	0.08918000
470	0.08919598
471	0.08918592
472	0.08917220
473	0.08919492
474	0.08917971
475	0.08916988
476	0.08919104
477	0.08918770
478	0.08916914
479	0.08918214
480	0.08915511
481	0.08916342
482	0.08913802
483	0.08913196
484	0.08912922
485	0.08912314
486	0.08913371
487	0.08911742
488	0.08912700
489	0.08910253
490	0.08911093
491	0.08907635
492	0.08910353
493	0.08908775
494	0.08906779
495	0.08910366
496	0.08908489
497	0.08908979
498	0.08908091
499	0.08908096
500	0.08907337
501	0.08905804
502	0.08907010
503	0.08906456
504	0.08906137
505	0.08904351
506	0.08903374
507	0.08904644
508	0.08903112
509	0.08901127
510	0.08902652
511	0.08901343
512	0.08900983
513	0.08900076
514	0.08898230
515	0.08898802
516	0.08898163
517	0.08896385
518	0.08897013
519	0.08897834
520	0.08896283
521	0.08896004
522	0.08896662
523	0.08895329
524	0.08895844
525	0.08895771
526	0.08896130
527	0.08895148
528	0.08893999
529	0.08895955
530	0.08897877
531	0.08896564
532	0.08896174
533	0.08896580
534	0.08896428
535	0.08898071
536	0.08895510
537	0.08896422
538	0.08897050
539	0.08896503
540	0.08895731
541	0.08897837
542	0.08897226
543	0.08898340
544	0.08898827
545	0.08899093
546	0.08900858
547	0.08901536
548	0.08899333
549	0.08900499
550	0.08902287
551	0.08901875
552	0.08901214
553	0.08903826
554	0.08902444
555	0.08904184
556	0.08903460
557	0.08902955
558	0.08904190
559	0.08905306
560	0.08902853
561	0.08903015
562	0.08903465
563	0.08904876
564	0.08904777
565	0.08905440
566	0.08906183
567	0.08906227
568	0.08907097
569	0.08907022
570	0.08907402
571	0.08907425
572	0.08907865
573	0.08908368
574	0.08908755
575	0.08910070
576	0.08909765
577	0.08910737
578	0.08911180
579	0.08912847
580	0.08911791
581	0.08912627
582	0.08913847
583	0.08913133
584	0.08914002
585	0.08914524
586	0.08914987
587	0.08915500
588	0.08916981
589	0.08916427
590	0.08918052
591	0.08917025
592	0.08918145
593	0.08918829
594	0.08917657
595	0.08917379
596	0.08918501
597	0.08917286
598	0.08917292
599	0.08917163
600	0.08917595