	C:\Users\jkuzm\OneDrive - University of Massachusetts\HRSL x UMILL-PUMA Fatigue - Fatigue\Data\F01\FR3_static3.c3d _ImpedanceExport
	LTOE
	TARGET
	ORIGINAL
ITEM	Z
1	0.05169531
2	0.05168290
3	0.05167452
4	0.05168007
5	0.05163641
6	0.05164353
7	0.05166264
8	0.05164149
9	0.05165925
10	0.05166866
11	0.05166377
12	0.05164696
13	0.05167124
14	0.05169789
15	0.05169849
16	0.05167637
17	0.05170273
18	0.05173283
19	0.05174124
20	0.05170682
21	0.05175386
22	0.05170333
23	0.05176105
24	0.05175973
25	0.05176899
26	0.05176591
27	0.05175841
28	0.05176635
29	0.05179573
30	0.05178811
31	0.05177556
32	0.05180499
33	0.05181731
34	0.05183477
35	0.05185341
36	0.05186616
37	0.05188278
38	0.05188923
39	0.05190834
40	0.05188890
41	0.05191803
42	0.05192147
43	0.05195468
44	0.05195804
45	0.05196603
46	0.05197756
47	0.05200065
48	0.05202015
49	0.05201440
50	0.05204241
51	0.05203508
52	0.05205376
53	0.05206261
54	0.05206719
55	0.05210879
56	0.05205413
57	0.05207219
58	0.05205826
59	0.05205678
60	0.05206586
61	0.05202771
62	0.05204370
63	0.05201177
64	0.05203282
65	0.05200678
66	0.05201776
67	0.05198276
68	0.05197845
69	0.05196576
70	0.05196373
71	0.05198084
72	0.05192188
73	0.05191972
74	0.05191118
75	0.05189466
76	0.05188246
77	0.05188966
78	0.05186486
79	0.05187834
80	0.05185392
81	0.05184636
82	0.05183249
83	0.05183573
84	0.05179965
85	0.05182023
86	0.05181244
87	0.05183009
88	0.05182653
89	0.05185650
90	0.05187343
91	0.05185905
92	0.05184897
93	0.05187125
94	0.05185817
95	0.05186618
96	0.05184238
97	0.05184399
98	0.05181849
99	0.05179804
100	0.05178801
101	0.05180434
102	0.05179641
103	0.05178385
104	0.05176176
105	0.05175304
106	0.05171679
107	0.05172573
108	0.05169967
109	0.05170391
110	0.05169299
111	0.05166876
112	0.05167390
113	0.05166975
114	0.05165704
115	0.05165313
116	0.05164951
117	0.05164336
118	0.05161348
119	0.05159802
120	0.05163221
121	0.05163331
122	0.05161506
123	0.05161833
124	0.05156678
125	0.05161360
126	0.05160257
127	0.05160114
128	0.05158994
129	0.05160064
130	0.05156762
131	0.05156877
132	0.05156772
133	0.05158304
134	0.05160771
135	0.05158396
136	0.05158116
137	0.05160741
138	0.05160016
139	0.05161409
140	0.05161259
141	0.05161697
142	0.05162166
143	0.05161110
144	0.05161860
145	0.05162737
146	0.05160856
147	0.05163320
148	0.05165320
149	0.05163623
150	0.05165284
151	0.05162731
152	0.05165292
153	0.05166491
154	0.05164566
155	0.05167615
156	0.05165492
157	0.05167449
158	0.05167160
159	0.05169106
160	0.05169219
161	0.05167856
162	0.05170681
163	0.05167656
164	0.05166905
165	0.05166150
166	0.05163889
167	0.05166611
168	0.05168695
169	0.05169018
170	0.05165209
171	0.05165631
172	0.05164452
173	0.05164215
174	0.05161653
175	0.05163942
176	0.05166656
177	0.05166748
178	0.05164225
179	0.05167625
180	0.05167034
181	0.05168471
182	0.05170556
183	0.05171392
184	0.05169583
185	0.05171321
186	0.05168850
187	0.05169386
188	0.05168741
189	0.05170356
190	0.05172203
191	0.05173487
192	0.05172596
193	0.05172468
194	0.05174043
195	0.05176959
196	0.05176754
197	0.05175474
198	0.05176002
199	0.05177518
200	0.05177698
201	0.05180422
202	0.05180110
203	0.05182563
204	0.05182189
205	0.05183517
206	0.05185556
207	0.05183796
208	0.05183185
209	0.05182538
210	0.05186021
211	0.05182874
212	0.05185186
213	0.05186263
214	0.05184858
215	0.05182486
216	0.05183907
217	0.05182865
218	0.05178682
219	0.05179895
220	0.05178385
221	0.05180731
222	0.05179569
223	0.05177495
224	0.05178348
225	0.05178290
226	0.05174842
227	0.05177718
228	0.05176608
229	0.05173306
230	0.05173948
231	0.05174256
232	0.05174448
233	0.05174639
234	0.05172163
235	0.05170254
236	0.05171254
237	0.05172183
238	0.05170621
239	0.05171461
240	0.05169399
241	0.05167104
242	0.05166237
243	0.05161683
244	0.05167385
245	0.05166960
246	0.05166593
247	0.05167751
248	0.05163319
249	0.05167684
250	0.05168580
251	0.05166398
252	0.05165914
253	0.05168461
254	0.05168141
255	0.05169278
256	0.05170654
257	0.05170066
258	0.05169150
259	0.05168812
260	0.05169702
261	0.05170348
262	0.05168117
263	0.05166424
264	0.05167343
265	0.05168389
266	0.05168730
267	0.05166915
268	0.05165228
269	0.05165449
270	0.05164104
271	0.05163251
272	0.05163359
273	0.05162432
274	0.05160562
275	0.05163677
276	0.05160538
277	0.05162061
278	0.05163192
279	0.05162680
280	0.05162990
281	0.05162096
282	0.05163581
283	0.05165047
284	0.05164656
285	0.05163870
286	0.05164443
287	0.05163744
288	0.05168280
289	0.05166740
290	0.05168287
291	0.05169292
292	0.05168018
293	0.05170803
294	0.05171992
295	0.05168952
296	0.05174047
297	0.05171216
298	0.05169868
299	0.05171779
300	0.05172896
301	0.05172779
302	0.05172871
303	0.05171935
304	0.05175656
305	0.05174499
306	0.05174457
307	0.05175943
308	0.05179127
309	0.05175964
310	0.05178151
311	0.05181232
312	0.05179942
313	0.05181308
314	0.05180385
315	0.05182245
316	0.05182188
317	0.05180465
318	0.05180369
319	0.05179211
320	0.05180140
321	0.05179876
322	0.05181690
323	0.05180693
324	0.05180414
325	0.05181260
326	0.05183670
327	0.05182831
328	0.05183128
329	0.05184001
330	0.05184643
331	0.05183656
332	0.05184597
333	0.05184981
334	0.05184697
335	0.05186216
336	0.05185629
337	0.05185293
338	0.05183958
339	0.05183141
340	0.05183448
341	0.05179518
342	0.05180588
343	0.05180562
344	0.05179092
345	0.05175517
346	0.05177732
347	0.05173206
348	0.05172953
349	0.05173331
350	0.05168555
351	0.05167889
352	0.05168460
353	0.05164619
354	0.05163169
355	0.05164026
356	0.05161591
357	0.05161655
358	0.05159194
359	0.05158318
360	0.05155671
361	0.05154508
362	0.05153245
363	0.05151987
364	0.05151526
365	0.05151042
366	0.05148847
367	0.05149917
368	0.05149290
369	0.05150330
370	0.05150133
371	0.05147358
372	0.05148176
373	0.05147744
374	0.05146690
375	0.05141590
376	0.05146505
377	0.05144702
378	0.05144580
379	0.05144656
380	0.05146201
381	0.05142900
382	0.05143349
383	0.05140620
384	0.05142323
385	0.05140663
386	0.05141875
387	0.05141843
388	0.05141261
389	0.05142482
390	0.05142479
391	0.05143899
392	0.05145898
393	0.05142217
394	0.05144569
395	0.05144173
396	0.05144579
397	0.05144174
398	0.05144010
399	0.05143679
400	0.05144492
401	0.05142163
402	0.05145879
403	0.05143970
404	0.05143951
405	0.05145840
406	0.05142033
407	0.05144008
408	0.05145712
409	0.05147198
410	0.05146874
411	0.05145751
412	0.05144124
413	0.05148472
414	0.05148127
415	0.05148038
416	0.05147935
417	0.05147114
418	0.05148356
419	0.05150576
420	0.05149332
421	0.05147838
422	0.05150012
423	0.05149341
424	0.05149122
425	0.05148581
426	0.05146345
427	0.05148271
428	0.05145346
429	0.05147311
430	0.05149198
431	0.05150503
432	0.05148958
433	0.05150085
434	0.05148911
435	0.05145748
436	0.05145145
437	0.05145025
438	0.05143871
439	0.05142978
440	0.05141198
441	0.05142346
442	0.05140055
443	0.05142511
444	0.05140132
445	0.05141383
446	0.05139510
447	0.05137891
448	0.05137334
449	0.05136849
450	0.05137723
451	0.05135535
452	0.05137227
453	0.05134375
454	0.05135643
455	0.05136044
456	0.05133546
457	0.05134729
458	0.05134879
459	0.05135434
460	0.05134925
461	0.05134879
462	0.05135567
463	0.05136847
464	0.05136891
465	0.05140014
466	0.05138189
467	0.05140911
468	0.05142066
469	0.05141312
470	0.05140842
471	0.05144211
472	0.05142545
473	0.05142141
474	0.05141888
475	0.05142621
476	0.05143724
477	0.05143023
478	0.05141456
479	0.05140726
480	0.05140008
481	0.05139924
482	0.05137563
483	0.05137196
484	0.05136456
485	0.05135343
486	0.05134529
487	0.05134446
488	0.05134849
489	0.05132971
490	0.05132889
491	0.05130624
492	0.05129782
493	0.05128835
494	0.05127627
495	0.05126360
496	0.05123724
497	0.05123148
498	0.05120090
499	0.05117643
500	0.05117774
501	0.05115699
502	0.05116989
503	0.05114913
504	0.05112731
505	0.05110493
506	0.05108129
507	0.05106595
508	0.05107418
509	0.05103996
510	0.05102815
511	0.05102731
512	0.05102174
513	0.05101297
514	0.05099224
515	0.05097982
516	0.05098798
517	0.05095757
518	0.05094786
519	0.05095568
520	0.05093029
521	0.05089359
522	0.05091349
523	0.05092408
524	0.05091270
525	0.05088423
526	0.05088593
527	0.05089327
528	0.05090331
529	0.05090563
530	0.05089635
531	0.05092308
532	0.05092310
533	0.05090943
534	0.05091149
535	0.05094377
536	0.05092176
537	0.05092372
538	0.05092594
539	0.05091593
540	0.05091413
541	0.05092441
542	0.05091818
543	0.05092825
544	0.05095554
545	0.05093107
546	0.05094537
547	0.05093594
548	0.05095843
549	0.05095724
550	0.05096100
551	0.05093942
552	0.05094523
553	0.05095884
554	0.05093962
555	0.05096513
556	0.05095124
557	0.05096157
558	0.05095957
559	0.05095702
560	0.05096361
561	0.05097038
562	0.05097306
563	0.05097629
564	0.05100136
565	0.05101024
566	0.05099730
567	0.05102072
568	0.05102631
569	0.05106071
570	0.05106107
571	0.05106686
572	0.05108040
573	0.05108480
574	0.05109214
575	0.05108909
576	0.05112017
577	0.05112194
578	0.05112932
579	0.05114469
580	0.05114873
581	0.05117456
582	0.05119127
583	0.05119647
584	0.05122700
585	0.05123000
586	0.05121365
587	0.05124385
588	0.05125502
589	0.05126367
590	0.05127899
591	0.05127238
592	0.05127404
593	0.05125476
594	0.05126391
595	0.05128339
596	0.05125756
597	0.05125806
598	0.05126827
599	0.05124971
600	0.05124582