	C:\Users\jkuzm\OneDrive - University of Massachusetts\HRSL x UMILL-PUMA Fatigue - Fatigue\Data\F01\FR3_static3.c3d _ImpedanceExport
	LCAL1
	TARGET
	ORIGINAL
ITEM	Y
1	0.26362664
2	0.26362652
3	0.26361188
4	0.26339254
5	0.26343584
6	0.26345378
7	0.26343137
8	0.26343635
9	0.26343858
10	0.26344159
11	0.26342067
12	0.26343533
13	0.26340839
14	0.26342496
15	0.26339510
16	0.26339895
17	0.26339656
18	0.26338062
19	0.26337534
20	0.26336166
21	0.26334742
22	0.26335430
23	0.26333904
24	0.26333132
25	0.26333457
26	0.26331607
27	0.26331529
28	0.26329657
29	0.26330346
30	0.26332539
31	0.26328403
32	0.26328942
33	0.26327342
34	0.26324916
35	0.26323667
36	0.26322713
37	0.26325005
38	0.26325196
39	0.26321334
40	0.26319128
41	0.26320475
42	0.26318228
43	0.26317921
44	0.26316136
45	0.26316735
46	0.26314706
47	0.26314184
48	0.26313880
49	0.26310623
50	0.26310375
51	0.26311061
52	0.26307794
53	0.26308149
54	0.26309639
55	0.26306364
56	0.26309186
57	0.26306796
58	0.26306796
59	0.26306194
60	0.26308250
61	0.26308933
62	0.26308295
63	0.26308510
64	0.26312485
65	0.26313007
66	0.26313424
67	0.26313481
68	0.26316035
69	0.26315457
70	0.26315591
71	0.26316395
72	0.26317638
73	0.26319799
74	0.26320481
75	0.26321220
76	0.26322964
77	0.26322985
78	0.26323181
79	0.26324356
80	0.26325005
81	0.26323014
82	0.26322886
83	0.26324803
84	0.26324245
85	0.26323667
86	0.26323560
87	0.26324362
88	0.26323348
89	0.26322258
90	0.26324180
91	0.26323003
92	0.26320359
93	0.26320922
94	0.26321462
95	0.26320037
96	0.26320946
97	0.26322669
98	0.26323530
99	0.26324224
100	0.26323608
101	0.26325470
102	0.26327983
103	0.26326624
104	0.26327625
105	0.26331165
106	0.26332787
107	0.26331949
108	0.26334304
109	0.26336828
110	0.26336959
111	0.26338124
112	0.26338577
113	0.26340261
114	0.26339826
115	0.26340306
116	0.26340529
117	0.26341942
118	0.26340201
119	0.26344216
120	0.26344678
121	0.26344219
122	0.26345295
123	0.26343489
124	0.26344162
125	0.26343241
126	0.26341784
127	0.26342314
128	0.26345137
129	0.26344433
130	0.26344720
131	0.26342919
132	0.26343858
133	0.26344541
134	0.26343641
135	0.26344907
136	0.26344094
137	0.26345482
138	0.26343745
139	0.26343337
140	0.26344702
141	0.26343977
142	0.26344132
143	0.26342255
144	0.26341802
145	0.26340914
146	0.26341337
147	0.26339540
148	0.26338744
149	0.26339889
150	0.26338485
151	0.26342008
152	0.26340041
153	0.26341188
154	0.26338813
155	0.26340440
156	0.26337591
157	0.26338604
158	0.26334462
159	0.26335782
160	0.26333737
161	0.26334831
162	0.26335070
163	0.26336846
164	0.26336399
165	0.26337433
166	0.26337427
167	0.26339188
168	0.26337183
169	0.26335165
170	0.26336348
171	0.26336697
172	0.26337638
173	0.26336908
174	0.26340228
175	0.26338869
176	0.26340571
177	0.26338404
178	0.26339874
179	0.26339984
180	0.26340568
181	0.26339629
182	0.26337081
183	0.26340109
184	0.26338103
185	0.26337501
186	0.26337352
187	0.26337039
188	0.26336929
189	0.26336551
190	0.26337102
191	0.26336908
192	0.26335502
193	0.26333797
194	0.26334763
195	0.26337102
196	0.26334196
197	0.26332521
198	0.26331964
199	0.26331162
200	0.26332313
201	0.26327917
202	0.26328054
203	0.26325810
204	0.26325303
205	0.26325163
206	0.26325998
207	0.26324713
208	0.26326019
209	0.26326710
210	0.26326945
211	0.26327008
212	0.26325735
213	0.26324895
214	0.26325271
215	0.26325622
216	0.26326215
217	0.26326686
218	0.26323897
219	0.26325271
220	0.26329282
221	0.26328814
222	0.26330030
223	0.26329631
224	0.26332000
225	0.26330352
226	0.26334053
227	0.26332375
228	0.26334125
229	0.26334006
230	0.26333374
231	0.26335800
232	0.26337489
233	0.26337790
234	0.26336923
235	0.26336989
236	0.26336941
237	0.26336980
238	0.26338696
239	0.26338923
240	0.26338869
241	0.26341251
242	0.26339909
243	0.26342157
244	0.26341844
245	0.26340783
246	0.26340333
247	0.26341817
248	0.26339096
249	0.26339927
250	0.26339433
251	0.26339406
252	0.26340967
253	0.26339993
254	0.26341397
255	0.26339814
256	0.26339346
257	0.26341021
258	0.26341280
259	0.26341584
260	0.26339701
261	0.26339000
262	0.26342320
263	0.26341164
264	0.26342607
265	0.26341903
266	0.26342359
267	0.26344246
268	0.26344591
269	0.26344267
270	0.26343405
271	0.26343831
272	0.26343149
273	0.26344725
274	0.26345727
275	0.26344365
276	0.26343659
277	0.26343396
278	0.26345426
279	0.26345742
280	0.26345599
281	0.26342443
282	0.26343700
283	0.26344272
284	0.26343137
285	0.26342902
286	0.26341724
287	0.26342881
288	0.26341575
289	0.26340130
290	0.26339090
291	0.26339138
292	0.26338834
293	0.26337096
294	0.26336086
295	0.26336154
296	0.26336980
297	0.26335898
298	0.26337123
299	0.26334235
300	0.26335850
301	0.26333061
302	0.26332852
303	0.26333228
304	0.26335841
305	0.26333433
306	0.26329267
307	0.26330301
308	0.26330695
309	0.26330084
310	0.26329160
311	0.26327813
312	0.26330894
313	0.26329246
314	0.26332113
315	0.26329973
316	0.26331216
317	0.26329857
318	0.26329732
319	0.26330116
320	0.26327714
321	0.26329908
322	0.26331198
323	0.26329604
324	0.26328748
325	0.26329386
326	0.26330817
327	0.26329666
328	0.26326808
329	0.26329201
330	0.26327831
331	0.26325783
332	0.26326033
333	0.26325297
334	0.26325899
335	0.26324219
336	0.26323143
337	0.26323795
338	0.26324832
339	0.26324907
340	0.26326436
341	0.26325420
342	0.26328540
343	0.26331216
344	0.26331824
345	0.26328740
346	0.26331154
347	0.26331908
348	0.26337165
349	0.26334739
350	0.26336619
351	0.26339111
352	0.26340795
353	0.26339483
354	0.26341915
355	0.26343185
356	0.26342684
357	0.26346979
358	0.26344743
359	0.26347464
360	0.26347348
361	0.26347730
362	0.26349109
363	0.26353043
364	0.26351327
365	0.26352856
366	0.26353732
367	0.26354423
368	0.26356027
369	0.26356906
370	0.26356283
371	0.26355514
372	0.26354805
373	0.26355198
374	0.26356912
375	0.26355895
376	0.26358423
377	0.26357430
378	0.26358199
379	0.26359868
380	0.26358283
381	0.26357728
382	0.26360527
383	0.26360294
384	0.26363042
385	0.26359904
386	0.26361057
387	0.26360953
388	0.26363063
389	0.26362047
390	0.26361662
391	0.26362318
392	0.26360434
393	0.26360741
394	0.26360017
395	0.26359630
396	0.26361525
397	0.26359987
398	0.26361257
399	0.26360857
400	0.26358441
401	0.26357886
402	0.26358375
403	0.26359519
404	0.26358351
405	0.26357320
406	0.26360664
407	0.26360855
408	0.26361030
409	0.26360330
410	0.26358300
411	0.26358539
412	0.26360962
413	0.26358119
414	0.26357314
415	0.26355985
416	0.26355028
417	0.26356316
418	0.26356080
419	0.26358134
420	0.26358420
421	0.26358387
422	0.26356250
423	0.26358253
424	0.26357940
425	0.26358545
426	0.26360437
427	0.26355287
428	0.26358137
429	0.26357892
430	0.26358452
431	0.26358667
432	0.26359576
433	0.26358140
434	0.26357526
435	0.26358593
436	0.26358643
437	0.26361188
438	0.26362276
439	0.26362804
440	0.26362956
441	0.26364982
442	0.26365989
443	0.26365680
444	0.26368719
445	0.26370132
446	0.26371491
447	0.26370105
448	0.26374629
449	0.26373893
450	0.26373821
451	0.26374799
452	0.26377919
453	0.26379007
454	0.26378328
455	0.26380080
456	0.26380628
457	0.26380372
458	0.26378909
459	0.26377252
460	0.26376915
461	0.26377347
462	0.26375347
463	0.26373249
464	0.26372057
465	0.26372200
466	0.26371115
467	0.26369128
468	0.26368186
469	0.26368240
470	0.26369533
471	0.26367936
472	0.26369449
473	0.26370308
474	0.26370052
475	0.26369593
476	0.26369202
477	0.26369140
478	0.26371449
479	0.26371899
480	0.26371107
481	0.26370308
482	0.26371568
483	0.26371977
484	0.26374841
485	0.26376215
486	0.26377040
487	0.26379049
488	0.26377189
489	0.26378056
490	0.26378855
491	0.26381886
492	0.26382041
493	0.26383004
494	0.26383716
495	0.26386005
496	0.26386282
497	0.26388213
498	0.26391682
499	0.26392227
500	0.26395416
501	0.26397023
502	0.26397687
503	0.26398256
504	0.26399693
505	0.26401618
506	0.26403600
507	0.26404503
508	0.26407853
509	0.26408520
510	0.26409861
511	0.26411065
512	0.26411992
513	0.26413339
514	0.26413858
515	0.26414523
516	0.26416439
517	0.26417094
518	0.26419273
519	0.26419321
520	0.26420444
521	0.26421076
522	0.26420301
523	0.26421845
524	0.26421714
525	0.26418376
526	0.26420203
527	0.26419342
528	0.26419231
529	0.26418731
530	0.26418009
531	0.26418847
532	0.26415789
533	0.26415867
534	0.26415581
535	0.26416436
536	0.26416925
537	0.26415479
538	0.26414049
539	0.26415098
540	0.26414976
541	0.26413921
542	0.26412663
543	0.26415694
544	0.26413879
545	0.26412919
546	0.26412734
547	0.26412094
548	0.26412910
549	0.26413432
550	0.26413620
551	0.26413545
552	0.26413956
553	0.26413462
554	0.26412103
555	0.26413894
556	0.26413170
557	0.26411185
558	0.26409045
559	0.26410961
560	0.26408726
561	0.26410058
562	0.26411274
563	0.26408961
564	0.26409352
565	0.26408997
566	0.26406869
567	0.26405671
568	0.26406413
569	0.26405174
570	0.26400778
571	0.26399949
572	0.26400611
573	0.26401407
574	0.26399103
575	0.26396877
576	0.26396033
577	0.26395410
578	0.26394117
579	0.26390624
580	0.26388413
581	0.26388299
582	0.26388368
583	0.26386890
584	0.26384968
585	0.26384014
586	0.26383337
587	0.26381737
588	0.26379201
589	0.26377010
590	0.26374817
591	0.26375765
592	0.26376814
593	0.26375327
594	0.26375791
595	0.26374856
596	0.26376507
597	0.26378164
598	0.26379454
599	0.26378876
600	0.26377034