	C:\Users\jkuzm\OneDrive - University of Massachusetts\HRSL x UMILL-PUMA Fatigue - Fatigue\Data\F01\FR3_static3.c3d _ImpedanceExport
	LMT1H
	TARGET
	ORIGINAL
ITEM	Y
1	0.46976069
2	0.46974093
3	0.46976572
4	0.46973741
5	0.46977210
6	0.46977702
7	0.46977726
8	0.46976414
9	0.46977431
10	0.46978587
11	0.46973309
12	0.46977034
13	0.46974114
14	0.46973681
15	0.46971786
16	0.46971324
17	0.46972173
18	0.46969289
19	0.46970543
20	0.46970698
21	0.46971267
22	0.46970895
23	0.46970564
24	0.46971270
25	0.46970031
26	0.46968946
27	0.46969116
28	0.46967074
29	0.46966490
30	0.46964154
31	0.46966204
32	0.46966380
33	0.46966535
34	0.46966404
35	0.46965155
36	0.46964559
37	0.46962827
38	0.46963155
39	0.46960020
40	0.46960145
41	0.46958610
42	0.46958306
43	0.46958226
44	0.46959960
45	0.46957862
46	0.46957609
47	0.46956271
48	0.46953437
49	0.46951690
50	0.46951374
51	0.46954006
52	0.46952638
53	0.46951729
54	0.46953303
55	0.46952954
56	0.46952623
57	0.46951050
58	0.46950790
59	0.46951726
60	0.46951273
61	0.46951583
62	0.46953529
63	0.46952087
64	0.46955448
65	0.46954882
66	0.46955594
67	0.46956912
68	0.46957523
69	0.46957281
70	0.46956792
71	0.46956065
72	0.46955273
73	0.46957308
74	0.46957791
75	0.46959904
76	0.46961853
77	0.46962526
78	0.46965843
79	0.46964368
80	0.46962416
81	0.46962020
82	0.46963841
83	0.46960431
84	0.46961793
85	0.46962443
86	0.46962705
87	0.46961710
88	0.46962637
89	0.46962747
90	0.46964431
91	0.46961808
92	0.46962586
93	0.46962035
94	0.46960792
95	0.46961650
96	0.46962482
97	0.46961766
98	0.46963456
99	0.46964508
100	0.46965069
101	0.46965989
102	0.46966338
103	0.46964076
104	0.46965623
105	0.46966359
106	0.46968728
107	0.46969098
108	0.46969390
109	0.46970174
110	0.46972802
111	0.46971643
112	0.46973416
113	0.46972579
114	0.46973595
115	0.46974042
116	0.46971625
117	0.46973380
118	0.46975461
119	0.46974778
120	0.46980551
121	0.46978104
122	0.46978667
123	0.46978560
124	0.46978310
125	0.46979007
126	0.46977526
127	0.46976534
128	0.46976575
129	0.46976736
130	0.46976975
131	0.46979296
132	0.46978378
133	0.46978498
134	0.46978512
135	0.46978968
136	0.46979097
137	0.46979728
138	0.46975943
139	0.46974921
140	0.46975422
141	0.46977925
142	0.46976319
143	0.46975726
144	0.46976420
145	0.46976551
146	0.46976563
147	0.46974862
148	0.46975067
149	0.46974039
150	0.46974829
151	0.46975368
152	0.46977267
153	0.46975419
154	0.46975973
155	0.46974251
156	0.46973479
157	0.46972707
158	0.46970910
159	0.46970689
160	0.46971536
161	0.46972349
162	0.46972546
163	0.46973670
164	0.46972176
165	0.46973610
166	0.46974194
167	0.46972966
168	0.46974859
169	0.46975067
170	0.46972483
171	0.46973595
172	0.46971923
173	0.46972075
174	0.46972647
175	0.46975508
176	0.46975440
177	0.46975902
178	0.46977818
179	0.46975562
180	0.46974072
181	0.46974611
182	0.46973667
183	0.46973059
184	0.46971905
185	0.46971062
186	0.46970442
187	0.46971288
188	0.46970806
189	0.46971577
190	0.46971944
191	0.46970284
192	0.46969265
193	0.46969426
194	0.46969330
195	0.46968967
196	0.46970665
197	0.46970254
198	0.46968368
199	0.46968740
200	0.46968007
201	0.46965441
202	0.46964288
203	0.46965876
204	0.46963695
205	0.46963832
206	0.46963283
207	0.46963516
208	0.46966508
209	0.46964517
210	0.46964419
211	0.46966186
212	0.46964085
213	0.46964341
214	0.46963286
215	0.46964765
216	0.46965680
217	0.46965456
218	0.46963596
219	0.46967822
220	0.46967340
221	0.46969119
222	0.46968523
223	0.46969604
224	0.46968493
225	0.46970090
226	0.46968216
227	0.46970433
228	0.46969172
229	0.46968415
230	0.46968973
231	0.46969855
232	0.46971178
233	0.46972269
234	0.46972921
235	0.46971869
236	0.46971607
237	0.46973607
238	0.46972835
239	0.46970260
240	0.46974078
241	0.46976593
242	0.46973920
243	0.46974725
244	0.46973151
245	0.46974671
246	0.46974018
247	0.46973848
248	0.46972615
249	0.46971938
250	0.46971816
251	0.46973571
252	0.46973002
253	0.46974412
254	0.46974549
255	0.46975368
256	0.46973959
257	0.46970657
258	0.46973264
259	0.46973094
260	0.46972585
261	0.46972895
262	0.46973029
263	0.46972606
264	0.46973541
265	0.46973470
266	0.46974137
267	0.46975797
268	0.46976486
269	0.46975327
270	0.46973792
271	0.46973002
272	0.46973297
273	0.46974605
274	0.46974072
275	0.46976334
276	0.46977121
277	0.46974975
278	0.46977949
279	0.46974400
280	0.46975422
281	0.46975216
282	0.46975368
283	0.46974897
284	0.46973673
285	0.46974951
286	0.46975008
287	0.46976414
288	0.46972919
289	0.46973926
290	0.46973845
291	0.46970925
292	0.46971592
293	0.46971890
294	0.46972111
295	0.46970686
296	0.46971241
297	0.46973038
298	0.46973434
299	0.46971592
300	0.46971548
301	0.46972039
302	0.46969441
303	0.46970484
304	0.46969041
305	0.46969396
306	0.46968290
307	0.46969867
308	0.46969721
309	0.46968675
310	0.46968696
311	0.46967101
312	0.46968195
313	0.46967176
314	0.46965739
315	0.46966842
316	0.46966198
317	0.46965000
318	0.46967453
319	0.46966308
320	0.46965832
321	0.46967793
322	0.46966296
323	0.46967611
324	0.46966913
325	0.46965986
326	0.46965209
327	0.46964324
328	0.46964693
329	0.46966439
330	0.46965730
331	0.46964687
332	0.46965900
333	0.46964353
334	0.46964461
335	0.46965495
336	0.46963730
337	0.46964747
338	0.46964237
339	0.46964306
340	0.46964532
341	0.46967512
342	0.46968296
343	0.46968436
344	0.46967587
345	0.46968412
346	0.46967632
347	0.46969253
348	0.46967846
349	0.46969485
350	0.46970275
351	0.46972093
352	0.46971765
353	0.46974635
354	0.46976581
355	0.46976885
356	0.46977866
357	0.46976206
358	0.46976277
359	0.46978825
360	0.46978283
361	0.46977836
362	0.46979192
363	0.46979970
364	0.46980375
365	0.46983808
366	0.46983734
367	0.46983844
368	0.46982652
369	0.46983260
370	0.46984601
371	0.46983835
372	0.46984309
373	0.46984828
374	0.46987501
375	0.46985587
376	0.46987140
377	0.46987036
378	0.46985650
379	0.46986791
380	0.46986052
381	0.46988904
382	0.46988365
383	0.46989292
384	0.46987256
385	0.46990231
386	0.46990916
387	0.46988735
388	0.46988922
389	0.46989170
390	0.46987721
391	0.46989527
392	0.46988928
393	0.46989051
394	0.46987557
395	0.46986225
396	0.46989709
397	0.46987253
398	0.46988234
399	0.46987540
400	0.46986142
401	0.46987164
402	0.46985105
403	0.46985924
404	0.46984366
405	0.46984425
406	0.46984848
407	0.46989357
408	0.46986389
409	0.46986601
410	0.46986336
411	0.46985757
412	0.46984708
413	0.46984267
414	0.46982867
415	0.46983740
416	0.46983719
417	0.46982232
418	0.46982670
419	0.46985230
420	0.46986347
421	0.46985057
422	0.46985912
423	0.46984085
424	0.46984771
425	0.46982461
426	0.46981472
427	0.46983415
428	0.46982083
429	0.46982583
430	0.46983528
431	0.46983048
432	0.46984622
433	0.46984488
434	0.46983871
435	0.46985486
436	0.46986333
437	0.46985456
438	0.46986318
439	0.46985361
440	0.46986836
441	0.46986476
442	0.46988919
443	0.46989924
444	0.46989450
445	0.46989790
446	0.46990204
447	0.46990049
448	0.46990639
449	0.46990159
450	0.46992296
451	0.46992245
452	0.46993738
453	0.46995759
454	0.46994039
455	0.46994987
456	0.46997535
457	0.46995831
458	0.46993604
459	0.46993259
460	0.46993926
461	0.46993718
462	0.46992689
463	0.46992633
464	0.46990514
465	0.46991718
466	0.46988466
467	0.46988320
468	0.46987033
469	0.46988612
470	0.46986866
471	0.46988115
472	0.46987334
473	0.46988881
474	0.46987629
475	0.46988279
476	0.46989039
477	0.46989405
478	0.46988359
479	0.46986881
480	0.46988726
481	0.46987441
482	0.46990266
483	0.46989527
484	0.46991003
485	0.46991628
486	0.46994209
487	0.46994069
488	0.46995178
489	0.46993154
490	0.46992999
491	0.46993402
492	0.46994168
493	0.46995375
494	0.46996427
495	0.46997282
496	0.46999788
497	0.47000051
498	0.47001377
499	0.47002521
500	0.47003695
501	0.47004569
502	0.47004974
503	0.47006729
504	0.47006869
505	0.47008836
506	0.47007889
507	0.47010669
508	0.47012725
509	0.47013366
510	0.47016445
511	0.47014824
512	0.47016206
513	0.47015843
514	0.47016066
515	0.47018814
516	0.47019449
517	0.47019017
518	0.47021636
519	0.47023749
520	0.47023445
521	0.47022635
522	0.47022724
523	0.47021845
524	0.47022328
525	0.47021249
526	0.47022200
527	0.47022909
528	0.47023547
529	0.47022787
530	0.47019798
531	0.47019467
532	0.47021154
533	0.47019637
534	0.47021773
535	0.47018951
536	0.47019467
537	0.47019485
538	0.47017804
539	0.47019714
540	0.47019660
541	0.47019762
542	0.47022799
543	0.47018960
544	0.47019595
545	0.47018287
546	0.47018182
547	0.47018713
548	0.47017428
549	0.47018167
550	0.47018331
551	0.47018641
552	0.47019601
553	0.47020015
554	0.47017306
555	0.47019032
556	0.47018057
557	0.47019097
558	0.47016233
559	0.47016802
560	0.47016138
561	0.47017410
562	0.47017217
563	0.47017291
564	0.47017297
565	0.47014758
566	0.47015259
567	0.47014123
568	0.47011998
569	0.47009975
570	0.47011024
571	0.47009754
572	0.47010565
573	0.47011507
574	0.47010687
575	0.47010821
576	0.47007841
577	0.47006685
578	0.47008163
579	0.47005799
580	0.47005013
581	0.47005394
582	0.47005588
583	0.47004214
584	0.47003570
585	0.47003549
586	0.47002715
587	0.46999019
588	0.46999604
589	0.46999988
590	0.46996230
591	0.46997589
592	0.46996281
593	0.46997690
594	0.46996564
595	0.46999374
596	0.46997133
597	0.46998173
598	0.46998042
599	0.46998647
600	0.46998110