	C:\Users\jkuzm\OneDrive - University of Massachusetts\HRSL x UMILL-PUMA Fatigue - Fatigue\Data\F01\FR3_static3.c3d _ImpedanceExport
	LMT1H
	TARGET
	ORIGINAL
ITEM	X
1	0.12768252
2	0.12771101
3	0.12770167
4	0.12771082
5	0.12757027
6	0.12754935
7	0.12752624
8	0.12752359
9	0.12751420
10	0.12751769
11	0.12752381
12	0.12751880
13	0.12752329
14	0.12753141
15	0.12752968
16	0.12752935
17	0.12754793
18	0.12753098
19	0.12752222
20	0.12754178
21	0.12753634
22	0.12754476
23	0.12753958
24	0.12753695
25	0.12753958
26	0.12753983
27	0.12752514
28	0.12752832
29	0.12754378
30	0.12753548
31	0.12753476
32	0.12753786
33	0.12754638
34	0.12754905
35	0.12753960
36	0.12753151
37	0.12754078
38	0.12753490
39	0.12756602
40	0.12754214
41	0.12756026
42	0.12754722
43	0.12754074
44	0.12754589
45	0.12755167
46	0.12755130
47	0.12756881
48	0.12755224
49	0.12754786
50	0.12755767
51	0.12757380
52	0.12756181
53	0.12756893
54	0.12757415
55	0.12758000
56	0.12757432
57	0.12757933
58	0.12757540
59	0.12757497
60	0.12758656
61	0.12756933
62	0.12757424
63	0.12754615
64	0.12755577
65	0.12755679
66	0.12753914
67	0.12754346
68	0.12753235
69	0.12753081
70	0.12752590
71	0.12754102
72	0.12752900
73	0.12752269
74	0.12752157
75	0.12752317
76	0.12753072
77	0.12751994
78	0.12752365
79	0.12753521
80	0.12752575
81	0.12751614
82	0.12751760
83	0.12754042
84	0.12752819
85	0.12751023
86	0.12751916
87	0.12752828
88	0.12752607
89	0.12751736
90	0.12752625
91	0.12752278
92	0.12752698
93	0.12752077
94	0.12753323
95	0.12753515
96	0.12752010
97	0.12751445
98	0.12752627
99	0.12751046
100	0.12751520
101	0.12751250
102	0.12751582
103	0.12750325
104	0.12748905
105	0.12749206
106	0.12748000
107	0.12749952
108	0.12750433
109	0.12748891
110	0.12748563
111	0.12750295
112	0.12749471
113	0.12748714
114	0.12747912
115	0.12747355
116	0.12748264
117	0.12748115
118	0.12748431
119	0.12749143
120	0.12747823
121	0.12747420
122	0.12746373
123	0.12747878
124	0.12745520
125	0.12746677
126	0.12747020
127	0.12747547
128	0.12748317
129	0.12747635
130	0.12746455
131	0.12747180
132	0.12747227
133	0.12745863
134	0.12748100
135	0.12747778
136	0.12746194
137	0.12747616
138	0.12747583
139	0.12747954
140	0.12747490
141	0.12746397
142	0.12747768
143	0.12747012
144	0.12747015
145	0.12745884
146	0.12745294
147	0.12746310
148	0.12746941
149	0.12748599
150	0.12747698
151	0.12748361
152	0.12747985
153	0.12748991
154	0.12747210
155	0.12745330
156	0.12747534
157	0.12748823
158	0.12748373
159	0.12748542
160	0.12748891
161	0.12748295
162	0.12748313
163	0.12749998
164	0.12748453
165	0.12747820
166	0.12747315
167	0.12747052
168	0.12747070
169	0.12745810
170	0.12746571
171	0.12747838
172	0.12746830
173	0.12744728
174	0.12746294
175	0.12747154
176	0.12745966
177	0.12747347
178	0.12747417
179	0.12747765
180	0.12747185
181	0.12746994
182	0.12745696
183	0.12745982
184	0.12746821
185	0.12746492
186	0.12747058
187	0.12745988
188	0.12747635
189	0.12747434
190	0.12746081
191	0.12749016
192	0.12749526
193	0.12747268
194	0.12746452
195	0.12747879
196	0.12749229
197	0.12749109
198	0.12748469
199	0.12747313
200	0.12748393
201	0.12749836
202	0.12751712
203	0.12750988
204	0.12750803
205	0.12751198
206	0.12750641
207	0.12752660
208	0.12751929
209	0.12752402
210	0.12751302
211	0.12753087
212	0.12752007
213	0.12754275
214	0.12753756
215	0.12752651
216	0.12751406
217	0.12749910
218	0.12751617
219	0.12751366
220	0.12751022
221	0.12749602
222	0.12748995
223	0.12749211
224	0.12748735
225	0.12749715
226	0.12749608
227	0.12749390
228	0.12751229
229	0.12749405
230	0.12750112
231	0.12747362
232	0.12748884
233	0.12747803
234	0.12748609
235	0.12747587
236	0.12748432
237	0.12748469
238	0.12749252
239	0.12747912
240	0.12749518
241	0.12747523
242	0.12748507
243	0.12746918
244	0.12748052
245	0.12748286
246	0.12747298
247	0.12747139
248	0.12748246
249	0.12748475
250	0.12748326
251	0.12746513
252	0.12745357
253	0.12746948
254	0.12746419
255	0.12745747
256	0.12745881
257	0.12747669
258	0.12746581
259	0.12745519
260	0.12747322
261	0.12748419
262	0.12747693
263	0.12746581
264	0.12748341
265	0.12747963
266	0.12747617
267	0.12748292
268	0.12745856
269	0.12749423
270	0.12748547
271	0.12747635
272	0.12748066
273	0.12746340
274	0.12747215
275	0.12746158
276	0.12745440
277	0.12745698
278	0.12745933
279	0.12746869
280	0.12746270
281	0.12746815
282	0.12748215
283	0.12745540
284	0.12746476
285	0.12746206
286	0.12745863
287	0.12746544
288	0.12746787
289	0.12747733
290	0.12748030
291	0.12748244
292	0.12749268
293	0.12747794
294	0.12747478
295	0.12748313
296	0.12748350
297	0.12748420
298	0.12748218
299	0.12748635
300	0.12748180
301	0.12747721
302	0.12748210
303	0.12747657
304	0.12748216
305	0.12749662
306	0.12749372
307	0.12749067
308	0.12748373
309	0.12748405
310	0.12748219
311	0.12750246
312	0.12748004
313	0.12749305
314	0.12750994
315	0.12751406
316	0.12751292
317	0.12751077
318	0.12748571
319	0.12749466
320	0.12751736
321	0.12751462
322	0.12749991
323	0.12750381
324	0.12748849
325	0.12748612
326	0.12749182
327	0.12748930
328	0.12750052
329	0.12748991
330	0.12748779
331	0.12749635
332	0.12747602
333	0.12747779
334	0.12748340
335	0.12747964
336	0.12747651
337	0.12747253
338	0.12748945
339	0.12750313
340	0.12748548
341	0.12748685
342	0.12747663
343	0.12745994
344	0.12746987
345	0.12747639
346	0.12746847
347	0.12746842
348	0.12747601
349	0.12747514
350	0.12746395
351	0.12743773
352	0.12744918
353	0.12742577
354	0.12744084
355	0.12742308
356	0.12742572
357	0.12742078
358	0.12742934
359	0.12741257
360	0.12740579
361	0.12741239
362	0.12739921
363	0.12740219
364	0.12739326
365	0.12736526
366	0.12738302
367	0.12737739
368	0.12737703
369	0.12739456
370	0.12741829
371	0.12740538
372	0.12742588
373	0.12740321
374	0.12740776
375	0.12741469
376	0.12739170
377	0.12740697
378	0.12741718
379	0.12740237
380	0.12739258
381	0.12740481
382	0.12739915
383	0.12740363
384	0.12741444
385	0.12739426
386	0.12739934
387	0.12738551
388	0.12739082
389	0.12738848
390	0.12739530
391	0.12738512
392	0.12738924
393	0.12739342
394	0.12740104
395	0.12739670
396	0.12739395
397	0.12739559
398	0.12739040
399	0.12740870
400	0.12739405
401	0.12740412
402	0.12741600
403	0.12740496
404	0.12741342
405	0.12739757
406	0.12740603
407	0.12737934
408	0.12740561
409	0.12739050
410	0.12740302
411	0.12739834
412	0.12738761
413	0.12738769
414	0.12740315
415	0.12741330
416	0.12740280
417	0.12740798
418	0.12741232
419	0.12742212
420	0.12740460
421	0.12741503
422	0.12741870
423	0.12742248
424	0.12741379
425	0.12741323
426	0.12742139
427	0.12742265
428	0.12741774
429	0.12741888
430	0.12741847
431	0.12741861
432	0.12741043
433	0.12740408
434	0.12740986
435	0.12738286
436	0.12738673
437	0.12738463
438	0.12737924
439	0.12737213
440	0.12735781
441	0.12737764
442	0.12736960
443	0.12738274
444	0.12737325
445	0.12735571
446	0.12735258
447	0.12735321
448	0.12734540
449	0.12733674
450	0.12733924
451	0.12733458
452	0.12732895
453	0.12733613
454	0.12732759
455	0.12732548
456	0.12733038
457	0.12730783
458	0.12731904
459	0.12733746
460	0.12733188
461	0.12734148
462	0.12732045
463	0.12732548
464	0.12732297
465	0.12731735
466	0.12733245
467	0.12735386
468	0.12735148
469	0.12734063
470	0.12737392
471	0.12735248
472	0.12735002
473	0.12734078
474	0.12734669
475	0.12733622
476	0.12732875
477	0.12733050
478	0.12733968
479	0.12732039
480	0.12731467
481	0.12731001
482	0.12729509
483	0.12728408
484	0.12728474
485	0.12729383
486	0.12727447
487	0.12727642
488	0.12726349
489	0.12727682
490	0.12726381
491	0.12726566
492	0.12726828
493	0.12726358
494	0.12726504
495	0.12726189
496	0.12727268
497	0.12724894
498	0.12725909
499	0.12724496
500	0.12723692
501	0.12723911
502	0.12722926
503	0.12722215
504	0.12723009
505	0.12721434
506	0.12720984
507	0.12720235
508	0.12719908
509	0.12721765
510	0.12719518
511	0.12718907
512	0.12719861
513	0.12718233
514	0.12717149
515	0.12714897
516	0.12715569
517	0.12713143
518	0.12713197
519	0.12712999
520	0.12716307
521	0.12715101
522	0.12716818
523	0.12714352
524	0.12714794
525	0.12713392
526	0.12714113
527	0.12712552
528	0.12712489
529	0.12711769
530	0.12713423
531	0.12711871
532	0.12711543
533	0.12712127
534	0.12712099
535	0.12712260
536	0.12713736
537	0.12714587
538	0.12714607
539	0.12713374
540	0.12715167
541	0.12714358
542	0.12713791
543	0.12714817
544	0.12714195
545	0.12715830
546	0.12715697
547	0.12717447
548	0.12717554
549	0.12717448
550	0.12718421
551	0.12718046
552	0.12717904
553	0.12717451
554	0.12718587
555	0.12719618
556	0.12719408
557	0.12720050
558	0.12721869
559	0.12720467
560	0.12721370
561	0.12720194
562	0.12719263
563	0.12722059
564	0.12723388
565	0.12721689
566	0.12722418
567	0.12722245
568	0.12721558
569	0.12724146
570	0.12723182
571	0.12724628
572	0.12725574
573	0.12726136
574	0.12725306
575	0.12726803
576	0.12726842
577	0.12728037
578	0.12727158
579	0.12727115
580	0.12726335
581	0.12727726
582	0.12727907
583	0.12728059
584	0.12728865
585	0.12729262
586	0.12729192
587	0.12730500
588	0.12731114
589	0.12732455
590	0.12731579
591	0.12732685
592	0.12732469
593	0.12733386
594	0.12733367
595	0.12732786
596	0.12732224
597	0.12733312
598	0.12733787
599	0.12731786
600	0.12731345