	C:\Users\jkuzm\OneDrive - University of Massachusetts\HRSL x UMILL-PUMA Fatigue - Fatigue\Data\F01\FR3_static3.c3d _ImpedanceExport
	RMT5H
	TARGET
	ORIGINAL
ITEM	Z
1	0.02789425
2	0.02791890
3	0.02792821
4	0.02792576
5	0.02791707
6	0.02791624
7	0.02791452
8	0.02788137
9	0.02790900
10	0.02785299
11	0.02787479
12	0.02788491
13	0.02788753
14	0.02789214
15	0.02788914
16	0.02790164
17	0.02790313
18	0.02791662
19	0.02790546
20	0.02793542
21	0.02789903
22	0.02792239
23	0.02794041
24	0.02792895
25	0.02792883
26	0.02792408
27	0.02794207
28	0.02793427
29	0.02789681
30	0.02796009
31	0.02792289
32	0.02794261
33	0.02795390
34	0.02792558
35	0.02795974
36	0.02796401
37	0.02796865
38	0.02796809
39	0.02795767
40	0.02795990
41	0.02793687
42	0.02797267
43	0.02794743
44	0.02793928
45	0.02791569
46	0.02792200
47	0.02793396
48	0.02797883
49	0.02797034
50	0.02797529
51	0.02795476
52	0.02796165
53	0.02794079
54	0.02797568
55	0.02795741
56	0.02791966
57	0.02793346
58	0.02793813
59	0.02796733
60	0.02794218
61	0.02794621
62	0.02796091
63	0.02792881
64	0.02793228
65	0.02792492
66	0.02793099
67	0.02795861
68	0.02794542
69	0.02795840
70	0.02794626
71	0.02796565
72	0.02793570
73	0.02793455
74	0.02791950
75	0.02791701
76	0.02792507
77	0.02792321
78	0.02791784
79	0.02794638
80	0.02791142
81	0.02795402
82	0.02791938
83	0.02795027
84	0.02795492
85	0.02797305
86	0.02792566
87	0.02790011
88	0.02793832
89	0.02792085
90	0.02792882
91	0.02789954
92	0.02793987
93	0.02796159
94	0.02793925
95	0.02794788
96	0.02794154
97	0.02793495
98	0.02791853
99	0.02788053
100	0.02791296
101	0.02789620
102	0.02787963
103	0.02791387
104	0.02788816
105	0.02790824
106	0.02790725
107	0.02788195
108	0.02790198
109	0.02790100
110	0.02787033
111	0.02789632
112	0.02788034
113	0.02790264
114	0.02789373
115	0.02788715
116	0.02788561
117	0.02786672
118	0.02786439
119	0.02787060
120	0.02785982
121	0.02783784
122	0.02784686
123	0.02786167
124	0.02786107
125	0.02785898
126	0.02784579
127	0.02783234
128	0.02782357
129	0.02785317
130	0.02782998
131	0.02780844
132	0.02783206
133	0.02783921
134	0.02783503
135	0.02785349
136	0.02786192
137	0.02786307
138	0.02784937
139	0.02788613
140	0.02786539
141	0.02783773
142	0.02782854
143	0.02785690
144	0.02787934
145	0.02786032
146	0.02787148
147	0.02788133
148	0.02788392
149	0.02788129
150	0.02787235
151	0.02788434
152	0.02787035
153	0.02787996
154	0.02790113
155	0.02788198
156	0.02789726
157	0.02789061
158	0.02788973
159	0.02788877
160	0.02791943
161	0.02788882
162	0.02791488
163	0.02787270
164	0.02790251
165	0.02789684
166	0.02788074
167	0.02790667
168	0.02788765
169	0.02787807
170	0.02792289
171	0.02789523
172	0.02790415
173	0.02788078
174	0.02788326
175	0.02787822
176	0.02788306
177	0.02788742
178	0.02787458
179	0.02792116
180	0.02790710
181	0.02791893
182	0.02790069
183	0.02791479
184	0.02788434
185	0.02788855
186	0.02789525
187	0.02790972
188	0.02788335
189	0.02788807
190	0.02790838
191	0.02787604
192	0.02788180
193	0.02792009
194	0.02790840
195	0.02791358
196	0.02789190
197	0.02792848
198	0.02791522
199	0.02790946
200	0.02787400
201	0.02791478
202	0.02791805
203	0.02791007
204	0.02795245
205	0.02791116
206	0.02795587
207	0.02792079
208	0.02793541
209	0.02792151
210	0.02791541
211	0.02790869
212	0.02794222
213	0.02790307
214	0.02796655
215	0.02788492
216	0.02790524
217	0.02791263
218	0.02789949
219	0.02789287
220	0.02789170
221	0.02789393
222	0.02792869
223	0.02790086
224	0.02791625
225	0.02792865
226	0.02787559
227	0.02791217
228	0.02790231
229	0.02791119
230	0.02791720
231	0.02788985
232	0.02786201
233	0.02788053
234	0.02787016
235	0.02789954
236	0.02791157
237	0.02790829
238	0.02789998
239	0.02789877
240	0.02788696
241	0.02788937
242	0.02789269
243	0.02784970
244	0.02786831
245	0.02787421
246	0.02788523
247	0.02786243
248	0.02787457
249	0.02787971
250	0.02788131
251	0.02786901
252	0.02789602
253	0.02788765
254	0.02788008
255	0.02788763
256	0.02788023
257	0.02790644
258	0.02789788
259	0.02793262
260	0.02790995
261	0.02791035
262	0.02792036
263	0.02789941
264	0.02789915
265	0.02791411
266	0.02792459
267	0.02791377
268	0.02791176
269	0.02789063
270	0.02792400
271	0.02792151
272	0.02795479
273	0.02792247
274	0.02790431
275	0.02788218
276	0.02789214
277	0.02788921
278	0.02790471
279	0.02790611
280	0.02790568
281	0.02791367
282	0.02791152
283	0.02790459
284	0.02787504
285	0.02792673
286	0.02787553
287	0.02788292
288	0.02787496
289	0.02790135
290	0.02789441
291	0.02792208
292	0.02791152
293	0.02792113
294	0.02791703
295	0.02792557
296	0.02789029
297	0.02788441
298	0.02791855
299	0.02791485
300	0.02791450
301	0.02788917
302	0.02791180
303	0.02793065
304	0.02793902
305	0.02793005
306	0.02792686
307	0.02791665
308	0.02788890
309	0.02792600
310	0.02791085
311	0.02792238
312	0.02792043
313	0.02790582
314	0.02791820
315	0.02794162
316	0.02788123
317	0.02791278
318	0.02792477
319	0.02788001
320	0.02789411
321	0.02789209
322	0.02791570
323	0.02789479
324	0.02794043
325	0.02791751
326	0.02792585
327	0.02790861
328	0.02790435
329	0.02790844
330	0.02790811
331	0.02791466
332	0.02792079
333	0.02790363
334	0.02790922
335	0.02790972
336	0.02791156
337	0.02793541
338	0.02791853
339	0.02792353
340	0.02790326
341	0.02788982
342	0.02786841
343	0.02788642
344	0.02788721
345	0.02788281
346	0.02790855
347	0.02790930
348	0.02793170
349	0.02789029
350	0.02791245
351	0.02792035
352	0.02790973
353	0.02790550
354	0.02790006
355	0.02790394
356	0.02788014
357	0.02788595
358	0.02793423
359	0.02789249
360	0.02790252
361	0.02788649
362	0.02789978
363	0.02788804
364	0.02787695
365	0.02787887
366	0.02785667
367	0.02791790
368	0.02788768
369	0.02788484
370	0.02787265
371	0.02788735
372	0.02785667
373	0.02784775
374	0.02784145
375	0.02781790
376	0.02780695
377	0.02785614
378	0.02781459
379	0.02781670
380	0.02781637
381	0.02784896
382	0.02780537
383	0.02783764
384	0.02783231
385	0.02783123
386	0.02785812
387	0.02786042
388	0.02787434
389	0.02784251
390	0.02787286
391	0.02788750
392	0.02790279
393	0.02791180
394	0.02787624
395	0.02790424
396	0.02789449
397	0.02787222
398	0.02787457
399	0.02786891
400	0.02791168
401	0.02790575
402	0.02791399
403	0.02792771
404	0.02791112
405	0.02789943
406	0.02790816
407	0.02787533
408	0.02786044
409	0.02788828
410	0.02787336
411	0.02787576
412	0.02788274
413	0.02789797
414	0.02788972
415	0.02788501
416	0.02790342
417	0.02785296
418	0.02786392
419	0.02787925
420	0.02789443
421	0.02788161
422	0.02789079
423	0.02792980
424	0.02791532
425	0.02789670
426	0.02791571
427	0.02788934
428	0.02790036
429	0.02787715
430	0.02789205
431	0.02785697
432	0.02785042
433	0.02786913
434	0.02790643
435	0.02790329
436	0.02790575
437	0.02789890
438	0.02788536
439	0.02788756
440	0.02788471
441	0.02786165
442	0.02786189
443	0.02787087
444	0.02785209
445	0.02787293
446	0.02789790
447	0.02790239
448	0.02787919
449	0.02789412
450	0.02785834
451	0.02787553
452	0.02788424
453	0.02786548
454	0.02787946
455	0.02787566
456	0.02787605
457	0.02789544
458	0.02787355
459	0.02788975
460	0.02785821
461	0.02788107
462	0.02783708
463	0.02789493
464	0.02785686
465	0.02788446
466	0.02787418
467	0.02788794
468	0.02790237
469	0.02789304
470	0.02789165
471	0.02789297
472	0.02790327
473	0.02788855
474	0.02788702
475	0.02788193
476	0.02789123
477	0.02788627
478	0.02790942
479	0.02789542
480	0.02788187
481	0.02786418
482	0.02788580
483	0.02789097
484	0.02787234
485	0.02786865
486	0.02785822
487	0.02785777
488	0.02786603
489	0.02783952
490	0.02787306
491	0.02787322
492	0.02786512
493	0.02785781
494	0.02787008
495	0.02787693
496	0.02784502
497	0.02780808
498	0.02783905
499	0.02784872
500	0.02788065
501	0.02784275
502	0.02786101
503	0.02782190
504	0.02784108
505	0.02784826
506	0.02782483
507	0.02780435
508	0.02782566
509	0.02783532
510	0.02783292
511	0.02781436
512	0.02785791
513	0.02785430
514	0.02784518
515	0.02783979
516	0.02784460
517	0.02782298
518	0.02779891
519	0.02777212
520	0.02781101
521	0.02779585
522	0.02778614
523	0.02779797
524	0.02780496
525	0.02777827
526	0.02778517
527	0.02779499
528	0.02782365
529	0.02780651
530	0.02778242
531	0.02780039
532	0.02778498
533	0.02780555
534	0.02780782
535	0.02781923
536	0.02781392
537	0.02780323
538	0.02776890
539	0.02781385
540	0.02780354
541	0.02777206
542	0.02777445
543	0.02779714
544	0.02778502
545	0.02779609
546	0.02780461
547	0.02779742
548	0.02781619
549	0.02780406
550	0.02778818
551	0.02777698
552	0.02775351
553	0.02779805
554	0.02779734
555	0.02778779
556	0.02778797
557	0.02777766
558	0.02779891
559	0.02779525
560	0.02780030
561	0.02779343
562	0.02777177
563	0.02779561
564	0.02779378
565	0.02779622
566	0.02778392
567	0.02776405
568	0.02779507
569	0.02780728
570	0.02781102
571	0.02780018
572	0.02777972
573	0.02779227
574	0.02777416
575	0.02776744
576	0.02779561
577	0.02779150
578	0.02778771
579	0.02780668
580	0.02778310
581	0.02780026
582	0.02781544
583	0.02781133
584	0.02779253
585	0.02777799
586	0.02776751
587	0.02776898
588	0.02778726
589	0.02779249
590	0.02778317
591	0.02777284
592	0.02777582
593	0.02775668
594	0.02776922
595	0.02775915
596	0.02778758
597	0.02775951
598	0.02776537
599	0.02775948
600	0.02778302