	C:\Users\jkuzm\OneDrive - University of Massachusetts\HRSL x UMILL-PUMA Fatigue - Fatigue\Data\F01\FR3_static3.c3d _ImpedanceExport
	RCAL3
	TARGET
	ORIGINAL
ITEM	X
1	0.48448932
2	0.48447564
3	0.48447725
4	0.48447722
5	0.48448515
6	0.48451272
7	0.48450023
8	0.48449233
9	0.48449865
10	0.48448008
11	0.48450571
12	0.48450097
13	0.48449260
14	0.48448032
15	0.48449188
16	0.48449746
17	0.48449123
18	0.48449141
19	0.48449764
20	0.48449194
21	0.48451051
22	0.48450783
23	0.48450240
24	0.48450708
25	0.48450795
26	0.48450810
27	0.48450735
28	0.48450375
29	0.48448655
30	0.48449662
31	0.48448491
32	0.48449355
33	0.48449561
34	0.48447469
35	0.48448566
36	0.48449811
37	0.48448199
38	0.48449236
39	0.48447829
40	0.48449671
41	0.48449600
42	0.48449945
43	0.48450086
44	0.48451141
45	0.48449522
46	0.48451260
47	0.48450473
48	0.48450634
49	0.48449361
50	0.48450190
51	0.48450771
52	0.48450097
53	0.48451406
54	0.48451564
55	0.48451489
56	0.48453441
57	0.48453084
58	0.48452446
59	0.48451331
60	0.48455018
61	0.48453557
62	0.48453817
63	0.48454136
64	0.48451519
65	0.48453259
66	0.48452526
67	0.48455086
68	0.48452973
69	0.48453426
70	0.48451844
71	0.48452955
72	0.48452887
73	0.48450845
74	0.48451287
75	0.48451740
76	0.48452193
77	0.48452297
78	0.48454094
79	0.48454076
80	0.48453468
81	0.48452881
82	0.48452687
83	0.48453367
84	0.48451945
85	0.48452228
86	0.48453358
87	0.48452464
88	0.48451015
89	0.48450354
90	0.48452646
91	0.48451722
92	0.48451781
93	0.48450089
94	0.48451966
95	0.48450586
96	0.48451480
97	0.48451397
98	0.48452449
99	0.48452383
100	0.48451298
101	0.48450938
102	0.48453510
103	0.48452470
104	0.48454392
105	0.48453826
106	0.48452833
107	0.48451805
108	0.48453623
109	0.48450467
110	0.48452708
111	0.48452267
112	0.48450312
113	0.48450813
114	0.48450810
115	0.48449516
116	0.48449171
117	0.48451614
118	0.48448458
119	0.48452255
120	0.48450950
121	0.48452663
122	0.48452434
123	0.48453170
124	0.48452756
125	0.48451951
126	0.48452541
127	0.48452190
128	0.48451525
129	0.48450521
130	0.48451242
131	0.48452780
132	0.48453680
133	0.48452261
134	0.48451558
135	0.48451430
136	0.48451355
137	0.48449004
138	0.48450366
139	0.48449665
140	0.48450905
141	0.48451060
142	0.48450518
143	0.48449850
144	0.48449510
145	0.48450881
146	0.48449308
147	0.48450723
148	0.48450145
149	0.48451421
150	0.48450863
151	0.48450059
152	0.48448515
153	0.48449403
154	0.48451373
155	0.48447153
156	0.48449379
157	0.48449281
158	0.48448095
159	0.48446965
160	0.48448798
161	0.48449409
162	0.48448709
163	0.48448855
164	0.48450333
165	0.48449841
166	0.48448038
167	0.48446923
168	0.48447934
169	0.48448715
170	0.48448741
171	0.48450112
172	0.48447815
173	0.48449245
174	0.48446643
175	0.48449394
176	0.48448074
177	0.48449349
178	0.48449063
179	0.48447531
180	0.48448318
181	0.48450714
182	0.48450726
183	0.48449668
184	0.48449776
185	0.48449698
186	0.48449865
187	0.48450866
188	0.48450297
189	0.48449495
190	0.48451298
191	0.48451769
192	0.48450074
193	0.48450899
194	0.48450071
195	0.48449796
196	0.48450425
197	0.48450339
198	0.48448664
199	0.48448637
200	0.48449805
201	0.48452133
202	0.48450720
203	0.48450145
204	0.48449707
205	0.48449749
206	0.48450276
207	0.48450765
208	0.48451883
209	0.48449326
210	0.48449782
211	0.48449907
212	0.48451099
213	0.48449984
214	0.48450118
215	0.48450360
216	0.48450392
217	0.48448896
218	0.48447642
219	0.48449326
220	0.48449844
221	0.48449945
222	0.48450395
223	0.48450163
224	0.48450303
225	0.48451409
226	0.48451707
227	0.48450118
228	0.48450610
229	0.48451829
230	0.48451081
231	0.48452404
232	0.48450390
233	0.48450601
234	0.48452041
235	0.48450109
236	0.48450083
237	0.48449364
238	0.48449624
239	0.48451993
240	0.48449555
241	0.48449317
242	0.48449385
243	0.48450732
244	0.48448852
245	0.48450315
246	0.48451683
247	0.48449731
248	0.48449111
249	0.48449787
250	0.48448691
251	0.48451090
252	0.48449665
253	0.48451594
254	0.48449251
255	0.48449051
256	0.48451185
257	0.48449284
258	0.48448300
259	0.48449752
260	0.48450249
261	0.48449260
262	0.48448119
263	0.48447296
264	0.48448744
265	0.48448724
266	0.48447874
267	0.48447677
268	0.48449519
269	0.48448721
270	0.48449764
271	0.48448318
272	0.48448974
273	0.48445854
274	0.48447886
275	0.48447949
276	0.48447943
277	0.48448214
278	0.48448089
279	0.48447824
280	0.48449942
281	0.48448461
282	0.48449442
283	0.48450169
284	0.48449373
285	0.48449883
286	0.48448166
287	0.48448154
288	0.48448446
289	0.48447725
290	0.48449144
291	0.48448762
292	0.48448849
293	0.48447809
294	0.48449361
295	0.48448735
296	0.48447090
297	0.48447761
298	0.48449725
299	0.48446265
300	0.48446795
301	0.48446915
302	0.48446497
303	0.48446709
304	0.48448023
305	0.48447064
306	0.48446900
307	0.48447856
308	0.48446593
309	0.48447642
310	0.48449457
311	0.48449054
312	0.48450375
313	0.48449460
314	0.48448673
315	0.48448893
316	0.48449934
317	0.48449740
318	0.48451534
319	0.48448321
320	0.48449332
321	0.48449722
322	0.48448145
323	0.48447573
324	0.48448887
325	0.48450536
326	0.48450840
327	0.48449376
328	0.48449561
329	0.48449147
330	0.48448265
331	0.48448098
332	0.48450825
333	0.48450345
334	0.48449025
335	0.48450318
336	0.48449263
337	0.48449448
338	0.48449570
339	0.48450139
340	0.48450103
341	0.48450193
342	0.48449576
343	0.48450601
344	0.48448852
345	0.48450306
346	0.48449641
347	0.48448607
348	0.48447713
349	0.48449126
350	0.48447013
351	0.48449707
352	0.48447561
353	0.48448810
354	0.48451069
355	0.48449281
356	0.48449454
357	0.48448208
358	0.48448271
359	0.48450154
360	0.48449573
361	0.48447740
362	0.48450390
363	0.48448196
364	0.48447329
365	0.48449373
366	0.48448604
367	0.48448533
368	0.48447758
369	0.48448059
370	0.48446286
371	0.48446083
372	0.48447421
373	0.48446530
374	0.48446655
375	0.48446643
376	0.48447958
377	0.48446882
378	0.48446554
379	0.48447075
380	0.48447698
381	0.48447043
382	0.48447105
383	0.48448247
384	0.48447534
385	0.48448443
386	0.48446226
387	0.48446968
388	0.48446345
389	0.48446146
390	0.48445013
391	0.48446152
392	0.48444903
393	0.48444101
394	0.48445767
395	0.48446223
396	0.48446381
397	0.48445144
398	0.48446953
399	0.48444945
400	0.48446143
401	0.48447302
402	0.48445389
403	0.48444185
404	0.48443511
405	0.48446178
406	0.48444149
407	0.48445821
408	0.48445588
409	0.48446470
410	0.48444915
411	0.48445356
412	0.48446760
413	0.48446524
414	0.48446566
415	0.48448011
416	0.48447359
417	0.48446479
418	0.48446330
419	0.48447019
420	0.48446763
421	0.48446497
422	0.48444131
423	0.48446259
424	0.48445952
425	0.48445237
426	0.48446721
427	0.48445508
428	0.48445791
429	0.48445886
430	0.48445520
431	0.48445502
432	0.48446900
433	0.48449269
434	0.48445293
435	0.48445004
436	0.48446029
437	0.48445117
438	0.48445317
439	0.48445642
440	0.48445868
441	0.48443159
442	0.48444387
443	0.48443887
444	0.48445827
445	0.48442569
446	0.48444235
447	0.48443016
448	0.48442519
449	0.48443457
450	0.48440614
451	0.48440191
452	0.48441371
453	0.48440060
454	0.48437682
455	0.48437971
456	0.48437285
457	0.48437059
458	0.48436615
459	0.48436129
460	0.48436958
461	0.48435465
462	0.48436657
463	0.48434624
464	0.48435757
465	0.48435912
466	0.48435116
467	0.48436749
468	0.48435682
469	0.48437309
470	0.48435551
471	0.48437491
472	0.48437470
473	0.48438051
474	0.48437363
475	0.48436776
476	0.48439965
477	0.48438501
478	0.48438489
479	0.48438478
480	0.48438820
481	0.48437741
482	0.48439917
483	0.48440564
484	0.48438841
485	0.48441228
486	0.48441669
487	0.48439831
488	0.48440275
489	0.48440090
490	0.48440307
491	0.48440376
492	0.48437610
493	0.48439199
494	0.48441219
495	0.48439124
496	0.48439741
497	0.48438933
498	0.48443210
499	0.48442829
500	0.48439914
501	0.48442292
502	0.48444319
503	0.48441026
504	0.48441482
505	0.48442176
506	0.48440927
507	0.48441532
508	0.48443034
509	0.48441800
510	0.48441732
511	0.48442271
512	0.48442152
513	0.48441634
514	0.48440936
515	0.48440245
516	0.48442295
517	0.48441428
518	0.48441219
519	0.48440108
520	0.48442930
521	0.48441848
522	0.48443103
523	0.48440871
524	0.48443377
525	0.48442420
526	0.48443651
527	0.48440811
528	0.48443046
529	0.48440841
530	0.48440659
531	0.48441771
532	0.48440364
533	0.48442021
534	0.48442698
535	0.48441887
536	0.48441684
537	0.48442003
538	0.48443419
539	0.48442543
540	0.48442170
541	0.48442626
542	0.48442423
543	0.48442638
544	0.48442993
545	0.48441145
546	0.48442492
547	0.48441035
548	0.48443565
549	0.48441571
550	0.48442107
551	0.48442432
552	0.48443857
553	0.48444298
554	0.48441634
555	0.48443711
556	0.48440662
557	0.48441842
558	0.48442209
559	0.48441499
560	0.48442063
561	0.48441872
562	0.48441988
563	0.48443186
564	0.48441324
565	0.48445076
566	0.48443437
567	0.48445043
568	0.48443657
569	0.48443362
570	0.48444661
571	0.48442665
572	0.48442653
573	0.48442549
574	0.48444107
575	0.48443931
576	0.48442736
577	0.48443869
578	0.48443544
579	0.48444125
580	0.48443592
581	0.48443362
582	0.48445356
583	0.48443741
584	0.48444498
585	0.48444977
586	0.48443010
587	0.48443925
588	0.48443580
589	0.48444101
590	0.48443761
591	0.48443800
592	0.48445469
593	0.48445293
594	0.48446548
595	0.48448536
596	0.48445374
597	0.48447797
598	0.48450273
599	0.48446414
600	0.48444095