	C:\Users\jkuzm\OneDrive - University of Massachusetts\HRSL x UMILL-PUMA Fatigue - Fatigue\Data\F01\FR3_static3.c3d _ImpedanceExport
	RCAL1
	TARGET
	ORIGINAL
ITEM	Z
1	0.07576344
2	0.07576620
3	0.07575464
4	0.07573885
5	0.07569832
6	0.07569458
7	0.07569260
8	0.07567455
9	0.07569494
10	0.07566141
11	0.07565865
12	0.07567996
13	0.07565376
14	0.07564195
15	0.07563909
16	0.07564935
17	0.07565130
18	0.07563070
19	0.07563199
20	0.07562797
21	0.07560010
22	0.07559162
23	0.07559469
24	0.07558882
25	0.07558233
26	0.07556221
27	0.07555062
28	0.07557257
29	0.07553154
30	0.07552906
31	0.07552121
32	0.07552578
33	0.07550105
34	0.07549611
35	0.07548640
36	0.07549508
37	0.07548330
38	0.07546023
39	0.07545520
40	0.07542029
41	0.07541925
42	0.07539321
43	0.07536893
44	0.07537017
45	0.07533324
46	0.07534780
47	0.07534917
48	0.07531779
49	0.07528761
50	0.07527141
51	0.07528339
52	0.07527398
53	0.07524649
54	0.07525219
55	0.07523072
56	0.07524240
57	0.07523399
58	0.07528033
59	0.07523421
60	0.07524728
61	0.07526954
62	0.07529147
63	0.07529733
64	0.07532275
65	0.07533649
66	0.07534996
67	0.07534841
68	0.07536593
69	0.07539477
70	0.07541554
71	0.07539754
72	0.07542805
73	0.07542112
74	0.07545413
75	0.07545340
76	0.07544778
77	0.07547417
78	0.07547220
79	0.07547614
80	0.07550181
81	0.07551760
82	0.07551517
83	0.07551917
84	0.07553508
85	0.07551710
86	0.07553420
87	0.07552818
88	0.07551055
89	0.07552369
90	0.07551257
91	0.07552201
92	0.07551568
93	0.07549370
94	0.07551507
95	0.07550500
96	0.07548676
97	0.07550186
98	0.07549989
99	0.07551783
100	0.07553958
101	0.07551649
102	0.07555766
103	0.07559414
104	0.07557695
105	0.07560200
106	0.07561184
107	0.07562345
108	0.07564653
109	0.07565246
110	0.07567004
111	0.07568054
112	0.07569977
113	0.07572042
114	0.07572477
115	0.07573289
116	0.07574853
117	0.07575145
118	0.07574968
119	0.07576857
120	0.07576258
121	0.07576163
122	0.07576835
123	0.07577233
124	0.07577466
125	0.07579135
126	0.07578176
127	0.07579251
128	0.07578608
129	0.07578292
130	0.07580359
131	0.07576973
132	0.07577263
133	0.07578629
134	0.07576864
135	0.07578620
136	0.07576993
137	0.07576382
138	0.07576221
139	0.07575837
140	0.07575098
141	0.07574113
142	0.07574680
143	0.07572151
144	0.07573052
145	0.07572892
146	0.07570105
147	0.07572431
148	0.07572807
149	0.07572275
150	0.07574382
151	0.07572777
152	0.07571031
153	0.07571393
154	0.07570481
155	0.07572901
156	0.07570260
157	0.07571188
158	0.07571252
159	0.07570434
160	0.07568751
161	0.07567312
162	0.07567227
163	0.07566881
164	0.07568792
165	0.07568537
166	0.07567674
167	0.07568630
168	0.07569829
169	0.07567763
170	0.07568809
171	0.07571620
172	0.07572050
173	0.07567827
174	0.07570648
175	0.07569424
176	0.07572887
177	0.07569999
178	0.07570884
179	0.07571405
180	0.07570522
181	0.07572006
182	0.07571661
183	0.07570092
184	0.07570708
185	0.07570292
186	0.07568351
187	0.07568835
188	0.07567155
189	0.07568187
190	0.07566689
191	0.07564550
192	0.07565753
193	0.07565279
194	0.07563777
195	0.07561540
196	0.07558624
197	0.07559325
198	0.07558287
199	0.07558241
200	0.07555986
201	0.07556720
202	0.07556362
203	0.07553579
204	0.07555712
205	0.07554188
206	0.07556702
207	0.07554749
208	0.07553691
209	0.07553782
210	0.07556775
211	0.07555648
212	0.07555006
213	0.07554959
214	0.07558263
215	0.07556000
216	0.07556996
217	0.07560083
218	0.07560042
219	0.07559895
220	0.07561457
221	0.07560812
222	0.07563635
223	0.07563434
224	0.07564970
225	0.07563758
226	0.07563535
227	0.07565986
228	0.07567682
229	0.07564916
230	0.07564604
231	0.07566895
232	0.07566649
233	0.07569183
234	0.07568883
235	0.07569091
236	0.07569842
237	0.07570995
238	0.07570273
239	0.07570220
240	0.07572187
241	0.07573587
242	0.07570368
243	0.07570542
244	0.07571116
245	0.07573292
246	0.07573842
247	0.07570139
248	0.07572987
249	0.07571179
250	0.07572643
251	0.07571380
252	0.07570773
253	0.07570830
254	0.07569860
255	0.07570381
256	0.07570806
257	0.07569988
258	0.07570780
259	0.07573108
260	0.07571939
261	0.07568841
262	0.07569494
263	0.07570805
264	0.07571100
265	0.07572732
266	0.07572537
267	0.07570959
268	0.07570303
269	0.07574973
270	0.07573935
271	0.07573184
272	0.07571424
273	0.07574326
274	0.07573792
275	0.07574639
276	0.07575620
277	0.07575749
278	0.07574706
279	0.07577047
280	0.07574594
281	0.07576780
282	0.07576391
283	0.07577286
284	0.07579061
285	0.07576802
286	0.07576054
287	0.07575103
288	0.07575209
289	0.07575031
290	0.07573642
291	0.07574356
292	0.07573681
293	0.07571479
294	0.07569735
295	0.07570294
296	0.07568589
297	0.07568857
298	0.07568777
299	0.07566552
300	0.07565530
301	0.07566131
302	0.07565764
303	0.07565998
304	0.07562904
305	0.07565413
306	0.07562968
307	0.07563581
308	0.07562691
309	0.07565183
310	0.07562841
311	0.07564738
312	0.07565432
313	0.07564397
314	0.07564154
315	0.07563762
316	0.07564259
317	0.07564761
318	0.07563103
319	0.07563645
320	0.07563226
321	0.07567196
322	0.07563658
323	0.07567129
324	0.07564527
325	0.07564108
326	0.07566105
327	0.07565957
328	0.07560930
329	0.07563385
330	0.07563181
331	0.07564379
332	0.07565011
333	0.07560997
334	0.07561453
335	0.07560947
336	0.07562415
337	0.07563671
338	0.07563271
339	0.07565580
340	0.07566021
341	0.07567808
342	0.07569066
343	0.07569016
344	0.07571555
345	0.07569895
346	0.07573876
347	0.07575413
348	0.07575931
349	0.07578035
350	0.07579914
351	0.07582526
352	0.07583931
353	0.07581805
354	0.07582527
355	0.07584145
356	0.07588050
357	0.07588965
358	0.07589127
359	0.07588406
360	0.07591301
361	0.07590079
362	0.07593274
363	0.07592408
364	0.07591213
365	0.07592013
366	0.07593989
367	0.07595430
368	0.07594736
369	0.07598238
370	0.07598640
371	0.07598457
372	0.07599552
373	0.07599141
374	0.07600284
375	0.07602059
376	0.07601029
377	0.07603672
378	0.07603565
379	0.07606465
380	0.07604201
381	0.07605083
382	0.07606214
383	0.07604712
384	0.07607321
385	0.07608609
386	0.07606801
387	0.07610211
388	0.07609561
389	0.07607392
390	0.07608464
391	0.07609132
392	0.07607751
393	0.07608721
394	0.07606632
395	0.07608940
396	0.07604755
397	0.07604159
398	0.07602925
399	0.07603469
400	0.07603372
401	0.07604586
402	0.07603931
403	0.07604520
404	0.07603892
405	0.07604659
406	0.07601787
407	0.07602895
408	0.07600745
409	0.07601972
410	0.07601455
411	0.07603660
412	0.07603445
413	0.07602943
414	0.07601631
415	0.07604385
416	0.07600794
417	0.07600612
418	0.07600445
419	0.07603208
420	0.07599976
421	0.07600546
422	0.07599405
423	0.07600624
424	0.07599538
425	0.07601237
426	0.07598159
427	0.07597411
428	0.07598658
429	0.07598934
430	0.07598808
431	0.07598240
432	0.07600354
433	0.07597672
434	0.07598613
435	0.07600904
436	0.07600465
437	0.07598385
438	0.07601319
439	0.07600766
440	0.07599533
441	0.07603272
442	0.07600448
443	0.07602011
444	0.07600601
445	0.07604564
446	0.07602401
447	0.07603305
448	0.07602786
449	0.07602940
450	0.07604653
451	0.07600854
452	0.07601374
453	0.07602487
454	0.07602189
455	0.07601161
456	0.07601106
457	0.07599356
458	0.07598649
459	0.07597518
460	0.07597153
461	0.07595518
462	0.07592719
463	0.07591538
464	0.07593531
465	0.07590502
466	0.07590674
467	0.07591501
468	0.07592612
469	0.07591443
470	0.07591312
471	0.07590346
472	0.07591940
473	0.07594541
474	0.07594280
475	0.07597096
476	0.07598867
477	0.07599662
478	0.07604077
479	0.07603947
480	0.07605201
481	0.07607337
482	0.07608773
483	0.07610851
484	0.07613403
485	0.07614130
486	0.07612849
487	0.07617675
488	0.07615290
489	0.07618966
490	0.07620562
491	0.07621681
492	0.07622446
493	0.07626536
494	0.07625011
495	0.07628541
496	0.07631274
497	0.07634807
498	0.07634255
499	0.07636445
500	0.07640640
501	0.07640332
502	0.07643490
503	0.07644697
504	0.07645705
505	0.07648670
506	0.07652082
507	0.07651524
508	0.07654147
509	0.07654911
510	0.07657647
511	0.07661945
512	0.07660800
513	0.07665294
514	0.07666609
515	0.07669836
516	0.07673152
517	0.07672715
518	0.07678622
519	0.07680870
520	0.07679968
521	0.07682782
522	0.07683711
523	0.07685275
524	0.07686269
525	0.07689759
526	0.07690616
527	0.07689029
528	0.07690568
529	0.07690113
530	0.07690305
531	0.07689252
532	0.07691117
533	0.07691828
534	0.07691473
535	0.07691643
536	0.07692455
537	0.07689349
538	0.07689387
539	0.07689692
540	0.07690108
541	0.07690052
542	0.07688341
543	0.07688442
544	0.07687011
545	0.07686640
546	0.07685640
547	0.07682825
548	0.07684018
549	0.07681120
550	0.07681565
551	0.07680465
552	0.07677597
553	0.07677132
554	0.07676104
555	0.07678439
556	0.07677983
557	0.07678089
558	0.07677157
559	0.07677295
560	0.07676315
561	0.07677775
562	0.07675499
563	0.07674970
564	0.07674432
565	0.07673720
566	0.07673801
567	0.07673942
568	0.07673026
569	0.07669043
570	0.07668333
571	0.07668132
572	0.07664891
573	0.07663722
574	0.07661698
575	0.07659011
576	0.07661177
577	0.07660215
578	0.07656622
579	0.07656907
580	0.07653753
581	0.07652641
582	0.07650794
583	0.07649011
584	0.07645743
585	0.07642798
586	0.07641196
587	0.07638832
588	0.07639097
589	0.07632114
590	0.07635140
591	0.07630138
592	0.07634141
593	0.07632809
594	0.07628515
595	0.07630096
596	0.07629271
597	0.07628030
598	0.07628512
599	0.07629354
600	0.07629577