	C:\Users\jkuzm\OneDrive - University of Massachusetts\HRSL x UMILL-PUMA Fatigue - Fatigue\Data\F01\FR3_static3.c3d _ImpedanceExport
	RCAL2
	TARGET
	ORIGINAL
ITEM	Y
1	0.28821409
2	0.28820410
3	0.28821823
4	0.28821230
5	0.28823996
6	0.28822386
7	0.28822994
8	0.28822684
9	0.28823876
10	0.28822443
11	0.28823200
12	0.28823662
13	0.28823099
14	0.28821602
15	0.28822201
16	0.28820121
17	0.28821623
18	0.28821295
19	0.28821966
20	0.28820804
21	0.28821129
22	0.28819203
23	0.28820965
24	0.28818828
25	0.28818253
26	0.28819758
27	0.28817773
28	0.28818694
29	0.28819054
30	0.28819144
31	0.28816921
32	0.28816313
33	0.28818727
34	0.28818053
35	0.28816700
36	0.28817320
37	0.28814799
38	0.28814396
39	0.28814486
40	0.28815204
41	0.28813952
42	0.28812659
43	0.28811836
44	0.28811991
45	0.28812343
46	0.28809714
47	0.28810251
48	0.28809735
49	0.28809893
50	0.28808522
51	0.28807580
52	0.28809884
53	0.28807369
54	0.28808087
55	0.28808466
56	0.28807601
57	0.28808758
58	0.28807235
59	0.28807801
60	0.28807673
61	0.28808430
62	0.28808543
63	0.28807727
64	0.28808177
65	0.28810966
66	0.28810638
67	0.28812093
68	0.28811786
69	0.28810090
70	0.28812185
71	0.28812152
72	0.28812617
73	0.28813717
74	0.28814974
75	0.28813031
76	0.28814828
77	0.28814894
78	0.28815711
79	0.28816620
80	0.28815883
81	0.28816673
82	0.28817105
83	0.28815928
84	0.28816122
85	0.28817278
86	0.28817296
87	0.28818086
88	0.28816903
89	0.28816798
90	0.28817135
91	0.28817198
92	0.28815171
93	0.28815782
94	0.28815815
95	0.28815460
96	0.28815413
97	0.28816503
98	0.28816023
99	0.28816855
100	0.28816402
101	0.28817090
102	0.28816828
103	0.28817993
104	0.28817847
105	0.28817928
106	0.28819388
107	0.28821087
108	0.28821385
109	0.28822377
110	0.28820893
111	0.28821871
112	0.28823084
113	0.28824395
114	0.28823209
115	0.28823137
116	0.28825197
117	0.28823864
118	0.28824702
119	0.28825554
120	0.28824449
121	0.28827676
122	0.28825909
123	0.28828323
124	0.28827178
125	0.28826150
126	0.28825048
127	0.28826118
128	0.28827438
129	0.28825396
130	0.28825226
131	0.28826153
132	0.28826979
133	0.28826094
134	0.28827262
135	0.28826648
136	0.28824398
137	0.28824538
138	0.28826261
139	0.28824404
140	0.28823966
141	0.28825200
142	0.28824279
143	0.28824863
144	0.28823003
145	0.28824326
146	0.28824362
147	0.28822657
148	0.28822508
149	0.28824073
150	0.28822634
151	0.28822610
152	0.28825530
153	0.28822362
154	0.28824618
155	0.28824142
156	0.28824383
157	0.28822082
158	0.28823811
159	0.28821620
160	0.28821093
161	0.28822032
162	0.28824413
163	0.28821218
164	0.28822583
165	0.28822806
166	0.28823206
167	0.28822875
168	0.28821746
169	0.28822091
170	0.28822452
171	0.28822646
172	0.28821120
173	0.28821877
174	0.28823781
175	0.28823730
176	0.28822687
177	0.28822923
178	0.28822088
179	0.28822908
180	0.28823835
181	0.28824198
182	0.28823426
183	0.28824258
184	0.28822792
185	0.28822595
186	0.28823012
187	0.28823254
188	0.28823411
189	0.28821957
190	0.28821447
191	0.28822911
192	0.28821120
193	0.28820902
194	0.28821176
195	0.28820544
196	0.28821024
197	0.28819260
198	0.28819135
199	0.28818128
200	0.28820565
201	0.28817776
202	0.28817761
203	0.28816733
204	0.28818342
205	0.28817263
206	0.28817990
207	0.28817615
208	0.28818217
209	0.28817594
210	0.28817898
211	0.28818312
212	0.28819534
213	0.28817922
214	0.28818122
215	0.28818303
216	0.28817829
217	0.28819847
218	0.28818694
219	0.28820434
220	0.28821591
221	0.28821507
222	0.28820562
223	0.28819257
224	0.28820258
225	0.28821155
226	0.28821892
227	0.28818449
228	0.28820351
229	0.28820512
230	0.28820005
231	0.28821024
232	0.28820476
233	0.28820881
234	0.28822404
235	0.28821805
236	0.28822306
237	0.28821751
238	0.28822428
239	0.28823143
240	0.28822035
241	0.28824183
242	0.28822929
243	0.28822878
244	0.28824079
245	0.28822342
246	0.28823844
247	0.28823414
248	0.28823212
249	0.28824729
250	0.28822860
251	0.28822729
252	0.28823620
253	0.28823343
254	0.28824270
255	0.28824770
256	0.28824437
257	0.28824931
258	0.28821996
259	0.28823888
260	0.28822473
261	0.28822428
262	0.28821525
263	0.28822199
264	0.28824085
265	0.28825149
266	0.28823894
267	0.28823170
268	0.28823900
269	0.28824911
270	0.28822854
271	0.28821990
272	0.28823283
273	0.28823453
274	0.28824016
275	0.28824657
276	0.28825054
277	0.28824463
278	0.28823534
279	0.28823608
280	0.28824303
281	0.28824186
282	0.28824937
283	0.28824717
284	0.28824559
285	0.28825471
286	0.28823879
287	0.28825611
288	0.28825128
289	0.28823489
290	0.28824615
291	0.28823119
292	0.28822652
293	0.28823784
294	0.28822380
295	0.28822064
296	0.28823426
297	0.28822950
298	0.28822511
299	0.28823692
300	0.28822723
301	0.28823411
302	0.28821442
303	0.28820083
304	0.28821781
305	0.28822058
306	0.28821468
307	0.28823033
308	0.28821242
309	0.28822258
310	0.28820917
311	0.28821000
312	0.28820574
313	0.28821450
314	0.28820297
315	0.28821486
316	0.28819296
317	0.28820097
318	0.28819034
319	0.28820348
320	0.28820449
321	0.28821963
322	0.28820494
323	0.28822535
324	0.28820512
325	0.28822634
326	0.28819975
327	0.28819576
328	0.28820002
329	0.28820875
330	0.28821146
331	0.28819615
332	0.28819355
333	0.28818724
334	0.28820822
335	0.28818700
336	0.28820628
337	0.28818545
338	0.28820035
339	0.28820786
340	0.28822416
341	0.28821105
342	0.28821158
343	0.28820780
344	0.28822365
345	0.28823662
346	0.28822571
347	0.28824821
348	0.28822449
349	0.28823081
350	0.28824785
351	0.28826058
352	0.28826162
353	0.28827426
354	0.28827098
355	0.28827927
356	0.28827044
357	0.28826648
358	0.28826937
359	0.28828898
360	0.28827223
361	0.28827921
362	0.28828013
363	0.28827921
364	0.28829223
365	0.28828347
366	0.28829494
367	0.28829330
368	0.28832129
369	0.28830558
370	0.28833222
371	0.28834146
372	0.28833765
373	0.28833935
374	0.28835443
375	0.28834805
376	0.28835547
377	0.28833729
378	0.28836238
379	0.28833610
380	0.28834513
381	0.28833878
382	0.28834110
383	0.28834692
384	0.28835738
385	0.28832597
386	0.28834599
387	0.28835201
388	0.28834316
389	0.28834078
390	0.28835356
391	0.28836158
392	0.28834185
393	0.28833926
394	0.28834224
395	0.28833187
396	0.28833601
397	0.28833410
398	0.28833458
399	0.28833660
400	0.28833693
401	0.28834063
402	0.28834465
403	0.28833646
404	0.28832537
405	0.28834963
406	0.28834680
407	0.28834888
408	0.28836179
409	0.28834423
410	0.28833446
411	0.28834000
412	0.28832516
413	0.28834000
414	0.28832230
415	0.28832775
416	0.28833476
417	0.28832436
418	0.28831396
419	0.28832319
420	0.28833154
421	0.28833479
422	0.28831643
423	0.28832254
424	0.28832090
425	0.28832468
426	0.28832814
427	0.28832978
428	0.28831601
429	0.28833145
430	0.28831697
431	0.28833729
432	0.28833356
433	0.28832707
434	0.28833193
435	0.28833377
436	0.28832868
437	0.28831503
438	0.28833398
439	0.28831843
440	0.28834039
441	0.28835446
442	0.28834245
443	0.28833231
444	0.28833291
445	0.28834635
446	0.28833148
447	0.28832945
448	0.28833091
449	0.28834459
450	0.28835109
451	0.28833762
452	0.28838801
453	0.28837308
454	0.28839177
455	0.28837195
456	0.28838900
457	0.28834054
458	0.28836417
459	0.28836641
460	0.28834864
461	0.28837082
462	0.28835070
463	0.28835142
464	0.28834724
465	0.28833935
466	0.28834522
467	0.28833607
468	0.28833890
469	0.28834981
470	0.28832513
471	0.28833017
472	0.28833625
473	0.28834212
474	0.28834119
475	0.28834194
476	0.28833655
477	0.28835449
478	0.28835589
479	0.28836092
480	0.28835487
481	0.28835985
482	0.28837401
483	0.28835151
484	0.28838801
485	0.28838050
486	0.28839022
487	0.28840107
488	0.28841969
489	0.28843150
490	0.28842726
491	0.28842843
492	0.28843430
493	0.28841844
494	0.28843862
495	0.28844866
496	0.28844568
497	0.28846011
498	0.28844818
499	0.28845891
500	0.28846547
501	0.28847381
502	0.28847173
503	0.28848365
504	0.28847793
505	0.28850695
506	0.28851035
507	0.28851560
508	0.28853005
509	0.28853992
510	0.28853706
511	0.28853813
512	0.28855389
513	0.28853476
514	0.28857979
515	0.28855059
516	0.28856799
517	0.28857514
518	0.28858113
519	0.28860152
520	0.28859758
521	0.28860521
522	0.28860655
523	0.28860971
524	0.28861910
525	0.28863072
526	0.28863031
527	0.28861925
528	0.28861377
529	0.28861958
530	0.28864259
531	0.28861845
532	0.28861374
533	0.28861710
534	0.28861359
535	0.28861299
536	0.28861296
537	0.28862321
538	0.28861400
539	0.28862527
540	0.28862482
541	0.28863537
542	0.28862616
543	0.28864467
544	0.28861582
545	0.28861767
546	0.28859925
547	0.28860205
548	0.28860837
549	0.28859648
550	0.28860268
551	0.28860620
552	0.28860939
553	0.28858292
554	0.28860047
555	0.28857690
556	0.28857499
557	0.28860107
558	0.28857693
559	0.28859529
560	0.28858292
561	0.28857285
562	0.28857443
563	0.28855234
564	0.28858474
565	0.28857532
566	0.28855669
567	0.28856176
568	0.28855345
569	0.28855357
570	0.28852162
571	0.28854319
572	0.28854764
573	0.28853971
574	0.28856048
575	0.28853366
576	0.28852135
577	0.28853843
578	0.28851616
579	0.28850487
580	0.28850269
581	0.28849918
582	0.28849849
583	0.28847608
584	0.28848174
585	0.28848183
586	0.28845838
587	0.28846723
588	0.28845042
589	0.28844345
590	0.28843787
591	0.28842464
592	0.28843039
593	0.28844479
594	0.28842905
595	0.28841805
596	0.28842697
597	0.28842103
598	0.28844377
599	0.28842834
600	0.28842610