	C:\Users\jkuzm\OneDrive - University of Massachusetts\HRSL x UMILL-PUMA Fatigue - Fatigue\Data\F01\FR3_static3.c3d _ImpedanceExport
	RMT5H
	TARGET
	ORIGINAL
ITEM	X
1	0.53931689
2	0.53930753
3	0.53933293
4	0.53933716
5	0.53938693
6	0.53936964
7	0.53935373
8	0.53938049
9	0.53936249
10	0.53938210
11	0.53939706
12	0.53938431
13	0.53939545
14	0.53938991
15	0.53937972
16	0.53937721
17	0.53936034
18	0.53938699
19	0.53937590
20	0.53938150
21	0.53938198
22	0.53940487
23	0.53937882
24	0.53939825
25	0.53936845
26	0.53941131
27	0.53936583
28	0.53936887
29	0.53939366
30	0.53938800
31	0.53938287
32	0.53937310
33	0.53938460
34	0.53938103
35	0.53939235
36	0.53938758
37	0.53937417
38	0.53939760
39	0.53940290
40	0.53937811
41	0.53937799
42	0.53940594
43	0.53940040
44	0.53938538
45	0.53938216
46	0.53939313
47	0.53939784
48	0.53939974
49	0.53936863
50	0.53938115
51	0.53938216
52	0.53936076
53	0.53939646
54	0.53937775
55	0.53938222
56	0.53939342
57	0.53939527
58	0.53939426
59	0.53941965
60	0.53940749
61	0.53941345
62	0.53937364
63	0.53940505
64	0.53937358
65	0.53939450
66	0.53938425
67	0.53939682
68	0.53941047
69	0.53938794
70	0.53940099
71	0.53941751
72	0.53938937
73	0.53939003
74	0.53939182
75	0.53942847
76	0.53937411
77	0.53939444
78	0.53938001
79	0.53939652
80	0.53941983
81	0.53940278
82	0.53940445
83	0.53939813
84	0.53940833
85	0.53940266
86	0.53938317
87	0.53939861
88	0.53938818
89	0.53940904
90	0.53939301
91	0.53938860
92	0.53940809
93	0.53940958
94	0.53941774
95	0.53939521
96	0.53940654
97	0.53940421
98	0.53938860
99	0.53940862
100	0.53939933
101	0.53941584
102	0.53940022
103	0.53942633
104	0.53943199
105	0.53943956
106	0.53942394
107	0.53941959
108	0.53939337
109	0.53939396
110	0.53941160
111	0.53938138
112	0.53940052
113	0.53941143
114	0.53940004
115	0.53941196
116	0.53942215
117	0.53942376
118	0.53939986
119	0.53940719
120	0.53939569
121	0.53939080
122	0.53939641
123	0.53940731
124	0.53943372
125	0.53941572
126	0.53943247
127	0.53941429
128	0.53944057
129	0.53943366
130	0.53942573
131	0.53941059
132	0.53944981
133	0.53942901
134	0.53941995
135	0.53943706
136	0.53942144
137	0.53940707
138	0.53944170
139	0.53942829
140	0.53940952
141	0.53940874
142	0.53942245
143	0.53941613
144	0.53943020
145	0.53940433
146	0.53942478
147	0.53945893
148	0.53941768
149	0.53943372
150	0.53941453
151	0.53944290
152	0.53941643
153	0.53941172
154	0.53940111
155	0.53940988
156	0.53942496
157	0.53941095
158	0.53943443
159	0.53942585
160	0.53942734
161	0.53942579
162	0.53940219
163	0.53942817
164	0.53943026
165	0.53941822
166	0.53942060
167	0.53943628
168	0.53942293
169	0.53943682
170	0.53945088
171	0.53944230
172	0.53943866
173	0.53943127
174	0.53944147
175	0.53943610
176	0.53940260
177	0.53943241
178	0.53942287
179	0.53940845
180	0.53943038
181	0.53944057
182	0.53943259
183	0.53944123
184	0.53942591
185	0.53941339
186	0.53940797
187	0.53940272
188	0.53941035
189	0.53941393
190	0.53940815
191	0.53942466
192	0.53942043
193	0.53941840
194	0.53940821
195	0.53941470
196	0.53941470
197	0.53941447
198	0.53942215
199	0.53942388
200	0.53940982
201	0.53941005
202	0.53940815
203	0.53941369
204	0.53943205
205	0.53943455
206	0.53941089
207	0.53940129
208	0.53942591
209	0.53941566
210	0.53940058
211	0.53941536
212	0.53942358
213	0.53939408
214	0.53941482
215	0.53940815
216	0.53941494
217	0.53940904
218	0.53940290
219	0.53938442
220	0.53937596
221	0.53940004
222	0.53940761
223	0.53939062
224	0.53939784
225	0.53938478
226	0.53940582
227	0.53940558
228	0.53943133
229	0.53940618
230	0.53939134
231	0.53942168
232	0.53943998
233	0.53942168
234	0.53940159
235	0.53941751
236	0.53943682
237	0.53941333
238	0.53941739
239	0.53941804
240	0.53938258
241	0.53940654
242	0.53939706
243	0.53940272
244	0.53943807
245	0.53941542
246	0.53940904
247	0.53941232
248	0.53940272
249	0.53941065
250	0.53940040
251	0.53940690
252	0.53940362
253	0.53940690
254	0.53941357
255	0.53938478
256	0.53938043
257	0.53942448
258	0.53939784
259	0.53940785
260	0.53941244
261	0.53939384
262	0.53940576
263	0.53940862
264	0.53938591
265	0.53938299
266	0.53938425
267	0.53937739
268	0.53938848
269	0.53940511
270	0.53941131
271	0.53941351
272	0.53941274
273	0.53940517
274	0.53940737
275	0.53940839
276	0.53940678
277	0.53939229
278	0.53941643
279	0.53939009
280	0.53941905
281	0.53942192
282	0.53941154
283	0.53940016
284	0.53939801
285	0.53939807
286	0.53939450
287	0.53940421
288	0.53939801
289	0.53941673
290	0.53942162
291	0.53941464
292	0.53941083
293	0.53941387
294	0.53943074
295	0.53941041
296	0.53939629
297	0.53940511
298	0.53939086
299	0.53939301
300	0.53939086
301	0.53939557
302	0.53938079
303	0.53939760
304	0.53941643
305	0.53941864
306	0.53941751
307	0.53942859
308	0.53942782
309	0.53942400
310	0.53940749
311	0.53941321
312	0.53944725
313	0.53945500
314	0.53945559
315	0.53944021
316	0.53945822
317	0.53944087
318	0.53945214
319	0.53943342
320	0.53941929
321	0.53946286
322	0.53943366
323	0.53943050
324	0.53943700
325	0.53943962
326	0.53944016
327	0.53942692
328	0.53942305
329	0.53942239
330	0.53940880
331	0.53940338
332	0.53940219
333	0.53940976
334	0.53941262
335	0.53942472
336	0.53941375
337	0.53941900
338	0.53940421
339	0.53941673
340	0.53941453
341	0.53943932
342	0.53942615
343	0.53942257
344	0.53941542
345	0.53941178
346	0.53942996
347	0.53942955
348	0.53941804
349	0.53942198
350	0.53941983
351	0.53941685
352	0.53942221
353	0.53941554
354	0.53939641
355	0.53939646
356	0.53940630
357	0.53940457
358	0.53938586
359	0.53941596
360	0.53942019
361	0.53941339
362	0.53942257
363	0.53942484
364	0.53941345
365	0.53940320
366	0.53939754
367	0.53942680
368	0.53940803
369	0.53942418
370	0.53943056
371	0.53939903
372	0.53943139
373	0.53941506
374	0.53937399
375	0.53938818
376	0.53936839
377	0.53937775
378	0.53940016
379	0.53939223
380	0.53938776
381	0.53940570
382	0.53943086
383	0.53938931
384	0.53939998
385	0.53940070
386	0.53941119
387	0.53936988
388	0.53940874
389	0.53940791
390	0.53940040
391	0.53940886
392	0.53941154
393	0.53941703
394	0.53944206
395	0.53944516
396	0.53941554
397	0.53940159
398	0.53937656
399	0.53941345
400	0.53943086
401	0.53944880
402	0.53944570
403	0.53941333
404	0.53941274
405	0.53939593
406	0.53939843
407	0.53941834
408	0.53938681
409	0.53938544
410	0.53940082
411	0.53940195
412	0.53943861
413	0.53940356
414	0.53943276
415	0.53941482
416	0.53939277
417	0.53940117
418	0.53938639
419	0.53938204
420	0.53939021
421	0.53938776
422	0.53937405
423	0.53942055
424	0.53936762
425	0.53939509
426	0.53939342
427	0.53943092
428	0.53938299
429	0.53939784
430	0.53938949
431	0.53938645
432	0.53938872
433	0.53938711
434	0.53939027
435	0.53938830
436	0.53939849
437	0.53940076
438	0.53939164
439	0.53939950
440	0.53939277
441	0.53939772
442	0.53938973
443	0.53939313
444	0.53940243
445	0.53941721
446	0.53941131
447	0.53941631
448	0.53941196
449	0.53938800
450	0.53939712
451	0.53938955
452	0.53939307
453	0.53940380
454	0.53938955
455	0.53941476
456	0.53942233
457	0.53943622
458	0.53940439
459	0.53939742
460	0.53941083
461	0.53941524
462	0.53943074
463	0.53941900
464	0.53941178
465	0.53940803
466	0.53942031
467	0.53942215
468	0.53941154
469	0.53940839
470	0.53942615
471	0.53941536
472	0.53942931
473	0.53943461
474	0.53944099
475	0.53941935
476	0.53943175
477	0.53941923
478	0.53941351
479	0.53941923
480	0.53941011
481	0.53941870
482	0.53941011
483	0.53938937
484	0.53940105
485	0.53940630
486	0.53939533
487	0.53938180
488	0.53940392
489	0.53938079
490	0.53938895
491	0.53939795
492	0.53940433
493	0.53942388
494	0.53938210
495	0.53940731
496	0.53939033
497	0.53938490
498	0.53939539
499	0.53939378
500	0.53940970
501	0.53940862
502	0.53940034
503	0.53942132
504	0.53943771
505	0.53940511
506	0.53941017
507	0.53942043
508	0.53939372
509	0.53939104
510	0.53940994
511	0.53944123
512	0.53943521
513	0.53944719
514	0.53941184
515	0.53942251
516	0.53943801
517	0.53940678
518	0.53940380
519	0.53942841
520	0.53944445
521	0.53944612
522	0.53944314
523	0.53946608
524	0.53946424
525	0.53946215
526	0.53945976
527	0.53944308
528	0.53941590
529	0.53942341
530	0.53945184
531	0.53943002
532	0.53946555
533	0.53944999
534	0.53944772
535	0.53944886
536	0.53945953
537	0.53946483
538	0.53945005
539	0.53942633
540	0.53945756
541	0.53945655
542	0.53948367
543	0.53944504
544	0.53949118
545	0.53947169
546	0.53949040
547	0.53947461
548	0.53948814
549	0.53948134
550	0.53946996
551	0.53949386
552	0.53946429
553	0.53949231
554	0.53950047
555	0.53948510
556	0.53951341
557	0.53951621
558	0.53951222
559	0.53951180
560	0.53951955
561	0.53952730
562	0.53953838
563	0.53952539
564	0.53951806
565	0.53952330
566	0.53952718
567	0.53954554
568	0.53952092
569	0.53953958
570	0.53951812
571	0.53953284
572	0.53954309
573	0.53951967
574	0.53952181
575	0.53951955
576	0.53952783
577	0.53953695
578	0.53953981
579	0.53953511
580	0.53951168
581	0.53951037
582	0.53951406
583	0.53950232
584	0.53950447
585	0.53952211
586	0.53949308
587	0.53951734
588	0.53949594
589	0.53951728
590	0.53951275
591	0.53952706
592	0.53953207
593	0.53951806
594	0.53951728
595	0.53950888
596	0.53950459
597	0.53949541
598	0.53952330
599	0.53952497
600	0.53952152