	C:\Users\jkuzm\OneDrive - University of Massachusetts\HRSL x UMILL-PUMA Fatigue - Fatigue\Data\F01\FR3_static3.c3d _ImpedanceExport
	LCAL1
	TARGET
	ORIGINAL
ITEM	X
1	0.13693140
2	0.13693024
3	0.13693072
4	0.13703644
5	0.13693909
6	0.13694401
7	0.13696127
8	0.13692631
9	0.13692756
10	0.13692194
11	0.13692603
12	0.13691640
13	0.13691898
14	0.13691248
15	0.13690475
16	0.13691896
17	0.13690691
18	0.13690321
19	0.13688977
20	0.13690186
21	0.13691391
22	0.13688099
23	0.13690399
24	0.13689552
25	0.13690461
26	0.13690230
27	0.13690633
28	0.13690850
29	0.13690637
30	0.13687277
31	0.13689229
32	0.13688937
33	0.13687970
34	0.13687293
35	0.13687968
36	0.13688524
37	0.13688108
38	0.13686392
39	0.13686736
40	0.13689040
41	0.13687603
42	0.13686416
43	0.13685255
44	0.13687225
45	0.13685645
46	0.13685359
47	0.13684176
48	0.13685527
49	0.13684265
50	0.13684575
51	0.13684294
52	0.13683558
53	0.13686527
54	0.13686106
55	0.13684520
56	0.13686171
57	0.13686797
58	0.13686806
59	0.13685942
60	0.13686350
61	0.13684621
62	0.13683692
63	0.13683796
64	0.13683258
65	0.13683283
66	0.13681982
67	0.13681617
68	0.13679479
69	0.13680278
70	0.13681237
71	0.13679275
72	0.13680471
73	0.13679996
74	0.13679816
75	0.13680418
76	0.13680771
77	0.13679150
78	0.13681674
79	0.13681446
80	0.13680948
81	0.13682301
82	0.13681702
83	0.13682467
84	0.13682956
85	0.13681953
86	0.13681650
87	0.13683258
88	0.13681348
89	0.13681120
90	0.13680835
91	0.13680935
92	0.13682564
93	0.13680422
94	0.13680765
95	0.13682272
96	0.13680689
97	0.13681617
98	0.13681583
99	0.13681574
100	0.13681124
101	0.13679194
102	0.13679858
103	0.13676198
104	0.13678932
105	0.13677506
106	0.13676205
107	0.13679117
108	0.13677344
109	0.13679126
110	0.13679323
111	0.13678122
112	0.13678135
113	0.13679881
114	0.13677470
115	0.13678327
116	0.13679045
117	0.13677037
118	0.13679090
119	0.13678461
120	0.13679935
121	0.13677511
122	0.13677274
123	0.13677515
124	0.13678488
125	0.13676718
126	0.13677071
127	0.13676761
128	0.13678356
129	0.13677457
130	0.13676745
131	0.13676314
132	0.13676925
133	0.13676135
134	0.13676329
135	0.13677011
136	0.13674748
137	0.13677676
138	0.13676509
139	0.13675736
140	0.13674518
141	0.13676217
142	0.13676536
143	0.13675696
144	0.13675691
145	0.13675149
146	0.13673189
147	0.13675193
148	0.13674803
149	0.13675442
150	0.13674912
151	0.13677050
152	0.13674572
153	0.13675007
154	0.13674097
155	0.13675311
156	0.13674892
157	0.13675156
158	0.13676243
159	0.13675126
160	0.13676341
161	0.13674945
162	0.13676906
163	0.13674465
164	0.13674751
165	0.13673548
166	0.13672149
167	0.13671787
168	0.13673630
169	0.13672222
170	0.13672264
171	0.13672280
172	0.13671647
173	0.13672814
174	0.13671128
175	0.13673048
176	0.13673361
177	0.13672918
178	0.13673222
179	0.13673599
180	0.13673776
181	0.13674900
182	0.13674369
183	0.13676104
184	0.13674878
185	0.13674815
186	0.13675606
187	0.13675182
188	0.13675539
189	0.13674952
190	0.13674667
191	0.13671955
192	0.13674204
193	0.13674720
194	0.13674510
195	0.13673003
196	0.13673474
197	0.13675207
198	0.13675529
199	0.13673937
200	0.13672918
201	0.13674161
202	0.13676095
203	0.13675106
204	0.13676575
205	0.13676737
206	0.13676885
207	0.13677053
208	0.13679253
209	0.13679026
210	0.13680346
211	0.13679998
212	0.13679889
213	0.13680638
214	0.13681625
215	0.13681871
216	0.13678184
217	0.13680959
218	0.13681628
219	0.13680297
220	0.13680419
221	0.13678837
222	0.13680293
223	0.13679440
224	0.13678540
225	0.13679217
226	0.13678098
227	0.13676910
228	0.13679864
229	0.13678314
230	0.13679455
231	0.13678585
232	0.13678063
233	0.13679576
234	0.13678955
235	0.13679217
236	0.13678034
237	0.13677613
238	0.13680248
239	0.13679694
240	0.13679500
241	0.13680719
242	0.13680500
243	0.13679801
244	0.13681725
245	0.13680126
246	0.13680092
247	0.13680696
248	0.13679291
249	0.13679448
250	0.13680404
251	0.13678305
252	0.13677791
253	0.13677575
254	0.13677377
255	0.13678809
256	0.13678300
257	0.13679908
258	0.13678712
259	0.13678233
260	0.13679592
261	0.13678516
262	0.13678986
263	0.13678245
264	0.13678886
265	0.13679199
266	0.13678454
267	0.13680322
268	0.13680094
269	0.13678716
270	0.13679788
271	0.13679552
272	0.13679661
273	0.13677944
274	0.13678932
275	0.13677594
276	0.13678040
277	0.13676874
278	0.13678701
279	0.13678031
280	0.13676724
281	0.13677686
282	0.13676925
283	0.13677700
284	0.13675795
285	0.13676725
286	0.13677678
287	0.13677838
288	0.13676549
289	0.13676342
290	0.13676803
291	0.13677190
292	0.13676840
293	0.13677640
294	0.13675815
295	0.13676713
296	0.13675418
297	0.13674307
298	0.13674404
299	0.13675235
300	0.13673757
301	0.13674571
302	0.13672192
303	0.13673446
304	0.13672794
305	0.13673715
306	0.13674630
307	0.13675864
308	0.13675216
309	0.13677911
310	0.13675760
311	0.13675787
312	0.13674940
313	0.13675316
314	0.13672650
315	0.13676757
316	0.13673142
317	0.13673997
318	0.13674466
319	0.13672990
320	0.13676451
321	0.13674323
322	0.13675547
323	0.13674399
324	0.13675137
325	0.13676320
326	0.13673097
327	0.13675748
328	0.13673820
329	0.13673462
330	0.13677122
331	0.13673879
332	0.13675685
333	0.13674155
334	0.13673942
335	0.13674667
336	0.13674574
337	0.13676335
338	0.13674973
339	0.13675429
340	0.13675705
341	0.13675308
342	0.13676012
343	0.13674609
344	0.13674447
345	0.13675317
346	0.13674800
347	0.13677251
348	0.13675418
349	0.13674465
350	0.13675988
351	0.13675813
352	0.13675793
353	0.13675401
354	0.13672991
355	0.13673078
356	0.13668823
357	0.13669187
358	0.13670109
359	0.13667822
360	0.13669014
361	0.13666806
362	0.13665418
363	0.13666627
364	0.13667315
365	0.13666925
366	0.13666278
367	0.13666272
368	0.13667163
369	0.13665989
370	0.13666329
371	0.13667491
372	0.13671552
373	0.13672055
374	0.13671388
375	0.13670720
376	0.13670929
377	0.13669619
378	0.13670841
379	0.13666229
380	0.13669603
381	0.13666782
382	0.13667713
383	0.13668440
384	0.13664605
385	0.13669024
386	0.13668083
387	0.13666704
388	0.13667205
389	0.13668577
390	0.13669142
391	0.13668837
392	0.13669969
393	0.13669981
394	0.13670763
395	0.13670884
396	0.13667266
397	0.13668773
398	0.13668366
399	0.13671273
400	0.13671622
401	0.13673496
402	0.13672644
403	0.13674778
404	0.13674736
405	0.13672435
406	0.13673168
407	0.13673227
408	0.13673082
409	0.13674071
410	0.13673569
411	0.13671768
412	0.13669063
413	0.13673332
414	0.13670969
415	0.13671860
416	0.13673028
417	0.13673271
418	0.13673010
419	0.13674250
420	0.13675237
421	0.13673446
422	0.13674295
423	0.13674372
424	0.13674843
425	0.13674405
426	0.13675830
427	0.13676269
428	0.13674019
429	0.13676269
430	0.13677505
431	0.13675456
432	0.13676919
433	0.13675390
434	0.13674162
435	0.13676213
436	0.13674912
437	0.13677502
438	0.13678123
439	0.13677533
440	0.13675551
441	0.13677596
442	0.13677758
443	0.13677782
444	0.13679144
445	0.13681333
446	0.13679336
447	0.13682397
448	0.13681206
449	0.13680317
450	0.13680856
451	0.13681722
452	0.13680905
453	0.13683440
454	0.13684386
455	0.13682975
456	0.13684912
457	0.13684143
458	0.13684496
459	0.13685766
460	0.13685271
461	0.13685873
462	0.13688396
463	0.13685952
464	0.13687950
465	0.13687956
466	0.13690358
467	0.13691519
468	0.13693866
469	0.13696483
470	0.13696519
471	0.13695794
472	0.13697861
473	0.13696639
474	0.13697441
475	0.13699894
476	0.13698587
477	0.13699411
478	0.13696226
479	0.13699004
480	0.13697506
481	0.13698786
482	0.13699532
483	0.13701017
484	0.13698611
485	0.13697295
486	0.13698483
487	0.13700926
488	0.13699897
489	0.13702364
490	0.13702682
491	0.13701865
492	0.13701594
493	0.13701999
494	0.13701938
495	0.13704932
496	0.13704272
497	0.13705125
498	0.13706034
499	0.13707079
500	0.13708031
501	0.13708727
502	0.13708621
503	0.13710649
504	0.13708557
505	0.13709791
506	0.13710412
507	0.13709599
508	0.13711861
509	0.13713555
510	0.13713330
511	0.13712300
512	0.13712841
513	0.13711987
514	0.13711835
515	0.13712876
516	0.13713543
517	0.13713349
518	0.13714409
519	0.13715193
520	0.13715801
521	0.13715704
522	0.13716851
523	0.13717262
524	0.13717538
525	0.13718952
526	0.13717751
527	0.13715866
528	0.13714501
529	0.13716552
530	0.13715002
531	0.13714737
532	0.13714208
533	0.13714291
534	0.13714212
535	0.13713945
536	0.13712408
537	0.13713780
538	0.13713689
539	0.13713874
540	0.13712192
541	0.13713442
542	0.13712783
543	0.13713418
544	0.13712324
545	0.13711065
546	0.13710952
547	0.13712271
548	0.13709803
549	0.13710274
550	0.13711038
551	0.13710630
552	0.13711217
553	0.13711484
554	0.13711265
555	0.13710769
556	0.13711348
557	0.13711184
558	0.13711143
559	0.13711190
560	0.13710819
561	0.13711049
562	0.13710405
563	0.13709180
564	0.13708362
565	0.13708574
566	0.13709705
567	0.13708387
568	0.13707882
569	0.13706729
570	0.13707671
571	0.13708538
572	0.13707852
573	0.13708273
574	0.13709785
575	0.13710564
576	0.13709375
577	0.13710149
578	0.13710830
579	0.13712072
580	0.13711046
581	0.13713416
582	0.13712049
583	0.13711056
584	0.13710475
585	0.13711090
586	0.13710389
587	0.13711767
588	0.13711067
589	0.13713446
590	0.13711587
591	0.13712040
592	0.13711886
593	0.13713114
594	0.13712054
595	0.13713551
596	0.13712475
597	0.13712476
598	0.13712518
599	0.13711219
600	0.13712187