	C:\Users\jkuzm\OneDrive - University of Massachusetts\HRSL x UMILL-PUMA Fatigue - Fatigue\Data\F01\FR3_static3.c3d _ImpedanceExport
	LCAL1
	TARGET
	ORIGINAL
ITEM	Z
1	0.08031133
2	0.08028622
3	0.08030435
4	0.08039644
5	0.08035137
6	0.08032513
7	0.08037712
8	0.08033374
9	0.08033852
10	0.08030029
11	0.08030874
12	0.08029108
13	0.08024089
14	0.08027643
15	0.08021853
16	0.08022010
17	0.08026304
18	0.08027797
19	0.08024872
20	0.08019727
21	0.08020159
22	0.08024591
23	0.08018032
24	0.08018494
25	0.08017237
26	0.08017624
27	0.08017122
28	0.08014049
29	0.08014056
30	0.08019871
31	0.08013994
32	0.08013703
33	0.08012213
34	0.08012784
35	0.08011191
36	0.08010907
37	0.08009677
38	0.08007840
39	0.08005686
40	0.08003694
41	0.08001754
42	0.08001518
43	0.07999317
44	0.08000292
45	0.07998968
46	0.08000398
47	0.07997575
48	0.07994968
49	0.07996621
50	0.07991979
51	0.07993316
52	0.07990868
53	0.07990457
54	0.07988872
55	0.07989396
56	0.07989432
57	0.07988460
58	0.07989843
59	0.07990784
60	0.07990228
61	0.07990646
62	0.07993315
63	0.07993996
64	0.07996505
65	0.07995793
66	0.07998822
67	0.07998285
68	0.07998388
69	0.08000945
70	0.08000682
71	0.08001946
72	0.08004073
73	0.08006819
74	0.08005749
75	0.08009163
76	0.08012073
77	0.08011256
78	0.08011163
79	0.08014052
80	0.08013131
81	0.08012827
82	0.08014790
83	0.08013167
84	0.08011529
85	0.08012134
86	0.08013450
87	0.08012919
88	0.08011157
89	0.08010119
90	0.08011230
91	0.08010095
92	0.08008681
93	0.08007593
94	0.08010682
95	0.08009242
96	0.08007646
97	0.08007198
98	0.08009121
99	0.08007887
100	0.08011736
101	0.08011581
102	0.08013005
103	0.08022588
104	0.08017890
105	0.08021656
106	0.08024843
107	0.08028214
108	0.08025994
109	0.08029253
110	0.08030367
111	0.08032579
112	0.08031959
113	0.08032747
114	0.08033902
115	0.08033866
116	0.08034645
117	0.08034875
118	0.08037132
119	0.08035707
120	0.08039141
121	0.08036813
122	0.08037180
123	0.08040163
124	0.08038918
125	0.08037700
126	0.08038883
127	0.08038835
128	0.08037833
129	0.08038943
130	0.08034261
131	0.08039482
132	0.08039331
133	0.08039540
134	0.08042128
135	0.08039767
136	0.08038650
137	0.08039894
138	0.08038691
139	0.08037259
140	0.08035343
141	0.08036402
142	0.08037317
143	0.08036411
144	0.08036561
145	0.08036914
146	0.08036720
147	0.08034614
148	0.08035465
149	0.08036075
150	0.08034823
151	0.08033747
152	0.08032333
153	0.08032077
154	0.08034340
155	0.08032086
156	0.08032533
157	0.08031710
158	0.08032363
159	0.08032176
160	0.08026677
161	0.08031780
162	0.08026748
163	0.08032274
164	0.08030198
165	0.08033249
166	0.08033064
167	0.08032688
168	0.08037205
169	0.08034964
170	0.08033317
171	0.08033855
172	0.08034976
173	0.08034559
174	0.08035438
175	0.08035485
176	0.08035598
177	0.08037430
178	0.08037212
179	0.08037224
180	0.08034212
181	0.08035304
182	0.08035125
183	0.08032873
184	0.08032954
185	0.08031213
186	0.08031312
187	0.08031685
188	0.08033174
189	0.08030908
190	0.08030683
191	0.08030697
192	0.08031295
193	0.08031550
194	0.08027983
195	0.08028608
196	0.08028943
197	0.08020075
198	0.08021044
199	0.08018777
200	0.08024191
201	0.08017966
202	0.08016877
203	0.08016668
204	0.08014613
205	0.08015413
206	0.08010590
207	0.08012357
208	0.08012516
209	0.08013102
210	0.08011723
211	0.08012754
212	0.08010579
213	0.08012185
214	0.08013806
215	0.08012645
216	0.08019877
217	0.08014869
218	0.08015168
219	0.08017530
220	0.08018164
221	0.08018331
222	0.08019398
223	0.08020627
224	0.08025375
225	0.08024684
226	0.08026029
227	0.08028091
228	0.08029804
229	0.08028567
230	0.08031272
231	0.08032086
232	0.08029228
233	0.08031547
234	0.08031552
235	0.08034520
236	0.08031885
237	0.08033098
238	0.08034553
239	0.08035592
240	0.08034884
241	0.08035356
242	0.08036367
243	0.08036226
244	0.08038022
245	0.08033292
246	0.08035459
247	0.08034448
248	0.08035231
249	0.08035612
250	0.08036004
251	0.08033483
252	0.08035150
253	0.08033420
254	0.08032663
255	0.08033532
256	0.08031762
257	0.08030944
258	0.08032508
259	0.08031669
260	0.08032381
261	0.08033484
262	0.08032292
263	0.08032345
264	0.08033476
265	0.08036078
266	0.08035002
267	0.08032628
268	0.08033469
269	0.08035891
270	0.08033849
271	0.08033460
272	0.08034942
273	0.08032790
274	0.08036748
275	0.08037203
276	0.08036479
277	0.08038056
278	0.08037018
279	0.08037192
280	0.08037926
281	0.08039216
282	0.08038947
283	0.08038209
284	0.08038401
285	0.08037080
286	0.08036316
287	0.08035376
288	0.08036067
289	0.08034097
290	0.08034755
291	0.08032170
292	0.08031270
293	0.08031175
294	0.08031789
295	0.08030776
296	0.08029034
297	0.08029324
298	0.08027044
299	0.08020664
300	0.08025849
301	0.08023386
302	0.08024848
303	0.08028021
304	0.08026148
305	0.08024513
306	0.08021294
307	0.08021004
308	0.08022144
309	0.08018204
310	0.08018912
311	0.08019970
312	0.08017071
313	0.08020726
314	0.08023673
315	0.08019053
316	0.08022907
317	0.08026691
318	0.08026087
319	0.08024422
320	0.08022492
321	0.08021931
322	0.08021734
323	0.08025432
324	0.08019144
325	0.08019047
326	0.08022564
327	0.08017155
328	0.08025310
329	0.08021160
330	0.08012798
331	0.08014599
332	0.08015060
333	0.08013507
334	0.08012236
335	0.08012769
336	0.08012172
337	0.08012036
338	0.08011043
339	0.08012865
340	0.08013603
341	0.08015466
342	0.08016061
343	0.08022711
344	0.08024174
345	0.08023482
346	0.08021050
347	0.08022869
348	0.08028677
349	0.08031897
350	0.08032756
351	0.08034692
352	0.08036055
353	0.08037604
354	0.08040029
355	0.08039002
356	0.08043386
357	0.08042033
358	0.08045817
359	0.08045378
360	0.08045865
361	0.08050508
362	0.08049514
363	0.08049367
364	0.08054916
365	0.08052265
366	0.08054885
367	0.08054552
368	0.08056422
369	0.08055133
370	0.08058355
371	0.08056150
372	0.08061565
373	0.08062151
374	0.08062565
375	0.08063217
376	0.08065356
377	0.08065850
378	0.08064855
379	0.08060208
380	0.08066163
381	0.08066746
382	0.08066583
383	0.08067358
384	0.08061653
385	0.08068825
386	0.08068555
387	0.08068631
388	0.08069020
389	0.08070722
390	0.08069290
391	0.08068391
392	0.08069434
393	0.08066558
394	0.08068100
395	0.08067372
396	0.08063693
397	0.08065844
398	0.08061808
399	0.08063471
400	0.08065026
401	0.08064048
402	0.08064590
403	0.08064845
404	0.08059426
405	0.08064780
406	0.08063573
407	0.08062905
408	0.08062606
409	0.08063566
410	0.08062820
411	0.08063512
412	0.08058525
413	0.08060704
414	0.08062977
415	0.08062921
416	0.08063675
417	0.08062438
418	0.08063083
419	0.08063083
420	0.08061624
421	0.08062024
422	0.08063303
423	0.08063234
424	0.08060794
425	0.08061048
426	0.08057438
427	0.08061178
428	0.08056213
429	0.08060996
430	0.08059885
431	0.08058906
432	0.08062954
433	0.08062129
434	0.08064357
435	0.08065350
436	0.08066509
437	0.08065360
438	0.08066855
439	0.08067442
440	0.08071788
441	0.08069766
442	0.08070862
443	0.08071841
444	0.08071057
445	0.08070593
446	0.08071619
447	0.08072630
448	0.08071919
449	0.08072560
450	0.08075462
451	0.08078475
452	0.08073526
453	0.08075113
454	0.08079229
455	0.08075901
456	0.08075152
457	0.08078288
458	0.08074739
459	0.08075446
460	0.08071192
461	0.08070611
462	0.08070514
463	0.08067793
464	0.08065460
465	0.08063978
466	0.08060484
467	0.08057874
468	0.08057210
469	0.08057027
470	0.08056118
471	0.08056317
472	0.08055153
473	0.08053647
474	0.08052242
475	0.08056536
476	0.08057364
477	0.08056639
478	0.08059272
479	0.08057673
480	0.08061031
481	0.08059580
482	0.08060425
483	0.08063769
484	0.08066306
485	0.08066650
486	0.08069807
487	0.08073633
488	0.08067162
489	0.08070320
490	0.08075238
491	0.08077770
492	0.08077019
493	0.08078228
494	0.08077704
495	0.08080863
496	0.08082054
497	0.08082405
498	0.08085147
499	0.08086129
500	0.08086938
501	0.08086196
502	0.08090118
503	0.08092827
504	0.08093046
505	0.08093718
506	0.08093238
507	0.08093194
508	0.08098088
509	0.08099740
510	0.08101412
511	0.08103511
512	0.08102956
513	0.08107041
514	0.08105074
515	0.08108722
516	0.08108116
517	0.08113046
518	0.08111929
519	0.08114164
520	0.08114383
521	0.08115003
522	0.08117928
523	0.08114585
524	0.08115918
525	0.08116899
526	0.08115189
527	0.08113438
528	0.08112019
529	0.08113039
530	0.08112465
531	0.08111371
532	0.08112701
533	0.08111916
534	0.08110140
535	0.08110411
536	0.08107877
537	0.08109020
538	0.08106735
539	0.08107869
540	0.08105764
541	0.08106749
542	0.08104309
543	0.08104567
544	0.08105485
545	0.08105392
546	0.08103769
547	0.08102628
548	0.08101224
549	0.08102841
550	0.08103310
551	0.08102601
552	0.08102147
553	0.08103646
554	0.08102968
555	0.08102418
556	0.08102694
557	0.08101729
558	0.08100757
559	0.08104576
560	0.08103829
561	0.08104246
562	0.08104967
563	0.08105084
564	0.08104875
565	0.08104139
566	0.08103061
567	0.08101522
568	0.08099516
569	0.08097947
570	0.08097975
571	0.08094591
572	0.08094018
573	0.08091629
574	0.08091230
575	0.08090205
576	0.08086763
577	0.08084266
578	0.08082364
579	0.08083111
580	0.08080335
581	0.08072444
582	0.08077630
583	0.08072913
584	0.08075635
585	0.08068522
586	0.08070235
587	0.08064330
588	0.08064584
589	0.08062245
590	0.08062169
591	0.08060130
592	0.08060159
593	0.08061336
594	0.08056924
595	0.08060914
596	0.08061664
597	0.08061334
598	0.08061881
599	0.08062509
600	0.08062878