	C:\Users\jkuzm\OneDrive - University of Massachusetts\HRSL x UMILL-PUMA Fatigue - Fatigue\Data\F01\FR3_static3.c3d _ImpedanceExport
	LMT1H
	TARGET
	ORIGINAL
ITEM	Z
1	0.03213648
2	0.03214710
3	0.03216045
4	0.03217439
5	0.03218250
6	0.03216700
7	0.03216944
8	0.03215930
9	0.03215341
10	0.03214257
11	0.03215772
12	0.03216093
13	0.03216325
14	0.03219676
15	0.03219210
16	0.03219436
17	0.03220015
18	0.03218750
19	0.03218663
20	0.03219533
21	0.03220980
22	0.03221166
23	0.03219639
24	0.03220425
25	0.03219277
26	0.03219876
27	0.03220356
28	0.03220589
29	0.03219840
30	0.03220081
31	0.03220043
32	0.03222107
33	0.03220992
34	0.03223418
35	0.03224399
36	0.03224770
37	0.03224559
38	0.03222635
39	0.03223503
40	0.03225878
41	0.03225116
42	0.03226976
43	0.03225441
44	0.03225239
45	0.03226334
46	0.03226986
47	0.03232232
48	0.03230896
49	0.03231198
50	0.03231268
51	0.03230727
52	0.03231707
53	0.03230295
54	0.03229672
55	0.03230898
56	0.03231025
57	0.03231833
58	0.03233871
59	0.03231223
60	0.03231812
61	0.03230459
62	0.03230053
63	0.03229410
64	0.03228470
65	0.03230328
66	0.03228077
67	0.03229227
68	0.03227855
69	0.03228758
70	0.03229998
71	0.03227326
72	0.03226260
73	0.03225369
74	0.03225004
75	0.03224553
76	0.03225940
77	0.03225025
78	0.03227502
79	0.03225119
80	0.03223324
81	0.03223313
82	0.03222735
83	0.03223768
84	0.03222217
85	0.03224147
86	0.03222974
87	0.03221212
88	0.03221061
89	0.03223141
90	0.03223751
91	0.03224765
92	0.03223966
93	0.03224206
94	0.03224065
95	0.03224171
96	0.03220502
97	0.03220867
98	0.03222169
99	0.03220833
100	0.03221067
101	0.03222559
102	0.03220657
103	0.03219978
104	0.03219582
105	0.03219418
106	0.03218055
107	0.03217812
108	0.03218151
109	0.03217997
110	0.03217270
111	0.03216742
112	0.03217288
113	0.03215621
114	0.03214595
115	0.03215060
116	0.03213506
117	0.03212392
118	0.03214732
119	0.03216214
120	0.03214607
121	0.03212307
122	0.03214220
123	0.03214260
124	0.03214528
125	0.03212795
126	0.03212022
127	0.03212278
128	0.03211274
129	0.03213605
130	0.03212380
131	0.03212016
132	0.03213143
133	0.03212948
134	0.03212010
135	0.03212669
136	0.03214930
137	0.03214796
138	0.03213248
139	0.03215687
140	0.03215444
141	0.03213764
142	0.03214190
143	0.03213930
144	0.03214697
145	0.03214713
146	0.03212933
147	0.03212652
148	0.03214764
149	0.03214250
150	0.03217364
151	0.03212974
152	0.03217294
153	0.03216240
154	0.03212312
155	0.03215176
156	0.03215455
157	0.03215927
158	0.03215643
159	0.03214753
160	0.03216488
161	0.03214296
162	0.03215956
163	0.03216537
164	0.03215840
165	0.03214030
166	0.03215136
167	0.03216185
168	0.03216023
169	0.03216245
170	0.03218289
171	0.03215694
172	0.03214651
173	0.03213442
174	0.03215362
175	0.03215349
176	0.03214475
177	0.03215005
178	0.03215965
179	0.03215609
180	0.03216759
181	0.03218086
182	0.03218020
183	0.03215735
184	0.03216523
185	0.03217031
186	0.03216437
187	0.03217971
188	0.03218509
189	0.03217803
190	0.03218541
191	0.03218814
192	0.03220819
193	0.03220271
194	0.03220128
195	0.03221246
196	0.03220090
197	0.03219937
198	0.03220423
199	0.03220203
200	0.03223652
201	0.03220378
202	0.03221755
203	0.03221926
204	0.03224888
205	0.03223520
206	0.03223336
207	0.03223890
208	0.03222214
209	0.03223154
210	0.03223110
211	0.03225237
212	0.03223749
213	0.03222265
214	0.03222195
215	0.03222834
216	0.03220824
217	0.03221517
218	0.03220545
219	0.03219932
220	0.03219945
221	0.03221054
222	0.03219375
223	0.03223827
224	0.03222454
225	0.03221612
226	0.03220438
227	0.03221131
228	0.03220736
229	0.03219803
230	0.03218376
231	0.03216150
232	0.03217824
233	0.03218900
234	0.03217673
235	0.03219208
236	0.03217112
237	0.03216543
238	0.03217523
239	0.03216996
240	0.03216937
241	0.03215672
242	0.03216533
243	0.03217386
244	0.03218290
245	0.03216853
246	0.03215593
247	0.03215786
248	0.03217467
249	0.03218114
250	0.03217202
251	0.03217677
252	0.03219046
253	0.03218087
254	0.03216232
255	0.03217083
256	0.03217524
257	0.03218841
258	0.03218433
259	0.03216837
260	0.03218207
261	0.03218700
262	0.03217449
263	0.03217844
264	0.03213299
265	0.03215417
266	0.03216142
267	0.03218237
268	0.03216160
269	0.03214250
270	0.03216880
271	0.03216067
272	0.03215546
273	0.03214337
274	0.03214823
275	0.03216302
276	0.03215217
277	0.03216132
278	0.03215348
279	0.03216395
280	0.03214603
281	0.03216432
282	0.03216084
283	0.03217280
284	0.03217193
285	0.03214746
286	0.03216057
287	0.03216626
288	0.03217053
289	0.03218019
290	0.03217542
291	0.03219352
292	0.03217283
293	0.03220250
294	0.03219333
295	0.03216948
296	0.03218052
297	0.03218420
298	0.03218106
299	0.03219070
300	0.03219890
301	0.03219374
302	0.03217995
303	0.03219099
304	0.03219981
305	0.03220944
306	0.03220364
307	0.03221106
308	0.03220041
309	0.03221140
310	0.03223506
311	0.03220126
312	0.03222434
313	0.03222454
314	0.03222393
315	0.03223345
316	0.03223202
317	0.03222172
318	0.03220582
319	0.03222686
320	0.03219723
321	0.03221608
322	0.03222130
323	0.03224705
324	0.03222803
325	0.03222376
326	0.03222202
327	0.03223241
328	0.03220985
329	0.03221936
330	0.03223908
331	0.03222178
332	0.03221177
333	0.03222561
334	0.03222847
335	0.03223559
336	0.03225048
337	0.03223178
338	0.03222738
339	0.03221226
340	0.03223455
341	0.03221359
342	0.03221252
343	0.03220122
344	0.03220196
345	0.03220203
346	0.03221844
347	0.03219533
348	0.03220078
349	0.03218591
350	0.03218338
351	0.03218148
352	0.03218539
353	0.03217221
354	0.03216476
355	0.03216044
356	0.03215821
357	0.03214819
358	0.03215382
359	0.03215592
360	0.03213453
361	0.03213426
362	0.03211218
363	0.03211165
364	0.03211159
365	0.03209433
366	0.03209350
367	0.03211271
368	0.03210504
369	0.03210763
370	0.03210524
371	0.03211236
372	0.03210304
373	0.03206944
374	0.03207029
375	0.03208271
376	0.03209400
377	0.03209834
378	0.03209855
379	0.03208413
380	0.03206510
381	0.03203773
382	0.03205336
383	0.03207620
384	0.03206673
385	0.03204789
386	0.03204895
387	0.03203838
388	0.03204641
389	0.03204126
390	0.03206193
391	0.03206083
392	0.03206698
393	0.03208158
394	0.03208654
395	0.03207980
396	0.03207716
397	0.03209143
398	0.03208039
399	0.03208894
400	0.03205751
401	0.03211336
402	0.03208889
403	0.03208799
404	0.03207882
405	0.03208301
406	0.03207461
407	0.03206607
408	0.03208783
409	0.03210958
410	0.03209859
411	0.03210900
412	0.03212819
413	0.03208908
414	0.03208371
415	0.03207872
416	0.03210557
417	0.03209644
418	0.03212031
419	0.03210773
420	0.03211563
421	0.03211244
422	0.03211644
423	0.03210847
424	0.03209820
425	0.03211540
426	0.03210740
427	0.03209903
428	0.03208901
429	0.03211303
430	0.03208607
431	0.03210655
432	0.03211585
433	0.03208970
434	0.03208179
435	0.03208971
436	0.03210006
437	0.03209261
438	0.03208164
439	0.03209324
440	0.03208875
441	0.03210384
442	0.03207051
443	0.03207554
444	0.03209668
445	0.03206202
446	0.03205248
447	0.03206075
448	0.03205173
449	0.03206766
450	0.03205967
451	0.03206823
452	0.03206393
453	0.03204507
454	0.03204519
455	0.03206556
456	0.03205846
457	0.03206284
458	0.03206253
459	0.03208475
460	0.03207593
461	0.03207558
462	0.03206113
463	0.03206801
464	0.03206420
465	0.03206486
466	0.03211582
467	0.03210837
468	0.03211741
469	0.03209616
470	0.03213640
471	0.03209915
472	0.03212666
473	0.03209881
474	0.03214572
475	0.03212325
476	0.03210491
477	0.03212595
478	0.03213331
479	0.03210414
480	0.03211458
481	0.03209400
482	0.03211186
483	0.03208909
484	0.03210078
485	0.03208451
486	0.03208075
487	0.03211196
488	0.03207760
489	0.03210457
490	0.03209196
491	0.03208318
492	0.03206936
493	0.03208175
494	0.03206255
495	0.03205146
496	0.03205901
497	0.03204258
498	0.03206039
499	0.03203760
500	0.03201080
501	0.03201887
502	0.03200955
503	0.03198794
504	0.03198991
505	0.03197960
506	0.03195764
507	0.03195653
508	0.03193107
509	0.03195328
510	0.03192433
511	0.03191477
512	0.03192488
513	0.03193101
514	0.03192184
515	0.03190234
516	0.03188901
517	0.03188257
518	0.03187890
519	0.03187947
520	0.03191079
521	0.03191393
522	0.03190286
523	0.03189478
524	0.03188097
525	0.03187817
526	0.03189932
527	0.03188280
528	0.03188860
529	0.03190194
530	0.03188651
531	0.03191160
532	0.03190884
533	0.03189062
534	0.03188438
535	0.03188053
536	0.03187673
537	0.03189230
538	0.03188451
539	0.03188429
540	0.03187913
541	0.03187499
542	0.03187522
543	0.03189021
544	0.03187912
545	0.03188414
546	0.03187845
547	0.03190507
548	0.03189061
549	0.03186451
550	0.03188553
551	0.03186869
552	0.03186243
553	0.03187044
554	0.03187709
555	0.03188184
556	0.03188217
557	0.03187438
558	0.03189552
559	0.03190111
560	0.03189773
561	0.03188089
562	0.03189842
563	0.03191676
564	0.03192818
565	0.03190592
566	0.03192726
567	0.03191349
568	0.03192357
569	0.03193875
570	0.03192789
571	0.03193109
572	0.03194553
573	0.03195306
574	0.03193211
575	0.03194693
576	0.03197778
577	0.03197596
578	0.03195540
579	0.03196822
580	0.03198145
581	0.03199331
582	0.03199213
583	0.03198948
584	0.03200766
585	0.03201360
586	0.03200898
587	0.03201954
588	0.03202149
589	0.03202120
590	0.03203461
591	0.03201613
592	0.03204031
593	0.03201076
594	0.03202118
595	0.03202161
596	0.03203282
597	0.03201859
598	0.03201485
599	0.03202185
600	0.03202495