	C:\Users\jkuzm\OneDrive - University of Massachusetts\HRSL x UMILL-PUMA Fatigue - Fatigue\Data\F01\FR3_static3.c3d _ImpedanceExport
	TIME
	FRAME_NUMBERS
	ORIGINAL
ITEM	0
1	0.00000000
2	0.00500000
3	0.01000000
4	0.01500000
5	0.02000000
6	0.02500000
7	0.03000000
8	0.03500000
9	0.04000000
10	0.04500000
11	0.05000000
12	0.05500000
13	0.06000000
14	0.06500000
15	0.07000000
16	0.07500000
17	0.08000000
18	0.08500000
19	0.09000000
20	0.09500000
21	0.10000000
22	0.10500000
23	0.11000000
24	0.11500000
25	0.12000000
26	0.12500000
27	0.13000000
28	0.13500001
29	0.14000000
30	0.14500000
31	0.15000001
32	0.15500000
33	0.16000000
34	0.16500001
35	0.17000000
36	0.17500000
37	0.18000001
38	0.18500000
39	0.19000000
40	0.19499999
41	0.20000000
42	0.20500000
43	0.20999999
44	0.21500000
45	0.22000000
46	0.22499999
47	0.23000000
48	0.23500000
49	0.23999999
50	0.24500000
51	0.25000000
52	0.25500000
53	0.25999999
54	0.26499999
55	0.27000001
56	0.27500001
57	0.28000000
58	0.28500000
59	0.28999999
60	0.29499999
61	0.30000001
62	0.30500001
63	0.31000000
64	0.31500000
65	0.31999999
66	0.32499999
67	0.33000001
68	0.33500001
69	0.34000000
70	0.34500000
71	0.34999999
72	0.35499999
73	0.36000001
74	0.36500001
75	0.37000000
76	0.37500000
77	0.38000000
78	0.38499999
79	0.38999999
80	0.39500001
81	0.40000001
82	0.40500000
83	0.41000000
84	0.41499999
85	0.41999999
86	0.42500001
87	0.43000001
88	0.43500000
89	0.44000000
90	0.44499999
91	0.44999999
92	0.45500001
93	0.46000001
94	0.46500000
95	0.47000000
96	0.47499999
97	0.47999999
98	0.48500001
99	0.49000001
100	0.49500000
101	0.50000000
102	0.50500000
103	0.50999999
104	0.51499999
105	0.51999998
106	0.52499998
107	0.52999997
108	0.53500003
109	0.54000002
110	0.54500002
111	0.55000001
112	0.55500001
113	0.56000000
114	0.56500000
115	0.56999999
116	0.57499999
117	0.57999998
118	0.58499998
119	0.58999997
120	0.59500003
121	0.60000002
122	0.60500002
123	0.61000001
124	0.61500001
125	0.62000000
126	0.62500000
127	0.63000000
128	0.63499999
129	0.63999999
130	0.64499998
131	0.64999998
132	0.65499997
133	0.66000003
134	0.66500002
135	0.67000002
136	0.67500001
137	0.68000001
138	0.68500000
139	0.69000000
140	0.69499999
141	0.69999999
142	0.70499998
143	0.70999998
144	0.71499997
145	0.72000003
146	0.72500002
147	0.73000002
148	0.73500001
149	0.74000001
150	0.74500000
151	0.75000000
152	0.75500000
153	0.75999999
154	0.76499999
155	0.76999998
156	0.77499998
157	0.77999997
158	0.78500003
159	0.79000002
160	0.79500002
161	0.80000001
162	0.80500001
163	0.81000000
164	0.81500000
165	0.81999999
166	0.82499999
167	0.82999998
168	0.83499998
169	0.83999997
170	0.84500003
171	0.85000002
172	0.85500002
173	0.86000001
174	0.86500001
175	0.87000000
176	0.87500000
177	0.88000000
178	0.88499999
179	0.88999999
180	0.89499998
181	0.89999998
182	0.90499997
183	0.91000003
184	0.91500002
185	0.92000002
186	0.92500001
187	0.93000001
188	0.93500000
189	0.94000000
190	0.94499999
191	0.94999999
192	0.95499998
193	0.95999998
194	0.96499997
195	0.97000003
196	0.97500002
197	0.98000002
198	0.98500001
199	0.99000001
200	0.99500000
201	1.00000000
202	1.00500000
203	1.00999999
204	1.01499999
205	1.01999998
206	1.02499998
207	1.02999997
208	1.03499997
209	1.03999996
210	1.04499996
211	1.04999995
212	1.05499995
213	1.05999994
214	1.06500006
215	1.07000005
216	1.07500005
217	1.08000004
218	1.08500004
219	1.09000003
220	1.09500003
221	1.10000002
222	1.10500002
223	1.11000001
224	1.11500001
225	1.12000000
226	1.12500000
227	1.13000000
228	1.13499999
229	1.13999999
230	1.14499998
231	1.14999998
232	1.15499997
233	1.15999997
234	1.16499996
235	1.16999996
236	1.17499995
237	1.17999995
238	1.18499994
239	1.19000006
240	1.19500005
241	1.20000005
242	1.20500004
243	1.21000004
244	1.21500003
245	1.22000003
246	1.22500002
247	1.23000002
248	1.23500001
249	1.24000001
250	1.24500000
251	1.25000000
252	1.25500000
253	1.25999999
254	1.26499999
255	1.26999998
256	1.27499998
257	1.27999997
258	1.28499997
259	1.28999996
260	1.29499996
261	1.29999995
262	1.30499995
263	1.30999994
264	1.31500006
265	1.32000005
266	1.32500005
267	1.33000004
268	1.33500004
269	1.34000003
270	1.34500003
271	1.35000002
272	1.35500002
273	1.36000001
274	1.36500001
275	1.37000000
276	1.37500000
277	1.38000000
278	1.38499999
279	1.38999999
280	1.39499998
281	1.39999998
282	1.40499997
283	1.40999997
284	1.41499996
285	1.41999996
286	1.42499995
287	1.42999995
288	1.43499994
289	1.44000006
290	1.44500005
291	1.45000005
292	1.45500004
293	1.46000004
294	1.46500003
295	1.47000003
296	1.47500002
297	1.48000002
298	1.48500001
299	1.49000001
300	1.49500000
301	1.50000000
302	1.50500000
303	1.50999999
304	1.51499999
305	1.51999998
306	1.52499998
307	1.52999997
308	1.53499997
309	1.53999996
310	1.54499996
311	1.54999995
312	1.55499995
313	1.55999994
314	1.56500006
315	1.57000005
316	1.57500005
317	1.58000004
318	1.58500004
319	1.59000003
320	1.59500003
321	1.60000002
322	1.60500002
323	1.61000001
324	1.61500001
325	1.62000000
326	1.62500000
327	1.63000000
328	1.63499999
329	1.63999999
330	1.64499998
331	1.64999998
332	1.65499997
333	1.65999997
334	1.66499996
335	1.66999996
336	1.67499995
337	1.67999995
338	1.68499994
339	1.69000006
340	1.69500005
341	1.70000005
342	1.70500004
343	1.71000004
344	1.71500003
345	1.72000003
346	1.72500002
347	1.73000002
348	1.73500001
349	1.74000001
350	1.74500000
351	1.75000000
352	1.75500000
353	1.75999999
354	1.76499999
355	1.76999998
356	1.77499998
357	1.77999997
358	1.78499997
359	1.78999996
360	1.79499996
361	1.79999995
362	1.80499995
363	1.80999994
364	1.81500006
365	1.82000005
366	1.82500005
367	1.83000004
368	1.83500004
369	1.84000003
370	1.84500003
371	1.85000002
372	1.85500002
373	1.86000001
374	1.86500001
375	1.87000000
376	1.87500000
377	1.88000000
378	1.88499999
379	1.88999999
380	1.89499998
381	1.89999998
382	1.90499997
383	1.90999997
384	1.91499996
385	1.91999996
386	1.92499995
387	1.92999995
388	1.93499994
389	1.94000006
390	1.94500005
391	1.95000005
392	1.95500004
393	1.96000004
394	1.96500003
395	1.97000003
396	1.97500002
397	1.98000002
398	1.98500001
399	1.99000001
400	1.99500000
401	2.00000000
402	2.00500011
403	2.00999999
404	2.01500010
405	2.01999998
406	2.02500010
407	2.02999997
408	2.03500009
409	2.03999996
410	2.04500008
411	2.04999995
412	2.05500007
413	2.05999994
414	2.06500006
415	2.06999993
416	2.07500005
417	2.07999992
418	2.08500004
419	2.08999991
420	2.09500003
421	2.09999990
422	2.10500002
423	2.10999990
424	2.11500001
425	2.11999989
426	2.12500000
427	2.13000011
428	2.13499999
429	2.14000010
430	2.14499998
431	2.15000010
432	2.15499997
433	2.16000009
434	2.16499996
435	2.17000008
436	2.17499995
437	2.18000007
438	2.18499994
439	2.19000006
440	2.19499993
441	2.20000005
442	2.20499992
443	2.21000004
444	2.21499991
445	2.22000003
446	2.22499990
447	2.23000002
448	2.23499990
449	2.24000001
450	2.24499989
451	2.25000000
452	2.25500011
453	2.25999999
454	2.26500010
455	2.26999998
456	2.27500010
457	2.27999997
458	2.28500009
459	2.28999996
460	2.29500008
461	2.29999995
462	2.30500007
463	2.30999994
464	2.31500006
465	2.31999993
466	2.32500005
467	2.32999992
468	2.33500004
469	2.33999991
470	2.34500003
471	2.34999990
472	2.35500002
473	2.35999990
474	2.36500001
475	2.36999989
476	2.37500000
477	2.38000011
478	2.38499999
479	2.39000010
480	2.39499998
481	2.40000010
482	2.40499997
483	2.41000009
484	2.41499996
485	2.42000008
486	2.42499995
487	2.43000007
488	2.43499994
489	2.44000006
490	2.44499993
491	2.45000005
492	2.45499992
493	2.46000004
494	2.46499991
495	2.47000003
496	2.47499990
497	2.48000002
498	2.48499990
499	2.49000001
500	2.49499989
501	2.50000000
502	2.50500011
503	2.50999999
504	2.51500010
505	2.51999998
506	2.52500010
507	2.52999997
508	2.53500009
509	2.53999996
510	2.54500008
511	2.54999995
512	2.55500007
513	2.55999994
514	2.56500006
515	2.56999993
516	2.57500005
517	2.57999992
518	2.58500004
519	2.58999991
520	2.59500003
521	2.59999990
522	2.60500002
523	2.60999990
524	2.61500001
525	2.61999989
526	2.62500000
527	2.63000011
528	2.63499999
529	2.64000010
530	2.64499998
531	2.65000010
532	2.65499997
533	2.66000009
534	2.66499996
535	2.67000008
536	2.67499995
537	2.68000007
538	2.68499994
539	2.69000006
540	2.69499993
541	2.70000005
542	2.70499992
543	2.71000004
544	2.71499991
545	2.72000003
546	2.72499990
547	2.73000002
548	2.73499990
549	2.74000001
550	2.74499989
551	2.75000000
552	2.75500011
553	2.75999999
554	2.76500010
555	2.76999998
556	2.77500010
557	2.77999997
558	2.78500009
559	2.78999996
560	2.79500008
561	2.79999995
562	2.80500007
563	2.80999994
564	2.81500006
565	2.81999993
566	2.82500005
567	2.82999992
568	2.83500004
569	2.83999991
570	2.84500003
571	2.84999990
572	2.85500002
573	2.85999990
574	2.86500001
575	2.86999989
576	2.87500000
577	2.88000011
578	2.88499999
579	2.89000010
580	2.89499998
581	2.90000010
582	2.90499997
583	2.91000009
584	2.91499996
585	2.92000008
586	2.92499995
587	2.93000007
588	2.93499994
589	2.94000006
590	2.94499993
591	2.95000005
592	2.95499992
593	2.96000004
594	2.96499991
595	2.97000003
596	2.97499990
597	2.98000002
598	2.98499990
599	2.99000001
600	2.99499989