	C:\Users\jkuzm\OneDrive - University of Massachusetts\HRSL x UMILL-PUMA Fatigue - Fatigue\Data\F01\FR3_static3.c3d _ImpedanceExport
	LTOE
	TARGET
	ORIGINAL
ITEM	Y
1	0.51115936
2	0.51113129
3	0.51113003
4	0.51109010
5	0.51104271
6	0.51104707
7	0.51102060
8	0.51102942
9	0.51101911
10	0.51102531
11	0.51100844
12	0.51102209
13	0.51101840
14	0.51098812
15	0.51097393
16	0.51096964
17	0.51096058
18	0.51098257
19	0.51096648
20	0.51094472
21	0.51098156
22	0.51094538
23	0.51097643
24	0.51095271
25	0.51094854
26	0.51093996
27	0.51090169
28	0.51091069
29	0.51090395
30	0.51090533
31	0.51092374
32	0.51092702
33	0.51092052
34	0.51090056
35	0.51090437
36	0.51089323
37	0.51086992
38	0.51086169
39	0.51085162
40	0.51083338
41	0.51082575
42	0.51082486
43	0.51082790
44	0.51081145
45	0.51080799
46	0.51080114
47	0.51077086
48	0.51078475
49	0.51076949
50	0.51075166
51	0.51073688
52	0.51074106
53	0.51073074
54	0.51073545
55	0.51073283
56	0.51072931
57	0.51074481
58	0.51071990
59	0.51073062
60	0.51074302
61	0.51074666
62	0.51075429
63	0.51075131
64	0.51077068
65	0.51078963
66	0.51078594
67	0.51078612
68	0.51079500
69	0.51082212
70	0.51079017
71	0.51079190
72	0.51080871
73	0.51080656
74	0.51082224
75	0.51086748
76	0.51084709
77	0.51087195
78	0.51087534
79	0.51089507
80	0.51089406
81	0.51087767
82	0.51087672
83	0.51087457
84	0.51082450
85	0.51087272
86	0.51088190
87	0.51088727
88	0.51088804
89	0.51086128
90	0.51086521
91	0.51085871
92	0.51088065
93	0.51086462
94	0.51085585
95	0.51085711
96	0.51086587
97	0.51087654
98	0.51087731
99	0.51087970
100	0.51089257
101	0.51089144
102	0.51091003
103	0.51089597
104	0.51092798
105	0.51093495
106	0.51094073
107	0.51095700
108	0.51097548
109	0.51098591
110	0.51099241
111	0.51099974
112	0.51099163
113	0.51100892
114	0.51099795
115	0.51100510
116	0.51101470
117	0.51101547
118	0.51103026
119	0.51104403
120	0.51105303
121	0.51105398
122	0.51107228
123	0.51107812
124	0.51101452
125	0.51105589
126	0.51104015
127	0.51104093
128	0.51104355
129	0.51103312
130	0.51105958
131	0.51107329
132	0.51107144
133	0.51106858
134	0.51107460
135	0.51107174
136	0.51105672
137	0.51106006
138	0.51104808
139	0.51103961
140	0.51104254
141	0.51104987
142	0.51104480
143	0.51104242
144	0.51102483
145	0.51104778
146	0.51104730
147	0.51103121
148	0.51102453
149	0.51102316
150	0.51101685
151	0.51102430
152	0.51101613
153	0.51102561
154	0.51102895
155	0.51102501
156	0.51102883
157	0.51101112
158	0.51096529
159	0.51099283
160	0.51096457
161	0.51100063
162	0.51099432
163	0.51101530
164	0.51101410
165	0.51102132
166	0.51103038
167	0.51101816
168	0.51101905
169	0.51102179
170	0.51099831
171	0.51101512
172	0.51098782
173	0.51100796
174	0.51102430
175	0.51101810
176	0.51102865
177	0.51103127
178	0.51104134
179	0.51103753
180	0.51101267
181	0.51101732
182	0.51099414
183	0.51099616
184	0.51097298
185	0.51098990
186	0.51098323
187	0.51099473
188	0.51096338
189	0.51098114
190	0.51096904
191	0.51097810
192	0.51098233
193	0.51095116
194	0.51094913
195	0.51095355
196	0.51094908
197	0.51093900
198	0.51092291
199	0.51093292
200	0.51091892
201	0.51091260
202	0.51088983
203	0.51089483
204	0.51087737
205	0.51086998
206	0.51088208
207	0.51087534
208	0.51088178
209	0.51088339
210	0.51087731
211	0.51089805
212	0.51088256
213	0.51087350
214	0.51086515
215	0.51087385
216	0.51087457
217	0.51088953
218	0.51088744
219	0.51090837
220	0.51091599
221	0.51094353
222	0.51091713
223	0.51092011
224	0.51091790
225	0.51093197
226	0.51092827
227	0.51092464
228	0.51094222
229	0.51094931
230	0.51094818
231	0.51096511
232	0.51096362
233	0.51094455
234	0.51095253
235	0.51097041
236	0.51096278
237	0.51097161
238	0.51095629
239	0.51095855
240	0.51097077
241	0.51099443
242	0.51099342
243	0.51098561
244	0.51099432
245	0.51100063
246	0.51099730
247	0.51097858
248	0.51095879
249	0.51098776
250	0.51098162
251	0.51098263
252	0.51099700
253	0.51099724
254	0.51100469
255	0.51098007
256	0.51098740
257	0.51098871
258	0.51099461
259	0.51098144
260	0.51097518
261	0.51097065
262	0.51095742
263	0.51098150
264	0.51098531
265	0.51099062
266	0.51100951
267	0.51101762
268	0.51100618
269	0.51098388
270	0.51100665
271	0.51099932
272	0.51100051
273	0.51101929
274	0.51101941
275	0.51104063
276	0.51105392
277	0.51106220
278	0.51104230
279	0.51103294
280	0.51103455
281	0.51102573
282	0.51100099
283	0.51101685
284	0.51101083
285	0.51100713
286	0.51100785
287	0.51101792
288	0.51098639
289	0.51099372
290	0.51099288
291	0.51099455
292	0.51097810
293	0.51097810
294	0.51096523
295	0.51093328
296	0.51098049
297	0.51097441
298	0.51097333
299	0.51096803
300	0.51096398
301	0.51096278
302	0.51094377
303	0.51093483
304	0.51095158
305	0.51091969
306	0.51093459
307	0.51091760
308	0.51092863
309	0.51092327
310	0.51093203
311	0.51092273
312	0.51094466
313	0.51092178
314	0.51092154
315	0.51091552
316	0.51090646
317	0.51092762
318	0.51089865
319	0.51089829
320	0.51091492
321	0.51090342
322	0.51091474
323	0.51090831
324	0.51089638
325	0.51090407
326	0.51089549
327	0.51089782
328	0.51088846
329	0.51088905
330	0.51088768
331	0.51089126
332	0.51089567
333	0.51088613
334	0.51089382
335	0.51087445
336	0.51089287
337	0.51087260
338	0.51086414
339	0.51088899
340	0.51088309
341	0.51090616
342	0.51091218
343	0.51093316
344	0.51092154
345	0.51093006
346	0.51092756
347	0.51093423
348	0.51091844
349	0.51095128
350	0.51097089
351	0.51100212
352	0.51099962
353	0.51103592
354	0.51103318
355	0.51104063
356	0.51104313
357	0.51105529
358	0.51105648
359	0.51106304
360	0.51107901
361	0.51109505
362	0.51110005
363	0.51109761
364	0.51110065
365	0.51113033
366	0.51114768
367	0.51112401
368	0.51113033
369	0.51113307
370	0.51113033
371	0.51113355
372	0.51114279
373	0.51114041
374	0.51116049
375	0.51116776
376	0.51116788
377	0.51116741
378	0.51116574
379	0.51117516
380	0.51117170
381	0.51117134
382	0.51119518
383	0.51116133
384	0.51118022
385	0.51118433
386	0.51119739
387	0.51120871
388	0.51119280
389	0.51118529
390	0.51120353
391	0.51118791
392	0.51118952
393	0.51118791
394	0.51118535
395	0.51117110
396	0.51118284
397	0.51116258
398	0.51117045
399	0.51115847
400	0.51116401
401	0.51115143
402	0.51117408
403	0.51115704
404	0.51116145
405	0.51116008
406	0.51113486
407	0.51116788
408	0.51117384
409	0.51116413
410	0.51116252
411	0.51115048
412	0.51112205
413	0.51114464
414	0.51113147
415	0.51112890
416	0.51113623
417	0.51113498
418	0.51113564
419	0.51113856
420	0.51115006
421	0.51114929
422	0.51115072
423	0.51114106
424	0.51112944
425	0.51111096
426	0.51108861
427	0.51108539
428	0.51110828
429	0.51109713
430	0.51113683
431	0.51112217
432	0.51115227
433	0.51114380
434	0.51114947
435	0.51112473
436	0.51111686
437	0.51111686
438	0.51113641
439	0.51113653
440	0.51115203
441	0.51115721
442	0.51115638
443	0.51117641
444	0.51118225
445	0.51116920
446	0.51116455
447	0.51115954
448	0.51116937
449	0.51117349
450	0.51120013
451	0.51118046
452	0.51118952
453	0.51120716
454	0.51121163
455	0.51121974
456	0.51120114
457	0.51118535
458	0.51118016
459	0.51118547
460	0.51117617
461	0.51117522
462	0.51117623
463	0.51116681
464	0.51115710
465	0.51115835
466	0.51115239
467	0.51116008
468	0.51114130
469	0.51112354
470	0.51110423
471	0.51113099
472	0.51112944
473	0.51112819
474	0.51111704
475	0.51111865
476	0.51113272
477	0.51113522
478	0.51111746
479	0.51112419
480	0.51111656
481	0.51111460
482	0.51112342
483	0.51114738
484	0.51113749
485	0.51114833
486	0.51116902
487	0.51116920
488	0.51116955
489	0.51117069
490	0.51119006
491	0.51118052
492	0.51119417
493	0.51120108
494	0.51120639
495	0.51119983
496	0.51122630
497	0.51122534
498	0.51123351
499	0.51125729
500	0.51125842
501	0.51126277
502	0.51126480
503	0.51128048
504	0.51128328
505	0.51127756
506	0.51132238
507	0.51133204
508	0.51133859
509	0.51135069
510	0.51137096
511	0.51135993
512	0.51137161
513	0.51139390
514	0.51140666
515	0.51140285
516	0.51141238
517	0.51143593
518	0.51143849
519	0.51144165
520	0.51143676
521	0.51144105
522	0.51144850
523	0.51144665
524	0.51144147
525	0.51143932
526	0.51144850
527	0.51143366
528	0.51144874
529	0.51144117
530	0.51145005
531	0.51144081
532	0.51141995
533	0.51144284
534	0.51140374
535	0.51142210
536	0.51142687
537	0.51141512
538	0.51141775
539	0.51143330
540	0.51140541
541	0.51142067
542	0.51141477
543	0.51140934
544	0.51142293
545	0.51141852
546	0.51141191
547	0.51139998
548	0.51140106
549	0.51141804
550	0.51142693
551	0.51141137
552	0.51142144
553	0.51142317
554	0.51142007
555	0.51141489
556	0.51140773
557	0.51141745
558	0.51140505
559	0.51140320
560	0.51141834
561	0.51139718
562	0.51142484
563	0.51141542
564	0.51139998
565	0.51139319
566	0.51137561
567	0.51137936
568	0.51136845
569	0.51136976
570	0.51136661
571	0.51134217
572	0.51135486
573	0.51134324
574	0.51133645
575	0.51135337
576	0.51133585
577	0.51131380
578	0.51129800
579	0.51129639
580	0.51129490
581	0.51129460
582	0.51127589
583	0.51127040
584	0.51127434
585	0.51125962
586	0.51125693
587	0.51124007
588	0.51123333
589	0.51123655
590	0.51120281
591	0.51118779
592	0.51118839
593	0.51120412
594	0.51121497
595	0.51122117
596	0.51121569
597	0.51121551
598	0.51122642
599	0.51122427
600	0.51122874