	C:\Users\jkuzm\OneDrive - University of Massachusetts\HRSL x UMILL-PUMA Fatigue - Fatigue\Data\F01\FR3_static3.c3d _ImpedanceExport
	RMT1H
	TARGET
	ORIGINAL
ITEM	Z
1	0.03334305
2	0.03334854
3	0.03335962
4	0.03336728
5	0.03347285
6	0.03348355
7	0.03348596
8	0.03347636
9	0.03346824
10	0.03348306
11	0.03345957
12	0.03347640
13	0.03348050
14	0.03347466
15	0.03347575
16	0.03347302
17	0.03348024
18	0.03348978
19	0.03350133
20	0.03350802
21	0.03349058
22	0.03350134
23	0.03352199
24	0.03352727
25	0.03351764
26	0.03351459
27	0.03352768
28	0.03352132
29	0.03353800
30	0.03354136
31	0.03351912
32	0.03352068
33	0.03352940
34	0.03355157
35	0.03355148
36	0.03356072
37	0.03353793
38	0.03357885
39	0.03356550
40	0.03356896
41	0.03355483
42	0.03358023
43	0.03357954
44	0.03356912
45	0.03359889
46	0.03360699
47	0.03362286
48	0.03360673
49	0.03362308
50	0.03360184
51	0.03362890
52	0.03358702
53	0.03362584
54	0.03360085
55	0.03358231
56	0.03359302
57	0.03360244
58	0.03359549
59	0.03360858
60	0.03361167
61	0.03358387
62	0.03360735
63	0.03360740
64	0.03360507
65	0.03361645
66	0.03356971
67	0.03357762
68	0.03357709
69	0.03357283
70	0.03357699
71	0.03356946
72	0.03357783
73	0.03356747
74	0.03357208
75	0.03356234
76	0.03356770
77	0.03357072
78	0.03358204
79	0.03355325
80	0.03356640
81	0.03355438
82	0.03355452
83	0.03357664
84	0.03355648
85	0.03354743
86	0.03352375
87	0.03356488
88	0.03355812
89	0.03354689
90	0.03356607
91	0.03358306
92	0.03357517
93	0.03355641
94	0.03356366
95	0.03357258
96	0.03354754
97	0.03354529
98	0.03352778
99	0.03351448
100	0.03351668
101	0.03353592
102	0.03354226
103	0.03355018
104	0.03354030
105	0.03353284
106	0.03353742
107	0.03352137
108	0.03349795
109	0.03353031
110	0.03351397
111	0.03348741
112	0.03350542
113	0.03352810
114	0.03351341
115	0.03351111
116	0.03349248
117	0.03351128
118	0.03349114
119	0.03349544
120	0.03350244
121	0.03349486
122	0.03348701
123	0.03348307
124	0.03347518
125	0.03349060
126	0.03347709
127	0.03348075
128	0.03347037
129	0.03347319
130	0.03348752
131	0.03346816
132	0.03346839
133	0.03347989
134	0.03348858
135	0.03350744
136	0.03351294
137	0.03349795
138	0.03351986
139	0.03349641
140	0.03349339
141	0.03351004
142	0.03350910
143	0.03349557
144	0.03348941
145	0.03349644
146	0.03350019
147	0.03350104
148	0.03351505
149	0.03351234
150	0.03352156
151	0.03351131
152	0.03351416
153	0.03352134
154	0.03349382
155	0.03349247
156	0.03353530
157	0.03353386
158	0.03353410
159	0.03354582
160	0.03353196
161	0.03354638
162	0.03352810
163	0.03355142
164	0.03353663
165	0.03352693
166	0.03351751
167	0.03352537
168	0.03355351
169	0.03351945
170	0.03351023
171	0.03350382
172	0.03351283
173	0.03352191
174	0.03349553
175	0.03348975
176	0.03349731
177	0.03351476
178	0.03351847
179	0.03354399
180	0.03353434
181	0.03351782
182	0.03353703
183	0.03350370
184	0.03354799
185	0.03353700
186	0.03350743
187	0.03351975
188	0.03350846
189	0.03350555
190	0.03350570
191	0.03352152
192	0.03355746
193	0.03357352
194	0.03355729
195	0.03353118
196	0.03356796
197	0.03352999
198	0.03353816
199	0.03353507
200	0.03356049
201	0.03355452
202	0.03355568
203	0.03357667
204	0.03356754
205	0.03356852
206	0.03358653
207	0.03357358
208	0.03357470
209	0.03354982
210	0.03356682
211	0.03357516
212	0.03356135
213	0.03357329
214	0.03355889
215	0.03356794
216	0.03354721
217	0.03353112
218	0.03352835
219	0.03353525
220	0.03352985
221	0.03352466
222	0.03352066
223	0.03353529
224	0.03353517
225	0.03356637
226	0.03355067
227	0.03354034
228	0.03354322
229	0.03354181
230	0.03352657
231	0.03351848
232	0.03351492
233	0.03352804
234	0.03351076
235	0.03353386
236	0.03355258
237	0.03352365
238	0.03350449
239	0.03351219
240	0.03350264
241	0.03351951
242	0.03350447
243	0.03348681
244	0.03348783
245	0.03350686
246	0.03348630
247	0.03349028
248	0.03347110
249	0.03348043
250	0.03348774
251	0.03349680
252	0.03351486
253	0.03350732
254	0.03347782
255	0.03350178
256	0.03349767
257	0.03349838
258	0.03350740
259	0.03349996
260	0.03349175
261	0.03351168
262	0.03349157
263	0.03350256
264	0.03350789
265	0.03350509
266	0.03349511
267	0.03349569
268	0.03349523
269	0.03349539
270	0.03349511
271	0.03352489
272	0.03350705
273	0.03349971
274	0.03348949
275	0.03349246
276	0.03349198
277	0.03350389
278	0.03351562
279	0.03350483
280	0.03352847
281	0.03350369
282	0.03352160
283	0.03352108
284	0.03352667
285	0.03352492
286	0.03354155
287	0.03353199
288	0.03353390
289	0.03353164
290	0.03353442
291	0.03353417
292	0.03352245
293	0.03354435
294	0.03353577
295	0.03351675
296	0.03349792
297	0.03352827
298	0.03352311
299	0.03352021
300	0.03352383
301	0.03351268
302	0.03351619
303	0.03353520
304	0.03351752
305	0.03352649
306	0.03352341
307	0.03354042
308	0.03355431
309	0.03354337
310	0.03354604
311	0.03355534
312	0.03355429
313	0.03357293
314	0.03354289
315	0.03354680
316	0.03355249
317	0.03355522
318	0.03356422
319	0.03353872
320	0.03354954
321	0.03355099
322	0.03354189
323	0.03352994
324	0.03353169
325	0.03352976
326	0.03353176
327	0.03353541
328	0.03353962
329	0.03350600
330	0.03352715
331	0.03350842
332	0.03350968
333	0.03353540
334	0.03353039
335	0.03353208
336	0.03352399
337	0.03353228
338	0.03352749
339	0.03352735
340	0.03349956
341	0.03350971
342	0.03350611
343	0.03348511
344	0.03350429
345	0.03351895
346	0.03350599
347	0.03349754
348	0.03348232
349	0.03348940
350	0.03349286
351	0.03347966
352	0.03346495
353	0.03348266
354	0.03345801
355	0.03344129
356	0.03346187
357	0.03347902
358	0.03347645
359	0.03346587
360	0.03346595
361	0.03345886
362	0.03347669
363	0.03345812
364	0.03345667
365	0.03344033
366	0.03342558
367	0.03341502
368	0.03342690
369	0.03340187
370	0.03341337
371	0.03341635
372	0.03340107
373	0.03339265
374	0.03340132
375	0.03340645
376	0.03338271
377	0.03338508
378	0.03339444
379	0.03338730
380	0.03340076
381	0.03339590
382	0.03339973
383	0.03338980
384	0.03339654
385	0.03340444
386	0.03340715
387	0.03338467
388	0.03340672
389	0.03342247
390	0.03341928
391	0.03342548
392	0.03339207
393	0.03342146
394	0.03340665
395	0.03340009
396	0.03337214
397	0.03337699
398	0.03340204
399	0.03341720
400	0.03341868
401	0.03342276
402	0.03341150
403	0.03341753
404	0.03339821
405	0.03339821
406	0.03339898
407	0.03339079
408	0.03337248
409	0.03338902
410	0.03341348
411	0.03341065
412	0.03343150
413	0.03342002
414	0.03342933
415	0.03341910
416	0.03341957
417	0.03342694
418	0.03341232
419	0.03339775
420	0.03341150
421	0.03340869
422	0.03341011
423	0.03343569
424	0.03342144
425	0.03343251
426	0.03342201
427	0.03341586
428	0.03341337
429	0.03338442
430	0.03341714
431	0.03340663
432	0.03339859
433	0.03340490
434	0.03341127
435	0.03341316
436	0.03341429
437	0.03340590
438	0.03338691
439	0.03342332
440	0.03339231
441	0.03341223
442	0.03340414
443	0.03339028
444	0.03340040
445	0.03338246
446	0.03338552
447	0.03337526
448	0.03340292
449	0.03338234
450	0.03338932
451	0.03336444
452	0.03337984
453	0.03338695
454	0.03338199
455	0.03338295
456	0.03338639
457	0.03341121
458	0.03339173
459	0.03339323
460	0.03339934
461	0.03337924
462	0.03336911
463	0.03340013
464	0.03338221
465	0.03339580
466	0.03339550
467	0.03339678
468	0.03339297
469	0.03340662
470	0.03340765
471	0.03340691
472	0.03339050
473	0.03339810
474	0.03338427
475	0.03340003
476	0.03339064
477	0.03338344
478	0.03338587
479	0.03337038
480	0.03340348
481	0.03338901
482	0.03338539
483	0.03336800
484	0.03335208
485	0.03336507
486	0.03333723
487	0.03333504
488	0.03331596
489	0.03329924
490	0.03331193
491	0.03332700
492	0.03331562
493	0.03332455
494	0.03328009
495	0.03326491
496	0.03329771
497	0.03328033
498	0.03324604
499	0.03327461
500	0.03327743
501	0.03328395
502	0.03327067
503	0.03325674
504	0.03326702
505	0.03324411
506	0.03323287
507	0.03322344
508	0.03324452
509	0.03323998
510	0.03322318
511	0.03326014
512	0.03321801
513	0.03322159
514	0.03323561
515	0.03320272
516	0.03322238
517	0.03318733
518	0.03322002
519	0.03319100
520	0.03318982
521	0.03319006
522	0.03319435
523	0.03319614
524	0.03318871
525	0.03318753
526	0.03319268
527	0.03321107
528	0.03319494
529	0.03318543
530	0.03319423
531	0.03324034
532	0.03322810
533	0.03322621
534	0.03319749
535	0.03321369
536	0.03321312
537	0.03323353
538	0.03322650
539	0.03322964
540	0.03321488
541	0.03322346
542	0.03320783
543	0.03322532
544	0.03322654
545	0.03322931
546	0.03325999
547	0.03323571
548	0.03326371
549	0.03324708
550	0.03324253
551	0.03324472
552	0.03323580
553	0.03324557
554	0.03323735
555	0.03326579
556	0.03327392
557	0.03327547
558	0.03328817
559	0.03327906
560	0.03327766
561	0.03326638
562	0.03328987
563	0.03329166
564	0.03328238
565	0.03331453
566	0.03330516
567	0.03330506
568	0.03328795
569	0.03329740
570	0.03330909
571	0.03329599
572	0.03330261
573	0.03330010
574	0.03330613
575	0.03333021
576	0.03333643
577	0.03334415
578	0.03332349
579	0.03335181
580	0.03336644
581	0.03334551
582	0.03333397
583	0.03336158
584	0.03336657
585	0.03337191
586	0.03337289
587	0.03337919
588	0.03336051
589	0.03339571
590	0.03338083
591	0.03338415
592	0.03339709
593	0.03339174
594	0.03338888
595	0.03339013
596	0.03336088
597	0.03340140
598	0.03338787
599	0.03338057
600	0.03340629