	C:\Users\jkuzm\OneDrive - University of Massachusetts\HRSL x UMILL-PUMA Fatigue - Fatigue\Data\F01\FR3_static3.c3d _ImpedanceExport
	LMT5H
	TARGET
	ORIGINAL
ITEM	X
1	0.04037921
2	0.04038317
3	0.04038647
4	0.04035861
5	0.04030009
6	0.04027886
7	0.04026970
8	0.04027573
9	0.04027496
10	0.04027732
11	0.04027183
12	0.04026716
13	0.04026284
14	0.04026701
15	0.04026877
16	0.04028841
17	0.04026400
18	0.04027545
19	0.04026382
20	0.04026178
21	0.04027889
22	0.04027582
23	0.04026803
24	0.04026825
25	0.04027154
26	0.04027298
27	0.04027742
28	0.04027643
29	0.04027165
30	0.04028470
31	0.04027781
32	0.04028613
33	0.04027954
34	0.04028433
35	0.04027919
36	0.04027966
37	0.04027109
38	0.04027472
39	0.04030146
40	0.04030116
41	0.04029092
42	0.04031951
43	0.04029003
44	0.04028507
45	0.04027548
46	0.04028023
47	0.04030259
48	0.04029070
49	0.04029340
50	0.04030824
51	0.04030406
52	0.04030435
53	0.04030512
54	0.04031228
55	0.04029593
56	0.04031323
57	0.04030738
58	0.04031721
59	0.04031478
60	0.04031894
61	0.04030100
62	0.04030345
63	0.04028547
64	0.04029780
65	0.04027891
66	0.04027284
67	0.04028156
68	0.04026949
69	0.04027858
70	0.04027233
71	0.04027882
72	0.04026758
73	0.04025910
74	0.04027069
75	0.04025149
76	0.04025643
77	0.04024392
78	0.04024825
79	0.04024773
80	0.04025221
81	0.04025863
82	0.04023757
83	0.04025895
84	0.04025888
85	0.04027377
86	0.04025508
87	0.04025864
88	0.04025381
89	0.04024999
90	0.04024247
91	0.04024946
92	0.04025884
93	0.04024692
94	0.04024487
95	0.04023889
96	0.04023224
97	0.04023537
98	0.04025405
99	0.04023512
100	0.04024027
101	0.04023521
102	0.04023360
103	0.04022161
104	0.04022609
105	0.04020502
106	0.04020974
107	0.04021784
108	0.04021499
109	0.04021132
110	0.04023890
111	0.04020691
112	0.04021453
113	0.04022915
114	0.04020613
115	0.04022495
116	0.04022070
117	0.04022097
118	0.04021823
119	0.04022460
120	0.04020125
121	0.04019941
122	0.04020703
123	0.04020527
124	0.04019978
125	0.04019051
126	0.04019829
127	0.04019760
128	0.04020395
129	0.04020087
130	0.04020056
131	0.04018201
132	0.04019957
133	0.04019788
134	0.04019275
135	0.04019774
136	0.04020799
137	0.04020162
138	0.04020199
139	0.04019469
140	0.04020613
141	0.04019689
142	0.04019916
143	0.04019700
144	0.04021154
145	0.04020943
146	0.04020452
147	0.04020489
148	0.04020816
149	0.04020007
150	0.04022325
151	0.04022261
152	0.04020243
153	0.04021228
154	0.04020413
155	0.04020988
156	0.04020901
157	0.04021090
158	0.04022053
159	0.04021685
160	0.04021266
161	0.04021854
162	0.04022278
163	0.04021718
164	0.04021173
165	0.04020042
166	0.04021357
167	0.04020559
168	0.04020634
169	0.04019844
170	0.04020695
171	0.04019551
172	0.04020976
173	0.04021001
174	0.04020820
175	0.04019747
176	0.04020315
177	0.04020153
178	0.04021486
179	0.04021429
180	0.04022136
181	0.04020837
182	0.04022297
183	0.04022105
184	0.04021334
185	0.04021133
186	0.04020725
187	0.04022283
188	0.04021488
189	0.04021213
190	0.04021750
191	0.04021686
192	0.04022527
193	0.04020149
194	0.04021180
195	0.04021758
196	0.04021944
197	0.04022732
198	0.04022115
199	0.04022535
200	0.04022645
201	0.04022402
202	0.04024063
203	0.04023635
204	0.04024894
205	0.04024715
206	0.04023606
207	0.04024125
208	0.04025488
209	0.04025752
210	0.04024879
211	0.04025834
212	0.04024468
213	0.04025370
214	0.04026781
215	0.04026493
216	0.04026156
217	0.04026999
218	0.04024806
219	0.04025625
220	0.04025259
221	0.04025212
222	0.04022925
223	0.04025044
224	0.04023648
225	0.04023104
226	0.04024143
227	0.04024460
228	0.04022312
229	0.04023097
230	0.04022287
231	0.04022114
232	0.04021539
233	0.04022780
234	0.04022718
235	0.04022474
236	0.04023439
237	0.04021979
238	0.04023411
239	0.04022728
240	0.04023644
241	0.04022301
242	0.04022827
243	0.04022077
244	0.04021898
245	0.04022937
246	0.04022563
247	0.04021951
248	0.04020540
249	0.04022544
250	0.04020264
251	0.04020397
252	0.04020062
253	0.04020425
254	0.04019326
255	0.04018257
256	0.04019998
257	0.04020247
258	0.04021256
259	0.04020870
260	0.04019180
261	0.04020570
262	0.04021260
263	0.04021566
264	0.04021111
265	0.04021769
266	0.04022665
267	0.04022145
268	0.04021987
269	0.04020068
270	0.04021826
271	0.04022235
272	0.04021263
273	0.04020052
274	0.04021377
275	0.04019837
276	0.04020509
277	0.04020093
278	0.04020447
279	0.04019569
280	0.04018382
281	0.04018920
282	0.04019490
283	0.04020427
284	0.04021051
285	0.04019611
286	0.04020438
287	0.04019837
288	0.04022142
289	0.04020448
290	0.04020147
291	0.04020712
292	0.04019578
293	0.04021041
294	0.04020229
295	0.04021756
296	0.04019816
297	0.04020376
298	0.04019840
299	0.04020444
300	0.04020664
301	0.04020432
302	0.04020816
303	0.04020862
304	0.04021135
305	0.04021551
306	0.04020252
307	0.04021634
308	0.04022352
309	0.04021448
310	0.04021794
311	0.04022048
312	0.04022551
313	0.04021942
314	0.04022120
315	0.04022568
316	0.04021250
317	0.04021302
318	0.04022981
319	0.04023315
320	0.04022008
321	0.04022512
322	0.04022183
323	0.04021145
324	0.04020210
325	0.04021355
326	0.04022362
327	0.04022989
328	0.04022780
329	0.04022428
330	0.04021195
331	0.04021222
332	0.04021775
333	0.04022150
334	0.04022210
335	0.04022881
336	0.04023039
337	0.04022365
338	0.04022648
339	0.04022798
340	0.04022169
341	0.04021875
342	0.04021458
343	0.04021484
344	0.04020865
345	0.04020647
346	0.04020678
347	0.04020276
348	0.04020718
349	0.04021019
350	0.04019042
351	0.04019486
352	0.04018780
353	0.04017787
354	0.04017219
355	0.04015911
356	0.04017207
357	0.04016634
358	0.04017057
359	0.04015508
360	0.04015713
361	0.04014175
362	0.04014502
363	0.04013533
364	0.04014074
365	0.04012770
366	0.04013760
367	0.04014529
368	0.04013617
369	0.04014300
370	0.04015029
371	0.04014499
372	0.04015371
373	0.04014769
374	0.04015708
375	0.04015302
376	0.04015221
377	0.04014241
378	0.04014259
379	0.04014480
380	0.04014438
381	0.04013997
382	0.04014740
383	0.04014107
384	0.04014203
385	0.04013906
386	0.04012679
387	0.04013666
388	0.04015382
389	0.04014725
390	0.04013699
391	0.04013605
392	0.04012528
393	0.04013449
394	0.04013353
395	0.04012471
396	0.04013563
397	0.04012972
398	0.04013656
399	0.04014600
400	0.04014323
401	0.04015219
402	0.04015150
403	0.04014638
404	0.04014639
405	0.04014935
406	0.04013988
407	0.04015563
408	0.04014196
409	0.04013906
410	0.04012760
411	0.04013908
412	0.04014176
413	0.04013983
414	0.04014489
415	0.04013954
416	0.04014775
417	0.04014837
418	0.04015523
419	0.04015273
420	0.04013772
421	0.04015288
422	0.04014888
423	0.04017083
424	0.04017856
425	0.04016203
426	0.04015420
427	0.04018152
428	0.04016586
429	0.04016992
430	0.04015858
431	0.04016583
432	0.04015921
433	0.04016971
434	0.04015093
435	0.04015766
436	0.04013385
437	0.04016007
438	0.04013466
439	0.04014438
440	0.04013927
441	0.04014598
442	0.04014093
443	0.04013833
444	0.04013986
445	0.04016015
446	0.04015118
447	0.04013898
448	0.04014271
449	0.04012812
450	0.04013498
451	0.04013149
452	0.04013323
453	0.04015406
454	0.04013005
455	0.04014122
456	0.04012617
457	0.04013699
458	0.04011401
459	0.04011226
460	0.04011596
461	0.04012003
462	0.04012118
463	0.04011532
464	0.04012305
465	0.04012619
466	0.04012974
467	0.04012397
468	0.04012363
469	0.04012879
470	0.04013253
471	0.04014347
472	0.04013309
473	0.04012318
474	0.04012597
475	0.04012007
476	0.04013994
477	0.04013800
478	0.04014080
479	0.04012123
480	0.04012837
481	0.04011828
482	0.04012326
483	0.04010821
484	0.04010129
485	0.04009853
486	0.04010414
487	0.04009107
488	0.04009163
489	0.04007708
490	0.04008421
491	0.04007525
492	0.04008186
493	0.04007586
494	0.04007788
495	0.04008387
496	0.04008836
497	0.04006542
498	0.04005991
499	0.04008816
500	0.04007446
501	0.04006330
502	0.04007087
503	0.04006925
504	0.04007107
505	0.04006121
506	0.04006343
507	0.04004464
508	0.04004705
509	0.04005101
510	0.04003882
511	0.04002780
512	0.04003622
513	0.04002775
514	0.04003155
515	0.04002771
516	0.04002436
517	0.04000053
518	0.04001691
519	0.04001663
520	0.04001353
521	0.04001364
522	0.04000587
523	0.04003417
524	0.04001787
525	0.04000150
526	0.04000031
527	0.04000826
528	0.03999233
529	0.03999539
530	0.03998647
531	0.03998393
532	0.03999716
533	0.03998628
534	0.03999969
535	0.03998763
536	0.03998958
537	0.03999238
538	0.03999536
539	0.03998351
540	0.04000652
541	0.03999329
542	0.03999028
543	0.04000041
544	0.03998459
545	0.04000520
546	0.04000860
547	0.04001066
548	0.03999969
549	0.04001207
550	0.04001214
551	0.04001663
552	0.04002926
553	0.04001828
554	0.04002143
555	0.04002553
556	0.04002642
557	0.04002830
558	0.04004177
559	0.04003985
560	0.04004364
561	0.04003187
562	0.04005577
563	0.04005136
564	0.04003704
565	0.04003470
566	0.04004494
567	0.04004666
568	0.04004468
569	0.04004555
570	0.04005984
571	0.04006837
572	0.04006268
573	0.04008060
574	0.04006099
575	0.04007480
576	0.04008918
577	0.04009123
578	0.04009562
579	0.04008118
580	0.04009290
581	0.04009529
582	0.04010737
583	0.04010200
584	0.04009458
585	0.04012057
586	0.04013741
587	0.04010966
588	0.04010728
589	0.04012684
590	0.04011438
591	0.04012216
592	0.04011519
593	0.04012264
594	0.04011173
595	0.04011952
596	0.04011931
597	0.04013102
598	0.04011174
599	0.04012937
600	0.04013614