	C:\Users\jkuzm\OneDrive - University of Massachusetts\HRSL x UMILL-PUMA Fatigue - Fatigue\Data\F01\FR3_static3.c3d _ImpedanceExport
	RMT5H
	TARGET
	ORIGINAL
ITEM	Y
1	0.42645472
2	0.42647028
3	0.42642996
4	0.42643347
5	0.42642623
6	0.42643461
7	0.42647046
8	0.42644146
9	0.42644817
10	0.42642722
11	0.42640138
12	0.42640424
13	0.42642736
14	0.42639491
15	0.42642972
16	0.42639828
17	0.42640734
18	0.42637217
19	0.42638600
20	0.42639676
21	0.42638656
22	0.42638189
23	0.42639497
24	0.42635801
25	0.42639795
26	0.42635763
27	0.42637092
28	0.42635250
29	0.42630890
30	0.42632496
31	0.42633107
32	0.42634177
33	0.42633221
34	0.42632604
35	0.42634448
36	0.42633161
37	0.42632329
38	0.42628020
39	0.42627272
40	0.42629883
41	0.42628849
42	0.42628694
43	0.42628410
44	0.42626396
45	0.42627996
46	0.42624849
47	0.42626694
48	0.42626339
49	0.42627448
50	0.42624232
51	0.42624059
52	0.42623106
53	0.42621627
54	0.42622241
55	0.42624006
56	0.42623746
57	0.42624733
58	0.42625633
59	0.42622641
60	0.42622945
61	0.42622170
62	0.42626622
63	0.42622629
64	0.42627850
65	0.42626774
66	0.42627686
67	0.42628869
68	0.42626554
69	0.42628470
70	0.42626101
71	0.42626420
72	0.42628628
73	0.42628697
74	0.42630407
75	0.42630839
76	0.42633250
77	0.42633370
78	0.42633304
79	0.42630586
80	0.42633733
81	0.42632860
82	0.42634410
83	0.42634827
84	0.42630622
85	0.42634252
86	0.42634109
87	0.42634505
88	0.42636138
89	0.42629519
90	0.42635322
91	0.42631787
92	0.42630175
93	0.42633364
94	0.42629975
95	0.42630661
96	0.42629620
97	0.42632198
98	0.42633167
99	0.42634043
100	0.42632723
101	0.42630929
102	0.42633051
103	0.42633757
104	0.42633530
105	0.42635447
106	0.42637497
107	0.42634693
108	0.42638278
109	0.42638326
110	0.42638195
111	0.42640397
112	0.42642272
113	0.42638415
114	0.42638862
115	0.42640084
116	0.42639932
117	0.42639738
118	0.42642593
119	0.42642662
120	0.42644081
121	0.42644614
122	0.42645693
123	0.42645690
124	0.42645091
125	0.42644131
126	0.42646021
127	0.42647523
128	0.42642620
129	0.42642421
130	0.42646733
131	0.42646992
132	0.42646161
133	0.42646745
134	0.42644447
135	0.42644322
136	0.42642686
137	0.42645594
138	0.42639059
139	0.42645103
140	0.42642260
141	0.42642918
142	0.42642501
143	0.42643505
144	0.42641059
145	0.42642576
146	0.42641535
147	0.42637128
148	0.42641726
149	0.42638716
150	0.42640612
151	0.42638949
152	0.42642325
153	0.42641979
154	0.42642352
155	0.42639747
156	0.42636997
157	0.42638218
158	0.42635697
159	0.42634207
160	0.42635491
161	0.42634207
162	0.42635846
163	0.42637113
164	0.42637303
165	0.42639431
166	0.42642337
167	0.42636529
168	0.42638606
169	0.42640474
170	0.42634344
171	0.42636943
172	0.42637622
173	0.42636287
174	0.42638034
175	0.42637199
176	0.42642117
177	0.42638385
178	0.42640376
179	0.42642361
180	0.42638656
181	0.42636704
182	0.42637220
183	0.42637557
184	0.42639726
185	0.42639908
186	0.42638114
187	0.42640769
188	0.42641783
189	0.42638162
190	0.42636964
191	0.42634735
192	0.42634603
193	0.42634526
194	0.42636958
195	0.42635259
196	0.42634413
197	0.42635390
198	0.42635742
199	0.42634901
200	0.42636833
201	0.42633426
202	0.42632118
203	0.42633492
204	0.42631769
205	0.42628530
206	0.42629796
207	0.42635515
208	0.42632058
209	0.42632258
210	0.42632475
211	0.42632267
212	0.42632842
213	0.42636883
214	0.42629826
215	0.42633227
216	0.42632604
217	0.42631415
218	0.42634735
219	0.42639324
220	0.42638975
221	0.42637265
222	0.42636654
223	0.42640460
224	0.42638478
225	0.42639211
226	0.42634797
227	0.42635781
228	0.42637271
229	0.42635831
230	0.42641729
231	0.42638615
232	0.42641571
233	0.42642301
234	0.42642015
235	0.42641523
236	0.42638341
237	0.42640099
238	0.42639235
239	0.42640427
240	0.42642844
241	0.42641604
242	0.42642802
243	0.42642951
244	0.42641240
245	0.42641571
246	0.42642465
247	0.42641595
248	0.42640325
249	0.42640477
250	0.42642251
251	0.42640457
252	0.42642069
253	0.42639586
254	0.42643526
255	0.42643768
256	0.42644799
257	0.42641568
258	0.42638174
259	0.42639667
260	0.42641139
261	0.42640942
262	0.42639557
263	0.42639977
264	0.42642051
265	0.42641714
266	0.42645219
267	0.42641011
268	0.42644250
269	0.42641214
270	0.42638984
271	0.42639440
272	0.42639121
273	0.42639697
274	0.42640862
275	0.42639875
276	0.42641461
277	0.42642480
278	0.42640111
279	0.42643401
280	0.42643765
281	0.42642331
282	0.42639935
283	0.42643255
284	0.42641923
285	0.42643988
286	0.42639956
287	0.42644185
288	0.42643049
289	0.42639166
290	0.42640474
291	0.42640120
292	0.42638958
293	0.42638317
294	0.42637172
295	0.42638895
296	0.42639694
297	0.42636442
298	0.42639422
299	0.42641339
300	0.42637530
301	0.42638528
302	0.42636904
303	0.42636138
304	0.42634419
305	0.42632538
306	0.42638013
307	0.42633951
308	0.42635751
309	0.42634758
310	0.42635682
311	0.42638889
312	0.42636037
313	0.42635480
314	0.42633730
315	0.42633173
316	0.42634961
317	0.42633775
318	0.42636546
319	0.42636609
320	0.42639512
321	0.42635223
322	0.42637640
323	0.42640224
324	0.42637593
325	0.42635781
326	0.42632136
327	0.42637107
328	0.42631888
329	0.42632189
330	0.42636958
331	0.42634687
332	0.42636478
333	0.42634928
334	0.42632380
335	0.42635837
336	0.42633253
337	0.42634940
338	0.42636907
339	0.42633703
340	0.42639229
341	0.42637444
342	0.42640516
343	0.42638621
344	0.42639801
345	0.42642760
346	0.42639062
347	0.42639661
348	0.42639345
349	0.42639571
350	0.42640314
351	0.42641056
352	0.42641410
353	0.42641222
354	0.42644641
355	0.42647651
356	0.42644197
357	0.42645031
358	0.42644346
359	0.42643967
360	0.42643401
361	0.42644784
362	0.42644036
363	0.42648178
364	0.42649600
365	0.42648628
366	0.42648679
367	0.42648369
368	0.42649224
369	0.42647353
370	0.42645571
371	0.42649952
372	0.42646617
373	0.42651206
374	0.42653140
375	0.42655057
376	0.42656556
377	0.42656186
378	0.42655486
379	0.42655942
380	0.42652166
381	0.42653188
382	0.42653424
383	0.42657131
384	0.42655566
385	0.42655146
386	0.42654273
387	0.42658871
388	0.42651367
389	0.42651266
390	0.42651662
391	0.42650214
392	0.42652726
393	0.42653814
394	0.42651835
395	0.42651480
396	0.42651412
397	0.42652211
398	0.42654791
399	0.42653105
400	0.42650375
401	0.42648640
402	0.42648268
403	0.42650348
404	0.42650670
405	0.42653209
406	0.42651716
407	0.42652595
408	0.42649713
409	0.42653850
410	0.42652607
411	0.42653486
412	0.42649686
413	0.42650956
414	0.42650077
415	0.42647576
416	0.42652515
417	0.42650807
418	0.42651764
419	0.42656222
420	0.42653003
421	0.42652592
422	0.42652988
423	0.42649695
424	0.42650938
425	0.42651251
426	0.42651412
427	0.42647457
428	0.42649695
429	0.42652106
430	0.42650926
431	0.42656100
432	0.42654660
433	0.42655456
434	0.42650932
435	0.42647782
436	0.42649522
437	0.42648736
438	0.42650610
439	0.42650896
440	0.42651135
441	0.42650425
442	0.42652944
443	0.42651224
444	0.42650729
445	0.42650631
446	0.42649078
447	0.42647788
448	0.42649499
449	0.42651939
450	0.42649588
451	0.42651132
452	0.42650062
453	0.42650783
454	0.42654121
455	0.42650640
456	0.42649171
457	0.42648005
458	0.42648232
459	0.42649832
460	0.42647240
461	0.42646635
462	0.42645535
463	0.42647028
464	0.42645577
465	0.42648280
466	0.42645109
467	0.42646125
468	0.42644617
469	0.42644620
470	0.42643654
471	0.42643315
472	0.42644757
473	0.42643219
474	0.42646357
475	0.42649141
476	0.42647830
477	0.42651021
478	0.42649674
479	0.42647973
480	0.42649376
481	0.42648816
482	0.42652369
483	0.42652172
484	0.42653772
485	0.42654917
486	0.42656180
487	0.42660913
488	0.42660496
489	0.42659006
490	0.42658901
491	0.42659310
492	0.42660549
493	0.42658746
494	0.42660245
495	0.42660993
496	0.42662472
497	0.42663056
498	0.42663607
499	0.42667431
500	0.42664662
501	0.42661545
502	0.42663041
503	0.42661616
504	0.42662555
505	0.42670056
506	0.42670467
507	0.42668974
508	0.42671233
509	0.42674211
510	0.42674905
511	0.42669126
512	0.42669356
513	0.42670909
514	0.42674810
515	0.42673287
516	0.42674875
517	0.42676470
518	0.42677021
519	0.42678168
520	0.42678276
521	0.42681131
522	0.42681804
523	0.42676947
524	0.42679340
525	0.42679495
526	0.42680287
527	0.42679203
528	0.42684445
529	0.42682904
530	0.42679694
531	0.42685267
532	0.42677671
533	0.42681700
534	0.42681700
535	0.42679998
536	0.42678463
537	0.42678809
538	0.42680725
539	0.42681485
540	0.42680141
541	0.42679393
542	0.42679694
543	0.42682433
544	0.42676446
545	0.42681232
546	0.42678395
547	0.42676792
548	0.42674702
549	0.42679101
550	0.42675164
551	0.42675713
552	0.42678580
553	0.42676529
554	0.42675552
555	0.42673394
556	0.42673776
557	0.42671403
558	0.42671090
559	0.42670241
560	0.42671546
561	0.42674902
562	0.42673901
563	0.42672774
564	0.42673421
565	0.42672610
566	0.42669880
567	0.42668232
568	0.42668977
569	0.42669114
570	0.42668858
571	0.42667919
572	0.42666435
573	0.42668080
574	0.42667758
575	0.42670792
576	0.42667538
577	0.42666057
578	0.42667198
579	0.42663214
580	0.42664862
581	0.42663103
582	0.42664406
583	0.42661661
584	0.42662472
585	0.42662674
586	0.42662698
587	0.42661059
588	0.42660227
589	0.42657447
590	0.42656264
591	0.42656353
592	0.42654467
593	0.42655611
594	0.42654672
595	0.42657363
596	0.42660004
597	0.42661974
598	0.42657822
599	0.42656979
600	0.42657116