	C:\Users\jkuzm\OneDrive - University of Massachusetts\HRSL x UMILL-PUMA Fatigue - Fatigue\Data\F01\FR3_static3.c3d _ImpedanceExport
	LMT5H
	TARGET
	ORIGINAL
ITEM	Z
1	0.03375234
2	0.03375635
3	0.03375995
4	0.03417629
5	0.03412252
6	0.03413574
7	0.03413015
8	0.03410548
9	0.03412884
10	0.03411587
11	0.03413355
12	0.03414293
13	0.03410676
14	0.03411614
15	0.03411910
16	0.03411401
17	0.03410618
18	0.03412252
19	0.03411217
20	0.03411234
21	0.03413229
22	0.03413104
23	0.03414366
24	0.03415451
25	0.03412705
26	0.03413874
27	0.03414435
28	0.03413345
29	0.03411399
30	0.03412165
31	0.03412518
32	0.03414303
33	0.03412510
34	0.03412323
35	0.03414779
36	0.03413768
37	0.03413288
38	0.03415897
39	0.03412608
40	0.03417071
41	0.03413018
42	0.03411562
43	0.03414293
44	0.03411669
45	0.03414768
46	0.03415720
47	0.03414157
48	0.03414956
49	0.03415071
50	0.03411808
51	0.03414700
52	0.03414824
53	0.03416684
54	0.03414958
55	0.03413886
56	0.03413213
57	0.03412910
58	0.03413329
59	0.03413150
60	0.03413730
61	0.03415227
62	0.03411071
63	0.03414577
64	0.03411164
65	0.03414021
66	0.03414118
67	0.03413659
68	0.03414409
69	0.03413178
70	0.03413117
71	0.03408950
72	0.03408897
73	0.03413447
74	0.03412453
75	0.03412084
76	0.03409752
77	0.03412093
78	0.03412505
79	0.03412075
80	0.03412629
81	0.03410074
82	0.03409849
83	0.03407095
84	0.03411279
85	0.03406672
86	0.03410152
87	0.03410877
88	0.03411560
89	0.03409141
90	0.03410777
91	0.03409317
92	0.03410979
93	0.03409957
94	0.03409221
95	0.03409332
96	0.03409671
97	0.03409502
98	0.03405263
99	0.03409082
100	0.03408955
101	0.03406931
102	0.03409466
103	0.03407728
104	0.03405584
105	0.03409782
106	0.03407303
107	0.03407899
108	0.03407139
109	0.03404954
110	0.03408972
111	0.03409585
112	0.03408120
113	0.03405053
114	0.03406072
115	0.03406426
116	0.03405787
117	0.03406617
118	0.03406584
119	0.03405550
120	0.03406896
121	0.03407307
122	0.03406499
123	0.03406958
124	0.03408478
125	0.03407507
126	0.03405753
127	0.03405190
128	0.03405386
129	0.03404953
130	0.03405572
131	0.03403494
132	0.03405471
133	0.03407129
134	0.03404217
135	0.03407036
136	0.03404575
137	0.03407324
138	0.03407468
139	0.03406721
140	0.03405888
141	0.03404652
142	0.03407474
143	0.03406677
144	0.03407994
145	0.03407514
146	0.03407273
147	0.03406623
148	0.03408246
149	0.03408252
150	0.03407038
151	0.03407983
152	0.03407391
153	0.03405889
154	0.03408000
155	0.03404807
156	0.03407970
157	0.03407852
158	0.03405954
159	0.03404485
160	0.03404863
161	0.03406138
162	0.03406184
163	0.03405474
164	0.03405989
165	0.03406360
166	0.03407914
167	0.03405144
168	0.03404916
169	0.03406855
170	0.03407022
171	0.03405201
172	0.03405619
173	0.03405862
174	0.03404834
175	0.03407634
176	0.03406241
177	0.03408126
178	0.03406782
179	0.03408885
180	0.03410963
181	0.03408373
182	0.03408587
183	0.03409231
184	0.03406692
185	0.03407410
186	0.03407723
187	0.03407391
188	0.03408722
189	0.03407568
190	0.03408916
191	0.03410996
192	0.03410560
193	0.03407706
194	0.03409489
195	0.03410943
196	0.03409103
197	0.03409787
198	0.03408629
199	0.03410273
200	0.03408588
201	0.03410680
202	0.03409041
203	0.03410743
204	0.03411039
205	0.03411554
206	0.03412448
207	0.03411756
208	0.03411224
209	0.03413298
210	0.03411710
211	0.03415194
212	0.03413780
213	0.03414882
214	0.03411677
215	0.03411949
216	0.03411148
217	0.03408303
218	0.03410461
219	0.03411293
220	0.03411870
221	0.03410359
222	0.03409513
223	0.03410201
224	0.03411208
225	0.03412871
226	0.03411093
227	0.03411354
228	0.03410394
229	0.03408743
230	0.03410925
231	0.03410421
232	0.03410016
233	0.03410603
234	0.03409217
235	0.03406350
236	0.03409818
237	0.03409926
238	0.03408664
239	0.03411583
240	0.03409085
241	0.03408715
242	0.03407392
243	0.03409490
244	0.03407003
245	0.03407911
246	0.03408829
247	0.03405971
248	0.03408596
249	0.03409142
250	0.03409081
251	0.03410277
252	0.03410111
253	0.03408317
254	0.03409223
255	0.03410749
256	0.03409285
257	0.03409180
258	0.03408566
259	0.03408198
260	0.03409016
261	0.03409047
262	0.03408176
263	0.03408672
264	0.03408856
265	0.03409968
266	0.03409071
267	0.03407634
268	0.03408754
269	0.03407086
270	0.03409752
271	0.03408572
272	0.03406394
273	0.03408317
274	0.03408137
275	0.03408245
276	0.03407234
277	0.03408368
278	0.03409438
279	0.03409619
280	0.03408004
281	0.03410299
282	0.03407659
283	0.03409694
284	0.03407814
285	0.03409595
286	0.03407403
287	0.03408231
288	0.03410448
289	0.03408591
290	0.03409430
291	0.03410575
292	0.03408824
293	0.03407454
294	0.03408506
295	0.03408408
296	0.03407047
297	0.03408378
298	0.03408668
299	0.03408014
300	0.03408058
301	0.03408993
302	0.03409193
303	0.03408169
304	0.03410789
305	0.03410955
306	0.03408354
307	0.03412757
308	0.03409322
309	0.03410523
310	0.03409500
311	0.03410969
312	0.03410970
313	0.03410586
314	0.03413374
315	0.03412287
316	0.03410745
317	0.03412073
318	0.03413598
319	0.03411944
320	0.03409596
321	0.03411359
322	0.03412988
323	0.03412443
324	0.03413263
325	0.03409331
326	0.03412555
327	0.03412196
328	0.03411309
329	0.03410951
330	0.03411295
331	0.03412231
332	0.03409787
333	0.03409917
334	0.03410633
335	0.03410632
336	0.03412229
337	0.03411756
338	0.03409167
339	0.03410355
340	0.03409876
341	0.03409400
342	0.03409871
343	0.03408716
344	0.03407712
345	0.03410550
346	0.03406810
347	0.03408751
348	0.03406613
349	0.03407933
350	0.03406538
351	0.03407336
352	0.03405879
353	0.03406954
354	0.03407601
355	0.03406697
356	0.03409376
357	0.03406678
358	0.03407807
359	0.03405168
360	0.03404187
361	0.03404267
362	0.03401716
363	0.03403820
364	0.03404546
365	0.03403573
366	0.03404577
367	0.03404824
368	0.03406525
369	0.03405224
370	0.03405688
371	0.03402825
372	0.03402773
373	0.03403727
374	0.03405855
375	0.03403999
376	0.03404955
377	0.03406642
378	0.03405127
379	0.03405126
380	0.03400737
381	0.03403569
382	0.03404591
383	0.03402689
384	0.03402876
385	0.03402343
386	0.03402811
387	0.03403166
388	0.03403164
389	0.03402184
390	0.03404544
391	0.03404254
392	0.03404077
393	0.03403172
394	0.03401259
395	0.03404938
396	0.03404478
397	0.03405873
398	0.03404051
399	0.03406181
400	0.03402169
401	0.03404449
402	0.03404085
403	0.03404961
404	0.03402787
405	0.03406784
406	0.03403265
407	0.03404330
408	0.03404974
409	0.03405803
410	0.03405129
411	0.03405776
412	0.03406094
413	0.03405099
414	0.03406068
415	0.03404026
416	0.03405071
417	0.03405439
418	0.03404113
419	0.03405552
420	0.03404461
421	0.03406667
422	0.03405697
423	0.03407352
424	0.03408412
425	0.03407451
426	0.03407738
427	0.03406713
428	0.03406040
429	0.03406067
430	0.03406063
431	0.03406990
432	0.03405348
433	0.03405004
434	0.03406036
435	0.03406508
436	0.03406416
437	0.03407226
438	0.03404498
439	0.03405626
440	0.03407261
441	0.03406817
442	0.03405588
443	0.03406069
444	0.03407091
445	0.03408166
446	0.03405255
447	0.03407843
448	0.03405562
449	0.03408018
450	0.03407195
451	0.03406411
452	0.03406410
453	0.03407551
454	0.03406424
455	0.03406025
456	0.03406950
457	0.03405353
458	0.03404591
459	0.03405537
460	0.03403752
461	0.03404741
462	0.03403087
463	0.03405071
464	0.03403988
465	0.03406247
466	0.03405653
467	0.03404951
468	0.03405885
469	0.03405757
470	0.03406321
471	0.03405463
472	0.03405458
473	0.03405479
474	0.03405997
475	0.03405547
476	0.03406591
477	0.03404840
478	0.03406279
479	0.03406998
480	0.03406006
481	0.03405569
482	0.03404422
483	0.03404063
484	0.03405355
485	0.03402726
486	0.03403805
487	0.03403766
488	0.03402146
489	0.03404035
490	0.03405762
491	0.03401392
492	0.03401873
493	0.03402891
494	0.03399914
495	0.03402776
496	0.03401715
497	0.03401310
498	0.03400059
499	0.03402137
500	0.03400803
501	0.03401600
502	0.03401873
503	0.03399647
504	0.03398195
505	0.03397403
506	0.03397198
507	0.03396592
508	0.03396328
509	0.03398169
510	0.03398675
511	0.03397559
512	0.03398606
513	0.03397405
514	0.03398478
515	0.03396044
516	0.03396710
517	0.03395340
518	0.03395072
519	0.03398890
520	0.03395577
521	0.03396662
522	0.03395805
523	0.03395888
524	0.03397578
525	0.03394593
526	0.03396602
527	0.03394749
528	0.03397389
529	0.03394138
530	0.03394592
531	0.03395377
532	0.03395537
533	0.03394772
534	0.03396149
535	0.03395731
536	0.03395695
537	0.03393606
538	0.03395667
539	0.03394181
540	0.03396695
541	0.03397129
542	0.03394988
543	0.03396795
544	0.03395328
545	0.03395180
546	0.03395480
547	0.03397148
548	0.03397704
549	0.03396164
550	0.03396001
551	0.03396804
552	0.03397280
553	0.03397941
554	0.03395476
555	0.03394595
556	0.03398210
557	0.03397828
558	0.03396536
559	0.03400060
560	0.03396212
561	0.03397836
562	0.03396901
563	0.03400558
564	0.03399173
565	0.03399166
566	0.03399127
567	0.03397770
568	0.03398002
569	0.03399093
570	0.03400886
571	0.03399015
572	0.03401413
573	0.03401140
574	0.03400231
575	0.03400351
576	0.03402093
577	0.03402727
578	0.03400853
579	0.03402639
580	0.03402379
581	0.03402129
582	0.03402487
583	0.03402172
584	0.03402539
585	0.03401691
586	0.03402689
587	0.03404706
588	0.03402707
589	0.03403429
590	0.03404342
591	0.03402528
592	0.03404293
593	0.03402813
594	0.03402197
595	0.03402336
596	0.03404002
597	0.03402548
598	0.03404196
599	0.03402593
600	0.03403634