	C:\Users\jkuzm\OneDrive - University of Massachusetts\HRSL x UMILL-PUMA Fatigue - Fatigue\Data\F01\FR3_static3.c3d _ImpedanceExport
	RCAL1
	TARGET
	ORIGINAL
ITEM	X
1	0.44427305
2	0.44428250
3	0.44428214
4	0.44428414
5	0.44427696
6	0.44428620
7	0.44427422
8	0.44427425
9	0.44425532
10	0.44427153
11	0.44426644
12	0.44426110
13	0.44425422
14	0.44425634
15	0.44425982
16	0.44425902
17	0.44425401
18	0.44426355
19	0.44426394
20	0.44426599
21	0.44425824
22	0.44425857
23	0.44428515
24	0.44426590
25	0.44425893
26	0.44426870
27	0.44424835
28	0.44424468
29	0.44423512
30	0.44425365
31	0.44426164
32	0.44423452
33	0.44424343
34	0.44423819
35	0.44422626
36	0.44421279
37	0.44422159
38	0.44422257
39	0.44421926
40	0.44422150
41	0.44420144
42	0.44420442
43	0.44424590
44	0.44422790
45	0.44423610
46	0.44424644
47	0.44422221
48	0.44423419
49	0.44422668
50	0.44422814
51	0.44422013
52	0.44422287
53	0.44423607
54	0.44422123
55	0.44422546
56	0.44424295
57	0.44423530
58	0.44425455
59	0.44426218
60	0.44426504
61	0.44424686
62	0.44424358
63	0.44424400
64	0.44425863
65	0.44425091
66	0.44422781
67	0.44424987
68	0.44424945
69	0.44423413
70	0.44425124
71	0.44426286
72	0.44425210
73	0.44425765
74	0.44426003
75	0.44426346
76	0.44427088
77	0.44427958
78	0.44427323
79	0.44428393
80	0.44427416
81	0.44428301
82	0.44427356
83	0.44429532
84	0.44427744
85	0.44427994
86	0.44426814
87	0.44427311
88	0.44426000
89	0.44425312
90	0.44426706
91	0.44425875
92	0.44425496
93	0.44425240
94	0.44425121
95	0.44425175
96	0.44425243
97	0.44425607
98	0.44425923
99	0.44426608
100	0.44427067
101	0.44428894
102	0.44428790
103	0.44428077
104	0.44429821
105	0.44430670
106	0.44430277
107	0.44431052
108	0.44430211
109	0.44429779
110	0.44427952
111	0.44430050
112	0.44431424
113	0.44428319
114	0.44425958
115	0.44429272
116	0.44429010
117	0.44429699
118	0.44429967
119	0.44429025
120	0.44428846
121	0.44430143
122	0.44429272
123	0.44431382
124	0.44431767
125	0.44430304
126	0.44430426
127	0.44430885
128	0.44429666
129	0.44431192
130	0.44429001
131	0.44431126
132	0.44429830
133	0.44430616
134	0.44430202
135	0.44427237
136	0.44428414
137	0.44426438
138	0.44426876
139	0.44430280
140	0.44427231
141	0.44427472
142	0.44426206
143	0.44426024
144	0.44426697
145	0.44426924
146	0.44425267
147	0.44426075
148	0.44427279
149	0.44425058
150	0.44425902
151	0.44425908
152	0.44424969
153	0.44424772
154	0.44425845
155	0.44424611
156	0.44422871
157	0.44425702
158	0.44422942
159	0.44426402
160	0.44426900
161	0.44426861
162	0.44426766
163	0.44426933
164	0.44427523
165	0.44428724
166	0.44424635
167	0.44427317
168	0.44427282
169	0.44426277
170	0.44425106
171	0.44426736
172	0.44425407
173	0.44427195
174	0.44426033
175	0.44426098
176	0.44425648
177	0.44425747
178	0.44424817
179	0.44426861
180	0.44426373
181	0.44426858
182	0.44424623
183	0.44425097
184	0.44425952
185	0.44425091
186	0.44426998
187	0.44426885
188	0.44426948
189	0.44425076
190	0.44424793
191	0.44426033
192	0.44425389
193	0.44425395
194	0.44424072
195	0.44424173
196	0.44423935
197	0.44423425
198	0.44423860
199	0.44424570
200	0.44423610
201	0.44424871
202	0.44425729
203	0.44424203
204	0.44425410
205	0.44425994
206	0.44424829
207	0.44424728
208	0.44425735
209	0.44425267
210	0.44425705
211	0.44427329
212	0.44426256
213	0.44428283
214	0.44424731
215	0.44424230
216	0.44425255
217	0.44423598
218	0.44424808
219	0.44426346
220	0.44424006
221	0.44425237
222	0.44426969
223	0.44426548
224	0.44429553
225	0.44428799
226	0.44428033
227	0.44428995
228	0.44428533
229	0.44432634
230	0.44430819
231	0.44433403
232	0.44431272
233	0.44431168
234	0.44429418
235	0.44429165
236	0.44428906
237	0.44429308
238	0.44428805
239	0.44429642
240	0.44429424
241	0.44428515
242	0.44428417
243	0.44428363
244	0.44427377
245	0.44427019
246	0.44428512
247	0.44428730
248	0.44426987
249	0.44429019
250	0.44428781
251	0.44429156
252	0.44427779
253	0.44428119
254	0.44426557
255	0.44425809
256	0.44426152
257	0.44425142
258	0.44424084
259	0.44425234
260	0.44423181
261	0.44424701
262	0.44422868
263	0.44423786
264	0.44424906
265	0.44423860
266	0.44424209
267	0.44425419
268	0.44423747
269	0.44422746
270	0.44420972
271	0.44423121
272	0.44423810
273	0.44422024
274	0.44423413
275	0.44423375
276	0.44424459
277	0.44422591
278	0.44424853
279	0.44421700
280	0.44422972
281	0.44425994
282	0.44424209
283	0.44423673
284	0.44423500
285	0.44424605
286	0.44423103
287	0.44426063
288	0.44423437
289	0.44424859
290	0.44422525
291	0.44423392
292	0.44423541
293	0.44424233
294	0.44423133
295	0.44421703
296	0.44422621
297	0.44421411
298	0.44421875
299	0.44420397
300	0.44419491
301	0.44418269
302	0.44418278
303	0.44419882
304	0.44420490
305	0.44418877
306	0.44420615
307	0.44421002
308	0.44421431
309	0.44420782
310	0.44421890
311	0.44423780
312	0.44423157
313	0.44423157
314	0.44426021
315	0.44425139
316	0.44424605
317	0.44425809
318	0.44426116
319	0.44425651
320	0.44425198
321	0.44424585
322	0.44422415
323	0.44423366
324	0.44421062
325	0.44423175
326	0.44423205
327	0.44422537
328	0.44421530
329	0.44423079
330	0.44422445
331	0.44422907
332	0.44421348
333	0.44421837
334	0.44422632
335	0.44423857
336	0.44424045
337	0.44424254
338	0.44425833
339	0.44423530
340	0.44423360
341	0.44424173
342	0.44425339
343	0.44423336
344	0.44425425
345	0.44424477
346	0.44422796
347	0.44423941
348	0.44423962
349	0.44422477
350	0.44423300
351	0.44421718
352	0.44423079
353	0.44422701
354	0.44423711
355	0.44423145
356	0.44421926
357	0.44423893
358	0.44423580
359	0.44422865
360	0.44423434
361	0.44423592
362	0.44423562
363	0.44423452
364	0.44423303
365	0.44421935
366	0.44422874
367	0.44421661
368	0.44420114
369	0.44420746
370	0.44420132
371	0.44420037
372	0.44419956
373	0.44418669
374	0.44420588
375	0.44418892
376	0.44418955
377	0.44418374
378	0.44419926
379	0.44418696
380	0.44419783
381	0.44420880
382	0.44418985
383	0.44419938
384	0.44420999
385	0.44419387
386	0.44418669
387	0.44418257
388	0.44416729
389	0.44418415
390	0.44417077
391	0.44418550
392	0.44418612
393	0.44417003
394	0.44417667
395	0.44416979
396	0.44415417
397	0.44416472
398	0.44416243
399	0.44418257
400	0.44415939
401	0.44415647
402	0.44413090
403	0.44414163
404	0.44414645
405	0.44414684
406	0.44414666
407	0.44415125
408	0.44416305
409	0.44415343
410	0.44415563
411	0.44417793
412	0.44416243
413	0.44414896
414	0.44417307
415	0.44417125
416	0.44416907
417	0.44416955
418	0.44417268
419	0.44416395
420	0.44417194
421	0.44417155
422	0.44416669
423	0.44415435
424	0.44416410
425	0.44413695
426	0.44414428
427	0.44414216
428	0.44414866
429	0.44414097
430	0.44413891
431	0.44414309
432	0.44415122
433	0.44415775
434	0.44414580
435	0.44413018
436	0.44412416
437	0.44410536
438	0.44413593
439	0.44412684
440	0.44413197
441	0.44413075
442	0.44412124
443	0.44413006
444	0.44410399
445	0.44409576
446	0.44408655
447	0.44406942
448	0.44408315
449	0.44406787
450	0.44403091
451	0.44402587
452	0.44401070
453	0.44399834
454	0.44399166
455	0.44399014
456	0.44396707
457	0.44395772
458	0.44395539
459	0.44394419
460	0.44392911
461	0.44393942
462	0.44392580
463	0.44391534
464	0.44391948
465	0.44392443
466	0.44389480
467	0.44392899
468	0.44390631
469	0.44393450
470	0.44393685
471	0.44395360
472	0.44395447
473	0.44396162
474	0.44396901
475	0.44397163
476	0.44397253
477	0.44398609
478	0.44396731
479	0.44399005
480	0.44397038
481	0.44399241
482	0.44399917
483	0.44399676
484	0.44400555
485	0.44401631
486	0.44401598
487	0.44402665
488	0.44402060
489	0.44403657
490	0.44403327
491	0.44402727
492	0.44403070
493	0.44400355
494	0.44403580
495	0.44401816
496	0.44404730
497	0.44403565
498	0.44403586
499	0.44404796
500	0.44403693
501	0.44406444
502	0.44406199
503	0.44405910
504	0.44406343
505	0.44407541
506	0.44409493
507	0.44409239
508	0.44410256
509	0.44410264
510	0.44409245
511	0.44412047
512	0.44409710
513	0.44411924
514	0.44412202
515	0.44412470
516	0.44410843
517	0.44413742
518	0.44413590
519	0.44412482
520	0.44413623
521	0.44414306
522	0.44415003
523	0.44415155
524	0.44416407
525	0.44416875
526	0.44415477
527	0.44416910
528	0.44417131
529	0.44416997
530	0.44418895
531	0.44418624
532	0.44418558
533	0.44419995
534	0.44420910
535	0.44419116
536	0.44420445
537	0.44421837
538	0.44420674
539	0.44420460
540	0.44420737
541	0.44418687
542	0.44419393
543	0.44421658
544	0.44421330
545	0.44420207
546	0.44419739
547	0.44421819
548	0.44420543
549	0.44422415
550	0.44419864
551	0.44421571
552	0.44421497
553	0.44421718
554	0.44421273
555	0.44420576
556	0.44421548
557	0.44420946
558	0.44421181
559	0.44421291
560	0.44423297
561	0.44422543
562	0.44422477
563	0.44420871
564	0.44422668
565	0.44421345
566	0.44422641
567	0.44423491
568	0.44423002
569	0.44421694
570	0.44422570
571	0.44421399
572	0.44422108
573	0.44422016
574	0.44422209
575	0.44422230
576	0.44422096
577	0.44421759
578	0.44423470
579	0.44423336
580	0.44421858
581	0.44422248
582	0.44422588
583	0.44421303
584	0.44421437
585	0.44422492
586	0.44421992
587	0.44420674
588	0.44421837
589	0.44424471
590	0.44422391
591	0.44425735
592	0.44424397
593	0.44424814
594	0.44427237
595	0.44426432
596	0.44428289
597	0.44428185
598	0.44428661
599	0.44426697
600	0.44429460