	C:\Users\jkuzm\OneDrive - University of Massachusetts\HRSL x UMILL-PUMA Fatigue - Fatigue\Data\F01\FR3_static3.c3d _ImpedanceExport
	LCAL3
	TARGET
	ORIGINAL
ITEM	X
1	0.09154493
2	0.09154885
3	0.09154307
4	0.09155170
5	0.09150381
6	0.09150784
7	0.09149402
8	0.09147293
9	0.09150492
10	0.09147841
11	0.09149572
12	0.09149234
13	0.09148406
14	0.09147765
15	0.09150676
16	0.09147005
17	0.09147201
18	0.09146677
19	0.09145118
20	0.09145369
21	0.09147296
22	0.09147275
23	0.09147227
24	0.09146164
25	0.09147421
26	0.09145889
27	0.09147506
28	0.09148230
29	0.09145786
30	0.09147560
31	0.09144861
32	0.09145079
33	0.09146429
34	0.09144037
35	0.09145772
36	0.09143391
37	0.09145889
38	0.09145100
39	0.09144127
40	0.09144365
41	0.09144816
42	0.09144190
43	0.09143294
44	0.09144658
45	0.09141760
46	0.09143712
47	0.09143688
48	0.09143421
49	0.09143716
50	0.09143028
51	0.09143690
52	0.09143018
53	0.09144183
54	0.09143982
55	0.09143353
56	0.09142733
57	0.09142905
58	0.09144561
59	0.09143122
60	0.09143348
61	0.09143117
62	0.09143941
63	0.09143831
64	0.09142707
65	0.09141067
66	0.09139816
67	0.09141199
68	0.09141579
69	0.09142322
70	0.09142613
71	0.09142925
72	0.09141745
73	0.09142628
74	0.09141678
75	0.09141780
76	0.09140967
77	0.09142322
78	0.09142467
79	0.09142406
80	0.09143474
81	0.09141664
82	0.09141487
83	0.09142613
84	0.09142128
85	0.09141500
86	0.09144104
87	0.09142923
88	0.09143261
89	0.09140269
90	0.09139708
91	0.09141453
92	0.09141175
93	0.09142026
94	0.09140845
95	0.09141955
96	0.09142067
97	0.09141330
98	0.09141041
99	0.09140790
100	0.09140193
101	0.09139883
102	0.09140574
103	0.09140230
104	0.09139741
105	0.09141723
106	0.09140636
107	0.09140946
108	0.09140778
109	0.09141229
110	0.09139908
111	0.09140956
112	0.09143276
113	0.09140423
114	0.09143177
115	0.09141690
116	0.09142498
117	0.09140702
118	0.09141938
119	0.09140535
120	0.09140500
121	0.09140092
122	0.09140601
123	0.09140271
124	0.09143142
125	0.09141610
126	0.09139621
127	0.09140256
128	0.09142036
129	0.09141468
130	0.09140453
131	0.09140404
132	0.09139269
133	0.09141463
134	0.09140322
135	0.09139678
136	0.09139063
137	0.09139019
138	0.09140105
139	0.09139520
140	0.09140711
141	0.09139320
142	0.09138683
143	0.09139973
144	0.09137167
145	0.09139536
146	0.09138253
147	0.09140468
148	0.09139055
149	0.09139071
150	0.09138810
151	0.09137594
152	0.09137726
153	0.09140015
154	0.09139061
155	0.09140356
156	0.09138117
157	0.09140428
158	0.09137571
159	0.09141577
160	0.09139517
161	0.09142241
162	0.09140240
163	0.09139736
164	0.09139644
165	0.09138009
166	0.09138680
167	0.09137680
168	0.09139110
169	0.09135616
170	0.09136967
171	0.09136549
172	0.09137852
173	0.09136669
174	0.09137610
175	0.09136465
176	0.09137636
177	0.09137271
178	0.09137897
179	0.09138742
180	0.09139286
181	0.09139669
182	0.09140653
183	0.09139028
184	0.09139890
185	0.09138565
186	0.09139390
187	0.09137593
188	0.09138919
189	0.09138696
190	0.09140165
191	0.09141108
192	0.09140032
193	0.09139453
194	0.09138662
195	0.09138360
196	0.09138624
197	0.09139397
198	0.09138525
199	0.09138644
200	0.09139246
201	0.09138872
202	0.09139383
203	0.09140721
204	0.09141158
205	0.09140461
206	0.09139451
207	0.09139987
208	0.09141662
209	0.09139912
210	0.09142637
211	0.09143095
212	0.09141383
213	0.09142813
214	0.09141897
215	0.09143230
216	0.09142025
217	0.09142510
218	0.09141567
219	0.09140281
220	0.09141743
221	0.09141480
222	0.09141108
223	0.09140261
224	0.09139953
225	0.09141163
226	0.09140557
227	0.09140142
228	0.09140729
229	0.09141177
230	0.09140434
231	0.09142885
232	0.09141829
233	0.09142221
234	0.09140763
235	0.09142427
236	0.09141816
237	0.09142318
238	0.09142245
239	0.09143145
240	0.09141389
241	0.09143431
242	0.09143180
243	0.09142594
244	0.09144191
245	0.09141388
246	0.09142841
247	0.09142710
248	0.09142490
249	0.09143188
250	0.09142155
251	0.09140512
252	0.09141718
253	0.09139539
254	0.09139828
255	0.09139273
256	0.09140257
257	0.09141771
258	0.09140016
259	0.09141867
260	0.09142860
261	0.09142984
262	0.09142996
263	0.09140760
264	0.09140822
265	0.09142532
266	0.09144720
267	0.09142125
268	0.09141695
269	0.09142377
270	0.09141802
271	0.09143409
272	0.09142223
273	0.09142286
274	0.09140381
275	0.09140020
276	0.09139287
277	0.09141786
278	0.09139601
279	0.09140095
280	0.09141243
281	0.09140209
282	0.09141007
283	0.09139761
284	0.09139837
285	0.09140117
286	0.09141019
287	0.09140317
288	0.09140649
289	0.09141040
290	0.09143567
291	0.09142670
292	0.09141478
293	0.09139335
294	0.09139916
295	0.09140597
296	0.09139045
297	0.09140614
298	0.09139742
299	0.09138346
300	0.09138863
301	0.09138353
302	0.09139737
303	0.09140480
304	0.09138596
305	0.09139904
306	0.09140007
307	0.09139675
308	0.09140043
309	0.09138858
310	0.09139819
311	0.09140488
312	0.09140106
313	0.09139221
314	0.09139600
315	0.09140643
316	0.09140515
317	0.09139840
318	0.09140512
319	0.09138287
320	0.09139098
321	0.09140100
322	0.09139401
323	0.09139323
324	0.09138603
325	0.09138744
326	0.09139238
327	0.09140497
328	0.09138028
329	0.09136624
330	0.09139933
331	0.09138971
332	0.09138808
333	0.09139821
334	0.09138770
335	0.09140101
336	0.09140451
337	0.09138454
338	0.09138473
339	0.09139747
340	0.09138993
341	0.09139732
342	0.09138915
343	0.09138688
344	0.09139133
345	0.09140187
346	0.09140300
347	0.09140794
348	0.09139704
349	0.09139375
350	0.09140898
351	0.09140887
352	0.09140740
353	0.09140471
354	0.09139445
355	0.09138671
356	0.09137746
357	0.09136477
358	0.09139211
359	0.09139141
360	0.09136394
361	0.09137212
362	0.09137347
363	0.09138080
364	0.09137908
365	0.09137268
366	0.09137982
367	0.09138699
368	0.09138624
369	0.09138209
370	0.09140179
371	0.09140474
372	0.09140151
373	0.09140520
374	0.09140970
375	0.09139715
376	0.09140293
377	0.09140384
378	0.09140854
379	0.09140673
380	0.09140107
381	0.09141738
382	0.09140241
383	0.09141798
384	0.09140088
385	0.09140972
386	0.09140094
387	0.09140437
388	0.09139223
389	0.09139638
390	0.09141046
391	0.09138656
392	0.09139492
393	0.09139625
394	0.09139921
395	0.09138795
396	0.09139740
397	0.09140706
398	0.09141484
399	0.09141375
400	0.09141117
401	0.09142566
402	0.09142050
403	0.09142943
404	0.09141537
405	0.09141261
406	0.09141994
407	0.09141945
408	0.09141322
409	0.09141082
410	0.09140529
411	0.09141028
412	0.09139308
413	0.09140222
414	0.09140034
415	0.09139778
416	0.09141773
417	0.09142245
418	0.09140506
419	0.09140960
420	0.09140367
421	0.09141176
422	0.09143716
423	0.09143964
424	0.09144215
425	0.09142838
426	0.09142629
427	0.09144478
428	0.09142964
429	0.09144489
430	0.09143016
431	0.09142626
432	0.09142561
433	0.09142727
434	0.09143310
435	0.09145145
436	0.09143664
437	0.09143875
438	0.09144948
439	0.09144855
440	0.09144548
441	0.09145698
442	0.09145478
443	0.09145839
444	0.09147671
445	0.09146762
446	0.09147397
447	0.09148372
448	0.09147296
449	0.09148120
450	0.09147862
451	0.09147750
452	0.09146778
453	0.09149618
454	0.09149153
455	0.09148205
456	0.09149431
457	0.09151330
458	0.09149022
459	0.09149885
460	0.09150005
461	0.09149951
462	0.09149164
463	0.09150097
464	0.09149092
465	0.09150559
466	0.09152804
467	0.09153096
468	0.09153578
469	0.09153997
470	0.09151991
471	0.09155206
472	0.09152903
473	0.09154402
474	0.09154705
475	0.09154838
476	0.09156254
477	0.09155641
478	0.09157067
479	0.09155375
480	0.09157763
481	0.09157863
482	0.09157345
483	0.09155826
484	0.09158091
485	0.09159067
486	0.09159478
487	0.09157754
488	0.09159447
489	0.09161495
490	0.09161803
491	0.09160988
492	0.09161322
493	0.09160840
494	0.09160795
495	0.09163909
496	0.09163849
497	0.09163407
498	0.09165309
499	0.09165956
500	0.09165709
501	0.09165751
502	0.09166741
503	0.09167992
504	0.09167213
505	0.09167477
506	0.09167565
507	0.09169903
508	0.09169129
509	0.09169488
510	0.09168394
511	0.09170177
512	0.09169636
513	0.09168608
514	0.09170082
515	0.09170807
516	0.09170081
517	0.09170809
518	0.09170682
519	0.09170886
520	0.09171052
521	0.09172621
522	0.09173720
523	0.09173194
524	0.09173374
525	0.09172788
526	0.09171417
527	0.09170459
528	0.09171203
529	0.09171632
530	0.09170837
531	0.09172568
532	0.09171404
533	0.09171869
534	0.09169693
535	0.09169455
536	0.09170729
537	0.09168858
538	0.09170575
539	0.09167979
540	0.09167028
541	0.09167232
542	0.09167811
543	0.09169038
544	0.09168897
545	0.09167890
546	0.09168587
547	0.09168308
548	0.09167830
549	0.09167968
550	0.09166674
551	0.09169079
552	0.09165997
553	0.09166101
554	0.09166063
555	0.09168408
556	0.09168074
557	0.09167121
558	0.09168345
559	0.09166970
560	0.09166934
561	0.09167131
562	0.09166745
563	0.09164998
564	0.09166182
565	0.09166414
566	0.09166755
567	0.09163761
568	0.09166370
569	0.09164483
570	0.09163847
571	0.09163883
572	0.09165543
573	0.09165183
574	0.09165824
575	0.09164102
576	0.09166031
577	0.09163906
578	0.09165499
579	0.09164273
580	0.09163795
581	0.09165091
582	0.09163186
583	0.09164421
584	0.09163544
585	0.09163628
586	0.09162540
587	0.09163103
588	0.09163281
589	0.09162541
590	0.09162597
591	0.09162711
592	0.09162344
593	0.09161359
594	0.09161310
595	0.09162418
596	0.09163220
597	0.09162960
598	0.09162421
599	0.09162764
600	0.09163726