	C:\Users\jkuzm\OneDrive - University of Massachusetts\HRSL x UMILL-PUMA Fatigue - Fatigue\Data\F01\FR3_static3.c3d _ImpedanceExport
	RCAL1
	TARGET
	ORIGINAL
ITEM	Y
1	0.27141029
2	0.27141038
3	0.27139980
4	0.27139542
5	0.27141142
6	0.27139229
7	0.27140450
8	0.27140629
9	0.27139118
10	0.27138436
11	0.27139315
12	0.27137247
13	0.27137241
14	0.27137464
15	0.27134007
16	0.27136642
17	0.27133960
18	0.27133524
19	0.27133867
20	0.27131161
21	0.27133742
22	0.27130583
23	0.27129817
24	0.27130285
25	0.27126333
26	0.27127689
27	0.27125219
28	0.27122927
29	0.27124527
30	0.27121747
31	0.27122676
32	0.27123216
33	0.27122399
34	0.27122974
35	0.27118590
36	0.27119771
37	0.27117753
38	0.27116787
39	0.27115434
40	0.27113280
41	0.27112678
42	0.27110690
43	0.27109250
44	0.27107939
45	0.27106869
46	0.27105156
47	0.27103886
48	0.27103677
49	0.27102184
50	0.27103120
51	0.27102241
52	0.27099383
53	0.27099231
54	0.27100760
55	0.27100414
56	0.27098107
57	0.27099940
58	0.27098972
59	0.27099314
60	0.27100438
61	0.27101085
62	0.27102306
63	0.27102479
64	0.27102688
65	0.27103478
66	0.27103600
67	0.27105209
68	0.27109641
69	0.27108619
70	0.27107400
71	0.27108866
72	0.27110383
73	0.27111608
74	0.27112108
75	0.27113533
76	0.27113900
77	0.27113721
78	0.27115464
79	0.27117151
80	0.27116328
81	0.27118576
82	0.27119356
83	0.27119225
84	0.27117527
85	0.27119377
86	0.27119198
87	0.27119926
88	0.27119154
89	0.27119952
90	0.27118620
91	0.27119327
92	0.27117708
93	0.27116495
94	0.27117369
95	0.27116200
96	0.27118719
97	0.27117896
98	0.27116072
99	0.27118137
100	0.27119878
101	0.27119932
102	0.27120468
103	0.27122700
104	0.27124140
105	0.27124146
106	0.27124813
107	0.27126771
108	0.27127922
109	0.27129486
110	0.27130768
111	0.27130252
112	0.27130747
113	0.27132499
114	0.27135670
115	0.27134594
116	0.27136847
117	0.27137786
118	0.27136984
119	0.27138999
120	0.27139282
121	0.27139357
122	0.27139235
123	0.27139696
124	0.27138841
125	0.27139518
126	0.27140006
127	0.27139732
128	0.27140397
129	0.27139851
130	0.27138606
131	0.27139908
132	0.27141026
133	0.27140847
134	0.27138939
135	0.27138183
136	0.27138647
137	0.27139214
138	0.27138254
139	0.27138051
140	0.27137017
141	0.27138484
142	0.27137566
143	0.27136895
144	0.27135977
145	0.27136704
146	0.27137706
147	0.27136245
148	0.27136001
149	0.27136400
150	0.27136102
151	0.27136856
152	0.27135903
153	0.27135277
154	0.27135518
155	0.27135840
156	0.27135199
157	0.27134931
158	0.27133816
159	0.27131978
160	0.27131549
161	0.27131924
162	0.27130792
163	0.27131212
164	0.27132094
165	0.27130276
166	0.27132881
167	0.27130851
168	0.27131575
169	0.27132985
170	0.27132985
171	0.27131382
172	0.27132797
173	0.27134243
174	0.27133086
175	0.27133986
176	0.27134266
177	0.27134478
178	0.27134922
179	0.27134648
180	0.27134478
181	0.27133641
182	0.27133405
183	0.27134275
184	0.27132186
185	0.27132535
186	0.27133456
187	0.27132273
188	0.27132502
189	0.27132422
190	0.27131465
191	0.27131084
192	0.27130893
193	0.27129698
194	0.27128139
195	0.27127701
196	0.27127048
197	0.27125812
198	0.27125287
199	0.27125165
200	0.27123740
201	0.27121580
202	0.27121645
203	0.27123052
204	0.27122313
205	0.27121842
206	0.27119437
207	0.27121869
208	0.27121195
209	0.27120978
210	0.27122438
211	0.27121896
212	0.27123091
213	0.27122971
214	0.27122754
215	0.27125373
216	0.27127260
217	0.27127385
218	0.27125603
219	0.27127251
220	0.27127850
221	0.27128175
222	0.27129668
223	0.27128947
224	0.27127701
225	0.27129337
226	0.27129382
227	0.27129725
228	0.27131268
229	0.27130705
230	0.27131239
231	0.27131242
232	0.27133548
233	0.27135056
234	0.27134302
235	0.27134398
236	0.27135581
237	0.27135104
238	0.27136001
239	0.27136016
240	0.27137172
241	0.27137017
242	0.27137005
243	0.27137044
244	0.27137491
245	0.27136645
246	0.27136049
247	0.27136868
248	0.27136976
249	0.27135730
250	0.27137017
251	0.27135080
252	0.27137855
253	0.27137113
254	0.27137318
255	0.27137253
256	0.27134141
257	0.27136704
258	0.27135199
259	0.27136359
260	0.27135390
261	0.27136251
262	0.27137265
263	0.27135485
264	0.27139130
265	0.27137694
266	0.27137992
267	0.27139392
268	0.27138013
269	0.27137449
270	0.27138117
271	0.27138737
272	0.27138627
273	0.27138975
274	0.27138805
275	0.27140230
276	0.27140883
277	0.27138990
278	0.27140489
279	0.27141392
280	0.27140695
281	0.27140677
282	0.27141905
283	0.27141556
284	0.27140433
285	0.27139324
286	0.27139798
287	0.27140528
288	0.27139705
289	0.27137661
290	0.27138564
291	0.27136108
292	0.27135316
293	0.27134937
294	0.27136031
295	0.27134329
296	0.27133343
297	0.27134380
298	0.27132836
299	0.27132744
300	0.27132437
301	0.27133095
302	0.27133256
303	0.27132440
304	0.27131703
305	0.27131093
306	0.27131289
307	0.27130231
308	0.27131093
309	0.27131078
310	0.27131611
311	0.27129763
312	0.27129939
313	0.27129200
314	0.27128330
315	0.27129257
316	0.27127856
317	0.27128720
318	0.27130231
319	0.27129972
320	0.27130514
321	0.27132046
322	0.27132618
323	0.27131414
324	0.27132735
325	0.27130890
326	0.27131152
327	0.27129537
328	0.27131218
329	0.27131245
330	0.27130657
331	0.27130046
332	0.27130574
333	0.27131435
334	0.27129570
335	0.27130243
336	0.27130130
337	0.27130851
338	0.27131248
339	0.27132091
340	0.27133578
341	0.27134812
342	0.27137354
343	0.27136487
344	0.27135909
345	0.27139035
346	0.27138525
347	0.27141443
348	0.27141306
349	0.27141616
350	0.27144349
351	0.27144021
352	0.27145225
353	0.27147067
354	0.27148768
355	0.27149177
356	0.27149129
357	0.27148932
358	0.27149928
359	0.27149320
360	0.27150336
361	0.27149671
362	0.27150774
363	0.27150306
364	0.27154776
365	0.27155399
366	0.27157897
367	0.27156273
368	0.27158907
369	0.27158949
370	0.27159423
371	0.27161768
372	0.27162609
373	0.27163520
374	0.27163345
375	0.27164066
376	0.27163857
377	0.27164206
378	0.27165562
379	0.27165189
380	0.27165926
381	0.27165550
382	0.27164096
383	0.27167204
384	0.27167204
385	0.27165893
386	0.27168748
387	0.27168790
388	0.27170223
389	0.27168685
390	0.27167082
391	0.27167082
392	0.27168044
393	0.27166876
394	0.27166498
395	0.27166727
396	0.27164391
397	0.27166966
398	0.27167153
399	0.27166998
400	0.27166912
401	0.27165169
402	0.27166301
403	0.27166191
404	0.27165270
405	0.27166775
406	0.27165511
407	0.27166361
408	0.27164736
409	0.27166253
410	0.27166978
411	0.27165139
412	0.27165276
413	0.27165577
414	0.27164051
415	0.27164623
416	0.27165243
417	0.27163866
418	0.27163699
419	0.27162990
420	0.27163681
421	0.27163610
422	0.27163264
423	0.27164036
424	0.27163023
425	0.27163592
426	0.27161542
427	0.27164292
428	0.27162415
429	0.27162513
430	0.27162915
431	0.27164081
432	0.27164263
433	0.27164030
434	0.27163935
435	0.27163890
436	0.27166027
437	0.27165109
438	0.27166829
439	0.27166334
440	0.27166507
441	0.27167299
442	0.27167913
443	0.27168471
444	0.27169997
445	0.27168801
446	0.27168605
447	0.27168939
448	0.27170366
449	0.27169546
450	0.27172568
451	0.27172923
452	0.27176365
453	0.27174285
454	0.27174518
455	0.27176440
456	0.27176237
457	0.27174640
458	0.27173659
459	0.27174199
460	0.27172673
461	0.27171287
462	0.27170765
463	0.27172229
464	0.27169934
465	0.27170134
466	0.27170551
467	0.27168992
468	0.27167794
469	0.27167079
470	0.27168703
471	0.27170336
472	0.27169788
473	0.27170166
474	0.27170378
475	0.27172777
476	0.27172762
477	0.27173388
478	0.27173778
479	0.27174073
480	0.27175778
481	0.27176178
482	0.27177906
483	0.27180225
484	0.27181482
485	0.27182156
486	0.27183321
487	0.27185649
488	0.27186233
489	0.27187508
490	0.27188003
491	0.27188197
492	0.27190951
493	0.27192217
494	0.27192634
495	0.27194878
496	0.27193689
497	0.27194753
498	0.27198583
499	0.27200383
500	0.27198085
501	0.27201253
502	0.27202448
503	0.27203631
504	0.27205378
505	0.27207822
506	0.27208823
507	0.27210194
508	0.27212426
509	0.27214298
510	0.27213773
511	0.27214500
512	0.27217382
513	0.27216467
514	0.27218601
515	0.27220067
516	0.27222303
517	0.27222550
518	0.27224946
519	0.27226329
520	0.27226746
521	0.27226451
522	0.27229407
523	0.27231461
524	0.27230737
525	0.27232406
526	0.27232566
527	0.27233401
528	0.27232298
529	0.27232090
530	0.27232012
531	0.27230483
532	0.27232292
533	0.27230507
534	0.27231088
535	0.27231610
536	0.27230966
537	0.27231076
538	0.27230966
539	0.27232030
540	0.27231503
541	0.27231234
542	0.27229732
543	0.27229491
544	0.27229720
545	0.27228883
546	0.27227351
547	0.27224484
548	0.27226707
549	0.27224672
550	0.27225295
551	0.27222991
552	0.27222684
553	0.27221751
554	0.27223551
555	0.27222633
556	0.27221739
557	0.27219966
558	0.27220109
559	0.27219215
560	0.27220476
561	0.27217862
562	0.27220145
563	0.27219313
564	0.27217403
565	0.27216563
566	0.27215940
567	0.27213860
568	0.27212891
569	0.27212676
570	0.27211297
571	0.27211931
572	0.27211219
573	0.27210948
574	0.27209213
575	0.27209505
576	0.27208516
577	0.27207407
578	0.27205256
579	0.27201962
580	0.27203199
581	0.27199793
582	0.27198288
583	0.27198741
584	0.27197737
585	0.27195919
586	0.27195266
587	0.27193508
588	0.27193621
589	0.27190855
590	0.27189586
591	0.27188718
592	0.27187452
593	0.27184817
594	0.27188098
595	0.27184415
596	0.27184728
597	0.27187425
598	0.27185681
599	0.27186215
600	0.27186665