	C:\Users\jkuzm\OneDrive - University of Massachusetts\HRSL x UMILL-PUMA Fatigue - Fatigue\Data\F01\FR3_static2.c3d _ImpedanceExport
	FP1
	FORCE
	ORIGINAL
ITEM	X
1	-0.60714233
2	-0.78580630
3	-4.81748629
4	-0.12235235
5	-3.58227801
6	-3.13481021
7	-3.32267356
8	-3.50603104
9	-3.40920353
10	-0.29273322
11	2.39779925
12	-0.52176940
13	-1.59073114
14	-1.79994726
15	0.10801711
16	0.94634694
17	-1.66045296
18	2.06251717
19	1.02837348
20	1.12895322
21	4.17063093
22	-0.42695129
23	-0.03280671
24	0.72114688
25	-0.37560230
26	3.43730307
27	3.17903423
28	1.44880378
29	1.88129103
30	-0.29891652
31	-1.39917469
32	-0.34043074
33	-0.69739878
34	-2.50773430
35	0.64683938
36	-0.51488346
37	0.19993889
38	-1.62825561
39	-3.52475691
40	-7.82776737
41	-3.27328134
42	-4.45189810
43	-1.34942687
44	-1.71757996
45	-2.32850218
46	-2.96831203
47	-3.84751439
48	-3.89223981
49	-3.01823330
50	-5.36671305
51	-0.83924925
52	-0.92085880
53	-2.33704090
54	-0.48508579
55	-3.37763000
56	-3.28402948
57	-2.27061033
58	-2.27189040
59	-1.51017678
60	2.27081919
61	-1.60619450
62	1.20522630
63	-1.02581000
64	-1.98135519
65	-0.87717104
66	-0.74561793
67	-2.86976767
68	2.05782747
69	1.34493542
70	-0.73294282
71	0.99580199
72	-2.24578524
73	-2.33692002
74	-1.77529502
75	-2.42839599
76	-0.03434431
77	0.90068549
78	-1.89746130
79	-1.46380281
80	-1.58446419
81	-4.16463280
82	-2.34877849
83	-2.79735589
84	-3.96087313
85	-0.32597944
86	-1.20537949
87	-0.76562715
88	-0.60040492
89	-3.19965482
90	-1.95428109
91	-2.20180583
92	-3.23598957
93	0.79175752
94	0.43811911
95	-1.07044399
96	-1.25567734
97	-1.37173247
98	-2.96497774
99	-5.77104092
100	-2.52251863
101	1.11829138
102	1.15527511
103	-0.06767615
104	0.62695491
105	-1.77664113
106	-1.10439992
107	-1.42019522
108	-1.86392450
109	-2.21361995
110	0.98097759
111	-0.39560336
112	-0.70886612
113	-1.86933661
114	-3.99227095
115	-2.35479426
116	-2.09945369
117	-5.14406061
118	-1.81528914
119	-0.76514947
120	-2.57112741
121	-1.16160858
122	-2.21787524
123	-3.38067961
124	-3.60643792
125	-3.20313072
126	-1.11957586
127	-0.00267896
128	-0.42187071
129	-1.16438174
130	-1.56263018
131	-2.04372501
132	-0.62010986
133	-1.33868217
134	-2.18984151
135	0.16143461
136	-2.52833772
137	0.20840287
138	1.24358904
139	-2.53703976
140	-1.69992173
141	-0.91157550
142	-1.66055989
143	1.05319190
144	0.96352738
145	-0.54310215
146	-3.51661372
147	-2.57363033
148	-1.77690351
149	-0.76549441
150	-2.88358688
151	-0.49011061
152	0.13303864
153	-1.41054201
154	-0.04468323
155	-2.38989186
156	-2.25767541
157	-3.48478198
158	-2.29828382
159	-2.79672956
160	0.98138356
161	-0.80320024
162	-0.40591469
163	-1.75124037
164	-4.22274446
165	1.35302818
166	-2.58628845
167	-5.64675951
168	-1.56954455
169	-1.44140160
170	-1.44683933
171	-1.58212364
172	-3.35854793
173	-3.71699595
174	-3.23492432
175	-3.79021978
176	0.12302967
177	0.24894914
178	-1.12384820
179	0.28266668
180	-0.91014576
181	-2.45388436
182	-0.27936968
183	-2.55356455
184	-2.36470032
185	-0.19045083
186	-0.84683853
187	-0.39753056
188	-1.52232707
189	-2.93237805
190	-3.16615510
191	-2.23320103
192	-3.82083392
193	-0.71767527
194	-1.68862808
195	-1.30307066
196	-2.68354630
197	-2.97769976
198	-1.69327199
199	-1.78051448
200	-3.28540421
201	-1.33111441
202	-0.40245047
203	-2.21438670
204	-0.17927869
205	-2.38753247
206	-3.68111444
207	-3.29297614
208	-3.33086133
209	-2.61255288
210	0.67386699
211	-1.63626134
212	-1.64157546
213	-3.11507010
214	-3.09992719
215	-2.92662978
216	-0.54282802
217	-4.48722219
218	0.61104721
219	0.03245470
220	-0.67835367
221	0.24911572
222	-2.75279617
223	-1.30178893
224	1.03605258
225	-2.48805070
226	0.21588685
227	0.92640322
228	-1.02576613
229	-0.15152523
230	-2.49559760
231	-2.93222594
232	-2.31696725
233	-2.71043587
234	-3.24730563
235	-0.53069222
236	-1.15491617
237	-0.83537924
238	-1.64657319
239	-3.00761819
240	-3.46114588
241	-3.06657147
242	1.00756586
243	1.02341044
244	-0.93114275
245	-0.35394967
246	-1.48085392
247	-2.00398445
248	-3.59943962
249	-2.23156333
250	-4.31208134
251	-2.67252064
252	-2.04684377
253	-4.83011150
254	-1.25726104
255	-4.23129177
256	-4.45237160
257	-3.88458800
258	-3.97294474
259	-3.12246585
260	0.56584787
261	2.37008786
262	-0.51256901
263	-1.71665323
264	-4.22706795
265	-1.80152798
266	-1.04834628
267	-4.50253630
268	-0.72960198
269	-1.39819360
270	-1.29537296
271	-2.53560543
272	-2.99689817
273	-3.61160898
274	-2.15027714
275	-3.82779670
276	-0.59507430
277	0.69906569
278	-1.96337605
279	-1.04685402
280	-0.85564464
281	-2.93428206
282	-0.80378288
283	-1.57162952
284	-1.53067303
285	0.86196887
286	0.06938669
287	1.57594955
288	-0.60031408
289	-3.07605791
290	-0.52746528
291	-2.02613950
292	-3.79362226
293	-0.50794071
294	0.24889483
295	-0.91113865
296	-1.54685318
297	-2.01674342
298	-2.55910063
299	-1.05044866
300	-3.40609241
301	5.02754879
302	0.06110612
303	-0.82034534
304	0.01298111
305	-2.38690782
306	-2.54601240
307	-1.93616283
308	-2.82518435
309	-3.12900066
310	0.03922997
311	-1.21137762
312	-0.33121273
313	-3.48048735
314	-3.06656933
315	-1.96211457
316	-2.40832186
317	-4.75435591
318	-1.38466144
319	-2.93849635
320	0.15695573
321	-0.04558730
322	-3.46741915
323	-2.89055872
324	-2.94854164
325	-3.95248175
326	0.61257851
327	0.43680549
328	-1.47231388
329	-1.03999758
330	-2.50628591
331	-2.26947570
332	-0.73471087
333	-1.83999991
334	-2.55667520
335	0.38186145
336	-1.29800594
337	0.42072505
338	-0.42473629
339	-3.66338015
340	-3.89289856
341	-1.89310968
342	-2.89638829
343	1.18292606
344	-0.54986364
345	-0.23947860
346	-1.54391098
347	-2.37164116
348	-0.30553716
349	0.49933895
350	-3.21246099
351	0.11466433
352	-0.29704842
353	-1.74369991
354	0.11118922
355	-3.56995153
356	-4.54105425
357	-4.33695078
358	-2.50370383
359	-5.22597980
360	-0.80866867
361	-2.80784702
362	-2.42089009
363	-4.24992466
364	-4.05252361
365	-2.95110607
366	-2.19653201
367	-9.13719654
368	-2.46318245
369	-0.41079897
370	-2.19146800
371	-0.37127295
372	-4.27684212
373	-3.83064651
374	-2.63946152
375	-4.70691252
376	-1.73939383
377	-1.51775002
378	-2.98387218
379	-1.30189884
380	-2.32856441
381	-3.91324282
382	-1.66203392
383	-2.85974574
384	-2.02636480
385	-0.33116814
386	-1.52549005
387	-0.25204438
388	-2.03678989
389	-3.52361846
390	-3.31053662
391	-2.51473570
392	-3.65358639
393	0.03514380
394	-1.65539980
395	-1.82729900
396	-3.53136539
397	-3.15921903
398	-4.45481014
399	-2.14378285
400	-4.53098631
401	-1.02821171
402	-0.93598521
403	-2.97339129
404	-1.02392673
405	-3.60617518
406	-3.72477484
407	-2.35411835
408	-4.94153833
409	-3.69702935
410	-0.40566936
411	-3.02453160
412	-2.90518379
413	-4.46404123
414	-5.03183031
415	-2.42388487
416	-2.81204438
417	-4.94079304
418	-2.06332278
419	-2.06386971
420	-2.45759416
421	-2.73996854
422	-5.66220713
423	-5.21827602
424	-4.29219198
425	-6.31461143
426	-10.13018894
427	-2.33053517
428	-4.13413286
429	-3.89103389
430	-3.87237144
431	-4.27488708
432	-2.63344145
433	-3.60771441
434	-3.97119355
435	-0.14387991
436	-1.78305590
437	0.65293872
438	-1.17396772
439	-2.85449195
440	-2.76541948
441	-2.28652787
442	-4.58620691
443	0.11770273
444	0.02727183
445	-2.22689700
446	-2.60615110
447	-3.33800840
448	-3.48081946
449	-1.93668628
450	-5.37830782
451	-1.38989210
452	-1.07709551
453	-3.15866089
454	-0.98693556
455	-2.72432852
456	-4.80684853
457	-3.08225036
458	-4.54547596
459	-3.07011890
460	0.03977166
461	-2.60959768
462	-2.41413379
463	-6.16942692
464	-6.44650316
465	-3.32735324
466	-3.39041638
467	-4.98573351
468	-2.85821748
469	-3.74529862
470	-2.63372302
471	-2.82298684
472	-4.67527676
473	-8.63813019
474	-3.70454311
475	-5.31834650
476	-2.71800303
477	-2.04474974
478	-3.51087093
479	-2.54880333
480	-5.02333260
481	-5.01691437
482	-1.73727036
483	-3.38064909
484	-3.35514164
485	-0.39348140
486	-1.54374480
487	-0.34887323
488	-1.74220288
489	-3.81425500
490	-3.51243591
491	-2.14405155
492	2.85956573
493	0.26815042
494	-1.78744137
495	-3.07359052
496	-2.82014441
497	-3.69295311
498	-3.38810182
499	-2.46291351
500	-5.07303333
501	-1.47733498
502	-1.63849366
503	-0.53869551
504	-1.11591196
505	-1.91667449
506	-3.87937760
507	-3.30014944
508	-4.35822010
509	-3.87001109
510	-1.64310646
511	-2.70168114
512	-3.77621198
513	-4.08757639
514	-5.68193722
515	-3.73052526
516	-4.79612732
517	-6.56519604
518	-3.06249118
519	-3.24376392
520	-2.83484292
521	-3.28700209
522	-4.91768122
523	-5.12237120
524	-4.32762098
525	-5.59769440
526	-2.04619884
527	-1.91437650
528	-4.30811119
529	-2.98841000
530	-4.80219746
531	-5.51271105
532	-2.28772283
533	-5.59956121
534	-4.27706337
535	-3.11457348
536	-3.87078333
537	-2.32632279
538	-3.17744446
539	-5.11372232
540	-8.57518959
541	-4.10814142
542	-4.80699587
543	-0.67464358
544	-0.85416704
545	-1.21124578
546	-3.30894566
547	-2.05250597
548	-2.77359676
549	-1.12427616
550	-3.60101938
551	4.51719236
552	-0.81368625
553	-2.00465822
554	-0.58946019
555	-2.75565767
556	-3.65114021
557	-2.72838521
558	-3.60493851
559	-2.71805596
560	-1.86359072
561	-2.60868716
562	-1.91462982
563	-3.74502301
564	-3.90924096
565	-2.66832399
566	-3.59934068
567	-6.60959435
568	-2.39411688
569	-1.06415701
570	-2.88191152
571	-2.79424763
572	-5.05901766
573	-5.73356533
574	-2.89987445
575	-5.98593855
576	-3.73589492
577	-2.39808536
578	-4.38494635
579	-2.24211836
580	-5.54140043
581	-4.49173069
582	-3.69925737
583	-5.38003778
584	-4.36081123
585	-1.51727915
586	-3.96333838
587	-0.97988719
588	-0.68944567
589	-4.00101042
590	-3.62493634
591	-2.86449957
592	-4.13009501
593	-0.35897484
594	-1.29051030
595	-0.72021300
596	-2.81587720
597	-2.75186181
598	-6.02405548
599	-1.02805054
600	-4.48025990
601	-1.16661692
602	-1.16608024
603	-2.49476290
604	-1.07632494
605	-3.70637798
606	-4.14240265
607	-3.62255239
608	-3.52024841
609	-1.67707586
610	-1.38435662
611	-2.35371971
612	-1.56737900
613	-3.69330883
614	-3.73289132
615	-4.25951719
616	-4.53404284
617	-6.61712742
618	-0.99070835
619	-2.71136022
620	-1.99786162
621	-1.12053680
622	-4.93097544
623	-3.68145704
624	-3.74694157
625	-4.66418934
626	-1.12042046
627	-1.93185580
628	-2.14010406
629	-4.32528496
630	-3.92337847
631	-4.85177517
632	-3.92456079
633	-4.36183834
634	-4.14860725
635	-1.69593406
636	-4.48779678
637	-2.58017230
638	-4.11086512
639	-5.07186699
640	-5.66056776
641	-4.77449989
642	-6.54186201
643	-2.67610645
644	-4.98419857
645	-4.98425531
646	-5.00377512
647	-5.72108364
648	-6.18133259
649	-3.70108628
650	-7.51301098
651	-3.34793139
652	-3.22491741
653	-3.70001006
654	-2.14178658
655	-5.48089886
656	-5.39008141
657	-6.71071196
658	-3.79028201
659	-2.60319328
660	-1.04105580
661	-2.77263832
662	-1.49136627
663	-2.91632295
664	-4.59215736
665	3.10201526
666	-2.91292405
667	-4.10828114
668	-0.60474622
669	0.65248311
670	-1.34919763
671	-2.02024245
672	-3.87997079
673	-4.59429216
674	-3.87839580
675	-6.10707331
676	-0.14586075
677	-2.86335588
678	-3.11741114
679	-4.06076765
680	-4.63477516
681	-5.65091515
682	-4.01267242
683	-5.46933413
684	-5.38775015
685	-3.03124595
686	-4.94661331
687	-3.12748766
688	-5.97175884
689	-7.60453463
690	-7.30335045
691	-6.10315371
692	-6.99029303
693	-2.94137144
694	-6.83949804
695	-3.93051863
696	-4.42371368
697	-4.76041842
698	-4.73082352
699	-3.17966175
700	-6.53882647
701	-0.77247202
702	-2.24571300
703	-2.77483916
704	-1.47853076
705	-1.03210306
706	-3.24746203
707	-2.73254848
708	-2.80864573
709	-0.94914997
710	1.95314169
711	-0.00014122
712	0.37578690
713	-0.96361643
714	-1.43170023
715	-2.25704598
716	-1.30702603
717	-4.41002512
718	-1.60942137
719	-1.16581106
720	-1.52187634
721	-1.74612761
722	-3.82271457
723	-3.58349419
724	-3.58820415
725	-5.91224289
726	-1.65383625
727	-1.82569098
728	-3.51390624
729	-3.88256836
730	-5.42921162
731	-5.77937746
732	-3.57169366
733	-4.53858948
734	-1.27749741
735	-1.52550519
736	-3.33482194
737	-1.65422022
738	-3.84196997
739	-4.71284819
740	-4.29253531
741	-3.58237481
742	3.44150281
743	0.28987345
744	-1.28268945
745	-0.95798796
746	-2.83095860
747	-2.50031137
748	-3.21468449
749	-0.68379241
750	-5.11466646
751	-0.14867844
752	0.16135962
753	-7.78881693
754	-0.32025355
755	-2.81057811
756	-4.18008232
757	-3.08081412
758	-3.15346026
759	-0.90114462
760	0.79658717
761	-1.78413308
762	-0.07569924
763	-2.36720181
764	-2.97633362
765	-1.84297049
766	-0.90112555
767	-3.52425194
768	0.24608086
769	-1.21302474
770	-0.41078305
771	0.58646071
772	-3.59683442
773	-3.04023480
774	-2.90963554
775	-3.83601356
776	0.11527113
777	-1.09038544
778	-2.06349993
779	-1.94602764
780	-2.50690675
781	-4.29515839
782	0.24335943
783	-2.24266315
784	-1.81366897
785	0.85980356
786	-2.67866969
787	0.28801334
788	-2.34281039
789	-3.70157695
790	-6.49691534
791	-4.23897886
792	-4.89775276
793	-1.70247746
794	-2.06308389
795	-1.61590540
796	-3.31671572
797	-4.09991741
798	-4.24494600
799	-2.34358454
800	-5.66401529
801	-4.43145037
802	-1.22802436
803	-3.93739414
804	-2.42886424
805	-4.59677887
806	-5.47990942
807	-3.71471572
808	-4.58945274
809	-2.28597093
810	-0.95117170
811	-3.71301031
812	-0.51206535
813	-2.46480393
814	-4.28053379
815	-2.29307032
816	-2.37723589
817	-3.43985009
818	0.02365790
819	3.69217110
820	0.87662417
821	-1.01474929
822	-2.99260640
823	-3.22383332
824	-1.67632878
825	-3.48821664
826	-0.06789421
827	-1.17908061
828	-1.66077614
829	-2.23930693
830	-0.89619797
831	-4.46444273
832	-2.51613379
833	-4.40883875
834	-3.44912934
835	-2.77279520
836	-4.85314369
837	-3.25730467
838	-4.10656834
839	-6.93694925
840	-5.07381248
841	-5.21345758
842	-7.88207483
843	-3.38335299
844	-3.79391289
845	-4.01879406
846	-5.09209013
847	-7.12229538
848	-4.81860113
849	-3.07414436
850	-8.06231308
851	-3.54193163
852	-3.18852067
853	-4.52579975
854	-2.35158610
855	-3.73699570
856	-3.94361925
857	-4.36044455
858	-3.59673619
859	0.08705132
860	0.40391320
861	-1.41361773
862	0.62196553
863	-0.79799128
864	-1.55432916
865	1.07474315
866	-0.17787036
867	-6.27140713
868	0.80342007
869	0.27287859
870	1.82971084
871	0.90485615
872	-1.66484749
873	-1.94114840
874	-1.18450022
875	-4.50635147
876	0.90953588
877	0.76929188
878	4.55375433
879	-3.10323787
880	-4.03009224
881	-4.99667311
882	-3.23349261
883	-5.44522524
884	-4.34073925
885	-2.86751199
886	-5.22087860
887	-4.16567850
888	-6.76817179
889	-7.70296764
890	-7.22860098
891	-7.66360712
892	-9.08458900
893	-3.96886349
894	-6.85822296
895	-5.92605114
896	-7.26740742
897	-6.88925886
898	-5.97608757
899	-3.58271909
900	-6.54926538
901	-0.82964230
902	-1.98873687
903	-2.33098316
904	-0.25103128
905	-3.85532403
906	-1.77632689
907	-2.01387429
908	-3.37243891
909	-1.37713790
910	-0.42668357
911	-3.00921559
912	-1.33491921
913	-2.34520173
914	-3.54039359
915	0.43770951
916	-2.08186197
917	-3.76132989
918	-0.65847659
919	-0.02421620
920	-0.61130887
921	-2.30696249
922	-3.97989273
923	-4.47193766
924	-3.76259303
925	-6.79084873
926	-1.39456773
927	-1.88173330
928	-4.98430729
929	-4.90392923
930	-4.94183731
931	-6.85600662
932	-5.88693905
933	-7.83308458
934	-5.79445171
935	-3.66414309
936	-6.48331642
937	-3.98283529
938	-6.96070910
939	-7.84672546
940	-5.72105026
941	-6.69638872
942	-7.40048552
943	-3.48823905
944	-5.62416983
945	-5.35484171
946	-5.72702074
947	-7.52637148
948	-6.55562353
949	-4.87261677
950	-9.12334061
951	-2.46696401
952	-3.27507567
953	-3.52508354
954	-1.14272428
955	-4.72762251
956	-4.93995142
957	-4.06951284
958	-5.38294411
959	-3.03474426
960	-0.94205099
961	-2.31686687
962	-2.60263968
963	-3.84861708
964	-5.25424433
965	-3.12750530
966	-3.84613585
967	-4.91622782
968	-1.52762640
969	-2.32543683
970	-1.62895226
971	-1.81351197
972	-3.92321134
973	-5.45170403
974	-3.01281261
975	-6.42360353
976	-1.22346973
977	-1.49508977
978	-2.41721940
979	-2.48363590
980	-3.70962667
981	-5.22739887
982	-2.74334407
983	-6.19302177
984	-6.54659748
985	-2.02465606
986	-3.61342669
987	-1.84229660
988	-4.20294237
989	-5.43798828
990	-5.22812033
991	-4.78520346
992	1.17355001
993	-3.57622528
994	-2.45241570
995	-3.26882362
996	-6.56506634
997	-6.98527241
998	-5.66524124
999	-4.95621729
1000	-8.41015339
1001	-3.52965593
1002	-3.92087507
1003	-2.60567808
1004	-3.30978608
1005	-6.93806505
1006	-7.07567263
1007	-5.18292999
1008	-7.60530424
1009	-4.09966660
1010	-2.95335770
1011	-4.93920565
1012	-3.08026481
1013	-4.92748690
1014	-6.18589640
1015	-4.02047062
1016	-4.64121389
1017	-4.95893669
1018	-2.15943265
1019	-2.51338124
1020	-1.63706779
1021	-4.69044733
1022	-4.60673571
1023	-3.41327310
1024	-4.08476686
1025	-5.31900501
1026	-1.37771976
1027	-1.72051263
1028	-1.90159130
1029	-3.46688032
1030	-3.63152695
1031	-6.37229872
1032	-2.56817555
1033	-4.59610748
1034	-2.29062009
1035	-1.71463811
1036	-3.08522439
1037	-1.39918184
1038	-3.17584372
1039	-3.65742636
1040	-4.48331547
1041	-3.26414680
1042	-5.26835632
1043	-1.07475126
1044	-3.74059153
1045	-3.75430822
1046	-6.03575039
1047	-7.21443129
1048	-5.49245691
1049	-5.44459295
1050	-8.64789772
1051	-5.68496895
1052	-5.75925112
1053	-6.77868032
1054	-5.26876736
1055	-6.46852064
1056	-7.13709211
1057	-5.09600163
1058	-7.04150248
1059	-3.89374065
1060	-2.64646673
1061	-4.12893391
1062	-3.09373260
1063	-5.03573942
1064	-7.34587097
1065	-3.44117379
1066	-3.35625434
1067	-5.88085508
1068	-1.84354782
1069	-0.69246107
1070	-2.06629825
1071	-1.12696052
1072	-4.19040823
1073	-3.89543962
1074	-2.52308655
1075	-5.75801706
1076	-0.83107448
1077	-1.41657043
1078	-0.87808228
1079	-3.32899189
1080	-8.41960716
1081	-4.02939320
1082	-3.80947781
1083	-5.79950190
1084	-2.65637469
1085	-2.01916528
1086	-4.86060715
1087	-1.66226375
1088	-4.63238335
1089	-4.37297773
1090	-6.96052742
1091	-3.42499995
1092	-6.93776131
1093	-2.41047454
1094	-4.79549170
1095	-3.96626306
1096	-5.54030704
1097	-6.14713001
1098	-4.37214756
1099	-5.28399134
1100	-6.19455099
1101	-2.70010281
1102	-3.17934489
1103	-3.75511360
1104	-1.94616711
1105	-4.60375690
1106	-5.23010921
1107	-4.39708853
1108	-4.86136103
1109	-2.05246854
1110	-1.67239308
1111	-4.51393318
1112	-2.57053065
1113	-3.98625135
1114	-5.88807249
1115	-4.46784353
1116	-3.66472197
1117	-9.46821022
1118	-1.98316348
1119	-1.94552994
1120	-0.68779308
1121	-1.66857445
1122	-3.95947599
1123	-3.83974981
1124	-3.04402876
1125	-5.56247425
1126	-0.32311273
1127	-2.31829786
1128	-5.78393364
1129	-3.98284531
1130	-4.45203495
1131	-5.30102253
1132	-3.97949767
1133	-7.16909409
1134	-4.02294588
1135	-3.13258672
1136	-5.78859377
1137	-2.06756043
1138	-5.11268282
1139	-5.76084757
1140	-4.74732351
1141	-4.29234552
1142	-4.65886068
1143	-1.31514239
1144	-2.82803559
1145	-2.87530756
1146	-0.72193259
1147	-4.51614952
1148	-3.49429679
1149	-2.29477549
1150	-7.48225975
1151	-1.72034276
1152	-2.24796271
1153	-3.89119840
1154	-1.26786757
1155	-5.26491547
1156	-5.96458530
1157	-2.49786615
1158	-4.81172895
1159	-1.94057035
1160	-0.91637397
1161	-3.13508654
1162	-2.12500858
1163	-2.96297789
1164	-6.10940790
1165	-3.76069188
1166	-5.27488995
1167	-4.82244825
1168	-2.65243006
1169	-2.87094164
1170	-2.47403002
1171	-3.28337526
1172	-5.13957882
1173	-5.05886221
1174	-3.72477698
1175	-6.82060671
1176	-0.15213434
1177	-0.92406648
1178	-1.89345372
1179	-3.68214583
1180	-4.51740885
1181	-3.68341398
1182	-2.12614179
1183	-3.00358748
1184	-1.85078621
1185	-0.48337588
1186	-2.88935637
1187	-0.17073904
1188	-2.17804003
1189	-4.38925838
1190	-3.46771002
1191	-2.92064476
1192	-3.63560987
1193	-1.63342893
1194	-4.09764194
1195	-1.31520259
1196	-2.43820333
1197	-5.27517891
1198	-3.62652326
1199	-1.67550600
1200	-6.15651226
1201	-1.95037639
1202	-2.25614977
1203	-2.99912906
1204	-1.41039526
1205	1.15778422
1206	-5.98160505
1207	-5.10133505
1208	-5.79377747
1209	-1.18933237
1210	-1.62610066
1211	-3.63062239
1212	-3.01647854
1213	-4.09152174
1214	-5.94863462
1215	-3.09838676
1216	-3.76578450
1217	-5.18692827
1218	-0.96697944
1219	-1.93816125
1220	-1.45969152
1221	-1.69668901
1222	-3.98385501
1223	-3.72270679
1224	-1.81292176
1225	-4.87613392
1226	1.07029164
1227	0.31753054
1228	-0.52427757
1229	-2.22772932
1230	-1.28642809
1231	-2.79129171
1232	-1.41958106
1233	-2.55669427
1234	0.42673498
1235	0.53202373
1236	-3.54259539
1237	-2.21071386
1238	-4.03026533
1239	-5.62703562
1240	-4.70042276
1241	-4.60397243
1242	-2.41049576
1243	-2.43301392
1244	-4.61277151
1245	-4.17401409
1246	-5.24392366
1247	-6.06639957
1248	-6.24219370
1249	-4.47067404
1250	-8.11810303
1251	-3.94101191
1252	-4.99806786
1253	-5.68286085
1254	-4.33756638
1255	-6.86724663
1256	-6.64661121
1257	-4.74643803
1258	-7.49565554
1259	-3.09436107
1260	-1.84788418
1261	-4.06965208
1262	-3.49506330
1263	-2.90624595
1264	-2.91742086
1265	-1.90599775
1266	-2.47623158
1267	-3.68283486
1268	0.48420981
1269	-0.16778685
1270	0.40869999
1271	-0.93131429
1272	-2.20103598
1273	-3.52025604
1274	-0.62060648
1275	-3.62444448
1276	0.81899327
1277	-0.16115031
1278	-0.73600310
1279	-2.48300862
1280	-2.69057894
1281	-1.60184085
1282	0.16810344
1283	-4.97738266
1284	-0.78434265
1285	-1.35558259
1286	-3.26089287
1287	-1.56878185
1288	-4.45863867
1289	-5.43650246
1290	-5.75352383
1291	-4.40849495
1292	-5.83575010
1293	-2.10474658
1294	-4.01692629
1295	-3.13493466
1296	-4.96936560
1297	-5.17829704
1298	-5.62511683
1299	-2.42782402
1300	-5.32721472
1301	-1.46484625
1302	-1.94024432
1303	-3.66663122
1304	-1.76877701
1305	-5.22820139
1306	-4.07611084
1307	-3.72964239
1308	-5.39472818
1309	-0.55783963
1310	-0.60713929
1311	-4.26171589
1312	0.90167964
1313	-1.18928814
1314	-2.47202826
1315	0.00862448
1316	-1.49427056
1317	-1.04809880
1318	0.76881486
1319	2.49602652
1320	1.29858160
1321	1.39867377
1322	-2.46654320
1323	-3.41396546
1324	-2.62092590
1325	-5.36224127
1326	-0.55840635
1327	-1.80364394
1328	-1.84021497
1329	-1.86313105
1330	-1.74852550
1331	-4.55185127
1332	-1.22710609
1333	-4.54810667
1334	-1.13161540
1335	-0.47198385
1336	-4.41218281
1337	-1.53752768
1338	-3.03671432
1339	-4.09865952
1340	-3.88069725
1341	-4.32626390
1342	-4.45740080
1343	-0.33037513
1344	-4.40721464
1345	-2.34233189
1346	-4.51787233
1347	-5.65808153
1348	-8.88259983
1349	-2.74703574
1350	-5.71389198
1351	-0.79753888
1352	-0.61290938
1353	-1.76792681
1354	-2.03832984
1355	-4.07127666
1356	-4.29886150
1357	-3.24306965
1358	-3.32037878
1359	-0.55873573
1360	-0.51652229
1361	-2.86827469
1362	-0.83606154
1363	-2.11525059
1364	-3.26673961
1365	-2.11394930
1366	-1.76116014
1367	-3.23323679
1368	1.61930788
1369	-1.54616380
1370	1.18124807
1371	-0.26978689
1372	-3.31701303
1373	-1.68819010
1374	-1.81629336
1375	-3.94639611
1376	-0.88540936
1377	-1.01907480
1378	0.28477660
1379	-0.68202901
1380	-1.85792089
1381	-3.05838299
1382	-0.88374138
1383	-3.94068074
1384	0.00906181
1385	0.58845985
1386	-1.72156298
1387	0.50699925
1388	-0.73894286
1389	-3.08686137
1390	-3.10172868
1391	-3.31133437
1392	-2.77665281
1393	-0.81481445
1394	-2.23510242
1395	-1.57690609
1396	-2.60435057
1397	-4.71996593
1398	-2.40890718
1399	-2.24751067
1400	-5.97181129
1401	-0.87521994
1402	-2.54863310
1403	-2.60030246
1404	-0.74213421
1405	-4.33406115
1406	-4.96245813
1407	-8.95176792
1408	-6.74194145
1409	-1.54915679
1410	-1.27094615
1411	-3.00445914
1412	-2.08465362
1413	-3.63022804
1414	-3.58743596
1415	-1.68197787
1416	-1.58688080
1417	-3.83493662
1418	1.96375906
1419	1.78326440
1420	2.14937663
1421	0.71150994
1422	-0.82085133
1423	-0.39597362
1424	0.44945985
1425	-2.03900361
1426	3.35752010
1427	1.52014041
1428	2.23230267
1429	0.61470276
1430	0.10178901
1431	-0.53040922
1432	0.13158332
1433	-1.54896212
1434	1.06896508
1435	-0.44098204
1436	0.79323524
1437	1.07119763
1438	-1.59980834
1439	-2.66432548
1440	-1.50641418
1441	-2.79594707
1442	-2.70115018
1443	-0.20309971
1444	-5.33052492
1445	-2.66199303
1446	-3.16352749
1447	-5.25929880
1448	-3.62108040
1449	-3.27337790
1450	-7.70164871
1451	-3.14266992
1452	-3.12963390
1453	-3.44683313
1454	-5.25975370
1455	-5.58980989
1456	-4.47038317
1457	-3.94923329
1458	-5.71582890
1459	-0.74558038
1460	-1.05861235
1461	-2.69520617
1462	-1.29166460
1463	-1.50841117
1464	-2.61858130
1465	-1.87366533
1466	-0.88427997
1467	-1.91036367
1468	1.46347451
1469	-0.03344802
1470	1.02168286
1471	-1.38773632
1472	-2.60454154
1473	4.00367403
1474	0.13760111
1475	-3.31444311
1476	2.22867608
1477	1.07246900
1478	-0.21427327
1479	-1.06326854
1480	-1.75768661
1481	-1.06610835
1482	-0.97946900
1483	-4.50502872
1484	1.64038169
1485	0.27748719
1486	-3.23624873
1487	-0.30113623
1488	-2.25818110
1489	-4.34455013
1490	-3.46191311
1491	-3.31543589
1492	-2.56282735
1493	-1.67076492
1494	-2.61346149
1495	-2.48302126
1496	-2.52229095
1497	-5.97817087
1498	-4.61464500
1499	-2.65571618
1500	-6.11121464
1501	-1.18891311
1502	0.09245653
1503	-0.96514219
1504	-0.65909243
1505	-2.64796710
1506	-2.74306440
1507	-0.52411437
1508	-4.50206947
1509	-0.78072912
1510	-0.02860174
1511	-2.15419221
1512	-0.92518401
1513	-1.53272605
1514	-4.29530001
1515	-2.07945251
1516	-2.55202198
1517	-2.29665661
1518	-1.72195983
1519	-1.13698351
1520	0.06026829
1521	-3.88371968
1522	-2.41809034
1523	-1.68637514
1524	-1.09896696
1525	-3.22664404
1526	0.90029681
1527	-0.83238357
1528	-1.23720753
1529	-1.91501868
1530	-2.02649856
1531	-0.82589275
1532	2.60698938
1533	-3.62742734
1534	1.60759974
1535	-0.11969964
1536	-2.38750839
1537	0.76022458
1538	-0.70964253
1539	-2.79191685
1540	-1.78178561
1541	-0.84542650
1542	-1.24571264
1543	1.28743708
1544	0.09575887
1545	1.33569479
1546	-1.24554801
1547	-1.99136090
1548	-0.83785415
1549	0.04841008
1550	0.46303105
1551	1.44301593
1552	1.34762788
1553	0.23308383
1554	0.75572783
1555	-2.47848749
1556	-2.70196962
1557	-0.93189269
1558	-5.00135899
1559	0.26588699
1560	-0.62242413
1561	-1.97009242
1562	-1.85710919
1563	-3.72295070
1564	-3.71872830
1565	-1.41940629
1566	-3.67173791
1567	-2.91752076
1568	-1.04814589
1569	0.36650446
1570	0.01007604
1571	-2.67891097
1572	-3.85497022
1573	-2.58234239
1574	-2.07886338
1575	-5.24176884
1576	0.76424640
1577	0.04616336
1578	0.74736679
1579	-3.28811479
1580	-1.58663428
1581	-1.43117225
1582	0.96032852
1583	-2.57472563
1584	1.23394096
1585	2.00010300
1586	-0.35403562
1587	2.97909999
1588	0.78808713
1589	-0.83119911
1590	1.81961036
1591	1.06749105
1592	0.93134880
1593	3.14922523
1594	0.98545778
1595	1.68282795
1596	-0.27465829
1597	-2.66300726
1598	0.70288700
1599	-0.18646348
1600	-4.71695471
1601	0.31124556
1602	-0.17225391
1603	1.07099330
1604	-0.88330752
1605	-3.84754968
1606	-3.46353912
1607	-2.13902473
1608	-4.74635649
1609	3.71489882
1610	-0.88159102
1611	-3.68107295
1612	-1.15767384
1613	-3.01468372
1614	-3.49255514
1615	-1.86954570
1616	-3.23121691
1617	-2.57330441
1618	-1.19357049
1619	-3.41834021
1620	-0.04041622
1621	-2.04607391
1622	-3.24108601
1623	-2.09316707
1624	-1.82403278
1625	-3.78091383
1626	0.83859390
1627	2.24258375
1628	0.09872262
1629	-2.20364547
1630	-0.75473100
1631	-0.41681796
1632	0.64838374
1633	-1.68819094
1634	1.94249415
1635	0.69582087
1636	0.21332327
1637	1.10265326
1638	-1.70938790
1639	-2.00760221
1640	0.24481216
1641	-0.27412751
1642	-0.27483582
1643	1.69072223
1644	-0.54147345
1645	1.01701570
1646	0.94970673
1647	-2.83698416
1648	-0.14437431
1649	-0.00424421
1650	-3.55789471
1651	1.32608962
1652	0.53563559
1653	0.62352556
1654	0.43682677
1655	-3.50852227
1656	-1.00050843
1657	-1.16014862
1658	-5.46380568
1659	1.10605395
1660	0.76086092
1661	-2.84479976
1662	-1.87936532
1663	-2.26710963
1664	-3.99347639
1665	-2.22927523
1666	-3.81824040
1667	-2.77551866
1668	-1.29225457
1669	-4.03205919
1670	-1.86773813
1671	-2.36442184
1672	-4.48618460
1673	-3.43181705
1674	-1.65959942
1675	-7.45966244
1676	1.01411283
1677	0.71417880
1678	0.20997976
1679	-1.62077320
1680	-1.51459181
1681	-0.77032703
1682	1.64078629
1683	-2.49564958
1684	-0.36470133
1685	1.77079105
1686	0.22542998
1687	1.64294279
1688	-0.49526650
1689	-1.78601003
1690	-0.95050013
1691	-0.26510370
1692	0.92349517
1693	3.77242756
1694	1.27828383
1695	3.35506415
1696	2.69234538
1697	1.90684414
1698	0.25474074
1699	3.32271075
1700	-1.83627260
1701	2.96531463
1702	2.08746839
1703	2.83646297
1704	1.98211515
1705	-1.51808405
1706	-2.87233829
1707	-1.22589505
1708	-4.10549021
1709	0.50548631
1710	1.04453182
1711	-2.02149773
1712	-0.29947498
1713	-1.65893304
1714	-2.81994510
1715	0.03474867
1716	-2.58984518
1717	-1.57458651
1718	0.43064862
1719	-1.02669430
1720	1.24370706
1721	-0.93910396
1722	-3.42029285
1723	0.11262464
1724	-1.33691692
1725	-3.34208131
1726	0.79555458
1727	0.53047538
1728	0.48478693
1729	-0.94895667
1730	-2.30652332
1731	-1.12287569
1732	0.25115559
1733	-3.82806015
1734	-5.17842627
1735	0.33707160
1736	0.61061263
1737	1.84280539
1738	-0.50338006
1739	-0.10359745
1740	0.54397482
1741	0.20589054
1742	1.17880070
1743	2.87056088
1744	-0.07970509
1745	2.45828533
1746	1.44283438
1747	-1.48176873
1748	1.22867143
1749	1.18422198
1750	-0.94755971
1751	1.44705796
1752	2.99408436
1753	0.74302232
1754	0.36834764
1755	-1.60369396
1756	-1.43739629
1757	0.10981888
1758	-2.98684192
1759	2.29891157
1760	1.09611285
1761	0.11602639
1762	-0.24925485
1763	-0.91410512
1764	-3.12918544
1765	0.37854117
1766	-3.03996134
1767	-1.22772062
1768	-0.64197648
1769	-2.01686907
1770	-1.08463454
1771	-3.02709246
1772	-4.84130859
1773	-4.08437681
1774	-2.05595398
1775	-5.73537970
1776	-0.36153945
1777	0.12844896
1778	-0.22959487
1779	-0.72888750
1780	-2.13365602
1781	-5.30903912
1782	1.93309617
1783	-2.84697485
1784	0.61525357
1785	0.74080813
1786	-0.23399125
1787	1.32119501
1788	-1.53168249
1789	-2.82410502
1790	-1.58587945
1791	-3.08131719
1792	-1.64634037
1793	1.54543066
1794	-0.46631724
1795	1.07886183
1796	0.01437913
1797	-0.85775268
1798	0.94452393
1799	1.17611754
1800	0.54944390
1801	3.22680259
1802	2.39108133
1803	2.55833030
1804	1.93186772
1805	-0.76121485
1806	-1.08546603
1807	0.96545023
1808	-1.19757199
1809	2.26501274
1810	1.29541194
1811	1.95470214
1812	0.30791122
1813	-0.88987881
1814	-2.71458006
1815	-0.76029354
1816	-1.24349940
1817	-1.39228570
1818	0.43802121
1819	-1.24049640
1820	-0.14097703
1821	-2.42965198
1822	-3.60999489
1823	-3.84155107
1824	-2.31798482
1825	-4.62972355
1826	-0.54817086
1827	-1.47749138
1828	-1.12428904
1829	-4.99258041
1830	-3.46007800
1831	-2.33471727
1832	-0.24066138
1833	-4.32780170
1834	0.91700530
1835	2.46595478
1836	0.25285473
1837	2.77425432
1838	0.29025629
1839	-2.10270834
1840	3.47292805
1841	0.34223726
1842	2.64779806
1843	4.20844603
1844	1.49793613
1845	3.44365048
1846	2.54982138
1847	1.03725457
1848	2.89766192
1849	3.48303127
1850	-0.21655890
1851	5.30307865
1852	4.02154779
1853	3.84678364
1854	3.92950058
1855	0.95798814
1856	1.08176827
1857	1.93103504
1858	-1.57262075
1859	7.32849407
1860	1.67112494
1861	0.12028878
1862	-1.26337230
1863	-1.37881982
1864	-3.24602675
1865	-0.50135982
1866	-2.39931273
1867	-1.03304482
1868	0.79618019
1869	-3.90753269
1870	0.12605357
1871	-2.90077710
1872	-4.67439938
1873	-3.57953334
1874	-1.83658636
1875	-4.15060711
1876	1.00792241
1877	0.20132917
1878	1.15033400
1879	-1.62021542
1880	-2.68274450
1881	-2.77489519
1882	-0.11584031
1883	-4.10637951
1884	0.99959582
1885	1.17328560
1886	-0.02463604
1887	3.87401485
1888	-3.03754139
1889	-0.06851957
1890	1.24763536
1891	1.09755147
1892	2.73506308
1893	3.40209746
1894	1.18488848
1895	3.61858916
1896	2.06447077
1897	0.34123546
1898	1.43195915
1899	1.39739156
1900	-0.06492690
1901	3.22615242
1902	3.75890565
1903	3.00193620
1904	1.98206794
1905	-0.37543952
1906	-1.78947306
1907	1.04371524
1908	-2.32199526
1909	1.85589075
1910	1.35303521
1911	-0.55052209
1912	-0.47403193
1913	-0.40665257
1914	-3.07475972
1915	-0.41702777
1916	-2.17482829
1917	-0.45851809
1918	1.01101100
1919	-2.28167319
1920	1.89173627
1921	-0.77408123
1922	-3.56460428
1923	-2.73588705
1924	-1.42513895
1925	-2.46441388
1926	0.24943052
1927	-1.92380214
1928	-0.81191760
1929	-2.06961727
1930	-2.93767762
1931	-3.30038476
1932	-0.32747489
1933	-5.12523937
1934	0.07221538
1935	-0.50166810
1936	0.16375118
1937	1.40651107
1938	-2.54863000
1939	-2.86077285
1940	-0.78146398
1941	-1.74906576
1942	0.95952654
1943	1.94413126
1944	-0.32917607
1945	0.87177086
1946	-0.26170987
1947	-2.63481259
1948	-0.24071887
1949	1.66535103
1950	-2.06995559
1951	2.46548414
1952	2.77916932
1953	2.73194528
1954	3.51890922
1955	0.38162979
1956	-1.05814016
1957	2.04969668
1958	-2.06730056
1959	2.86007881
1960	3.47732782
1961	0.51114202
1962	1.65126908
1963	-0.24158074
1964	-2.32235146
1965	-0.24260688
1966	-2.18144989
1967	-0.06400001
1968	0.43076542
1969	-2.77091932
1970	0.82060331
1971	-1.70788980
1972	-4.45953321
1973	-4.99498081
1974	-2.09883237
1975	-4.99303818
1976	-0.98944980
1977	-2.67426682
1978	-1.21249378
1979	-3.89024663
1980	-5.25121927
1981	-4.37913513
1982	-1.98193407
1983	-5.56410408
1984	-3.25334430
1985	-0.46368274
1986	-0.54141861
1987	0.30487314
1988	-2.45348525
1989	-2.14705038
1990	-1.61861479
1991	-3.47097993
1992	0.42400092
1993	2.51412773
1994	-1.21794033
1995	2.68578982
1996	-0.10873101
1997	-0.99641162
1998	1.70577157
1999	0.73574078
2000	-0.19912545
2001	2.72386765
2002	2.29241800
2003	2.02954674
2004	2.77577281
2005	0.02174564
2006	-0.47692493
2007	1.43964195
2008	-2.86959600
2009	2.73110199
2010	2.24511290
2011	-0.42027974
2012	-0.02773936
2013	0.10569306
2014	-2.71739507
2015	-1.53509367
2016	-3.56893444
2017	-1.04328775
2018	0.86476320
2019	-1.74796319
2020	0.11547890
2021	-2.11199617
2022	-3.47034645
2023	-4.12522936
2024	-0.67794937
2025	-4.41777182
2026	0.69920629
2027	-1.43610406
2028	0.03243483
2029	-1.39995098
2030	-2.85070515
2031	-4.26101017
2032	0.44479102
2033	-3.65073061
2034	-0.19228867
2035	0.87494713
2036	-0.14950638
2037	1.13174963
2038	-1.12293482
2039	-2.55841208
2040	-1.01489401
2041	-1.84132147
2042	1.89610159
2043	1.57282555
2044	-1.61700463
2045	0.15158002
2046	-1.62442672
2047	-3.97782826
2048	-1.85299885
2049	-1.26914394
2050	-9.30869865
2051	0.42355028
2052	-0.33581680
2053	1.52534473
2054	0.63827246
2055	-0.94880539
2056	-2.82681489
2057	0.18449906
2058	-2.52323866
2059	1.17531097
2060	-0.28976607
2061	-3.03870797
2062	-0.21686094
2063	-0.38371286
2064	-1.67879248
2065	0.00715074
2066	-3.62852836
2067	-0.57077175
2068	1.61730564
2069	-0.58900505
2070	1.61698496
2071	2.40503621
2072	-2.33130884
2073	-0.83628005
2074	1.13644886
2075	-2.16119862
2076	1.75800204
2077	0.55668521
2078	0.01834235
2079	1.51862299
2080	-2.21684432
2081	-2.02867341
2082	-0.91357595
2083	-5.16416645
2084	-1.54030716
2085	-1.96787262
2086	-1.79232395
2087	0.11311034
2088	-4.24419928
2089	-3.71431065
2090	-2.06204033
2091	-4.98628235
2092	-1.44341135
2093	-1.17082345
2094	-3.07933879
2095	-0.73637086
2096	-1.92932177
2097	-4.55719614
2098	-3.47969103
2099	-2.94628215
2100	-3.48130369
2101	0.29112944
2102	-0.51049995
2103	0.43345892
2104	0.05964249
2105	-2.82030082
2106	-2.25225186
2107	-0.34534258
2108	-5.18216419
2109	4.24858236
2110	1.13215137
2111	0.68047625
2112	1.02015221
2113	-1.04548931
2114	-0.95898193
2115	1.16911054
2116	-1.30755091
2117	2.14739990
2118	2.99240279
2119	0.28789085
2120	2.10138178
2121	1.42432272
2122	-0.96458405
2123	0.00222916
2124	0.68045151
2125	-1.18629014
2126	3.03774047
2127	-4.59923077
2128	2.19188142
2129	-0.43864894
2130	-2.73113728
2131	-1.13074505
2132	-1.09008300
2133	-4.73647785
2134	-0.82351768
2135	-0.24334195
2136	-1.93019700
2137	2.64321232
2138	-0.35938519
2139	-3.48576617
2140	-2.11160135
2141	-3.60524535
2142	-1.26398146
2143	0.21192852
2144	-2.45822954
2145	-0.91183293
2146	-2.41743398
2147	-3.92283750
2148	-2.46730471
2149	-1.92468154
2150	-4.24995375
2151	-1.04313326
2152	-1.39221132
2153	-2.41841316
2154	-1.98038363
2155	-4.68650961
2156	-5.56738663
2157	-1.44505918
2158	-5.04566383
2159	1.61751521
2160	-0.02547033
2161	-0.46766216
2162	-0.29906625
2163	-1.43962824
2164	-3.13132524
2165	0.40472016
2166	-3.08483768
2167	-0.52904588
2168	1.30909646
2169	-1.03655231
2170	1.49093509
2171	-0.73332399
2172	-2.89666581
2173	-1.89806080
2174	-0.72849822
2175	3.04659510
2176	1.57419109
2177	0.77081639
2178	1.08624625
2179	-0.57587755
2180	-2.15208220
2181	0.18794842
2182	0.27013844
2183	-4.29276085
2184	0.41478106
2185	0.95287836
2186	-4.22897005
2187	0.68144494
2188	-3.39683294
2189	-2.68166089
2190	-3.13262963
2191	-5.51366615
2192	-1.31096268
2193	-0.59083807
2194	-3.70205760
2195	-3.21139503
2196	-2.43658233
2197	-5.78636169
2198	-3.13159204
2199	-2.76100254
2200	-4.06958914
2201	-1.16954839
2202	-2.72287655
2203	-1.83654642
2204	-4.22643471
2205	-4.18081141
2206	-3.60580063
2207	-2.24922466
2208	-6.05812740
2209	-0.10965798
2210	-0.11084423
2211	-0.96225536
2212	-0.56890625
2213	-2.94617605
2214	-2.74193954
2215	-1.62806964
2216	-3.12732863
2217	0.27975166
2218	2.14666700
2219	-0.73109025
2220	1.39592564
2221	0.14792717
2222	-2.27708721
2223	-1.44472110
2224	1.31759143
2225	-1.98289061
2226	2.24799919
2227	0.82623625
2228	2.10920644
2229	0.86168361
2230	-1.08914959
2231	0.37101653
2232	2.49776053
2233	-1.94757807
2234	0.87026137
2235	2.01971340
2236	-0.42175949
2237	0.41032454
2238	-2.64716792
2239	-3.62701702
2240	-1.59572852
2241	-4.41905642
2242	-1.13967574
2243	-0.55991709
2244	-3.24820328
2245	-0.78075480
2246	-0.91917312
2247	-4.23754549
2248	-1.71066570
2249	-1.83695149
2250	-2.86197782
2251	0.24839363
2252	-0.89917016
2253	0.11400258
2254	-1.15630603
2255	-3.20729876
2256	-4.51792812
2257	-2.60022163
2258	-6.86513758
2259	-0.99953938
2260	-0.46150249
2261	-1.84290707
2262	-2.61439323
2263	-0.14413315
2264	-3.09088373
2265	-0.64984030
2266	-5.13348103
2267	-0.16175082
2268	-0.61341786
2269	-3.26857400
2270	0.95405453
2271	-2.25726748
2272	-3.13950968
2273	-3.03505468
2274	-1.75845075
2275	-3.58826900
2276	0.86690748
2277	-1.08802867
2278	0.90676862
2279	-0.93012238
2280	-2.82453227
2281	0.07872754
2282	-0.31191713
2283	-5.94073725
2284	0.50505525
2285	1.52770364
2286	0.19827333
2287	0.90142417
2288	-2.33705664
2289	-1.76237679
2290	-2.17033839
2291	-3.48126554
2292	2.15989947
2293	0.81715298
2294	-1.39881575
2295	-0.74055487
2296	-2.06923199
2297	-4.28535461
2298	-1.26420033
2299	-2.36613059
2300	-15.67371941
2301	-1.38961887
2302	-0.49756634
2303	-1.61105692
2304	-2.38031769
2305	-4.58170557
2306	-5.79614210
2307	-2.77357888
2308	-6.89627504
2309	-2.01702690
2310	-2.10447907
2311	-4.75882435
2312	-4.64944839
2313	-4.42036343
2314	-5.53123760
2315	-2.69325447
2316	-5.74999332
2317	-1.08919787
2318	-2.02697182
2319	-3.57184982
2320	0.68784291
2321	-3.01223612
2322	-3.70793557
2323	-2.29065251
2324	-1.13497913
2325	-2.59966731
2326	1.40206861
2327	-0.54881537
2328	0.82442904
2329	0.36521247
2330	-1.43888724
2331	1.09636891
2332	1.76446974
2333	-3.83905315
2334	1.08868396
2335	2.38356495
2336	2.07216430
2337	1.45038378
2338	-2.36159873
2339	-0.36646283
2340	-2.08205581
2341	-2.54362655
2342	0.55779529
2343	0.83374971
2344	-3.60902953
2345	-1.48734736
2346	-2.50780725
2347	-4.05789471
2348	-3.61287594
2349	-5.02735090
2350	-6.14164639
2351	-1.61293197
2352	-5.19909668
2353	-0.98886544
2354	-2.60094643
2355	-5.51656771
2356	-6.10815668
2357	-3.26052976
2358	-10.08113956
2359	-1.85542941
2360	-1.61284316
2361	-2.76329517
2362	-3.83910656
2363	-4.72081423
2364	-4.36062241
2365	-2.05689597
2366	-6.62740850
2367	-1.69999576
2368	-0.73601651
2369	-4.22718906
2370	-0.28437382
2371	-2.36892033
2372	-3.88826585
2373	-2.60448670
2374	-2.45021605
2375	-1.88595235
2376	1.54932714
2377	-1.47137260
2378	-1.65120029
2379	-2.47188115
2380	-3.47634697
2381	-2.49642158
2382	-1.83838618
2383	-6.00617743
2384	-0.85651261
2385	0.03678045
2386	-0.58717620
2387	-1.15889096
2388	0.15346265
2389	-4.26500702
2390	-2.68689680
2391	-5.74282551
2392	-0.58218324
2393	-0.53480673
2394	-3.60845160
2395	-2.49988675
2396	-3.96079946
2397	-5.60301781
2398	-1.98642373
2399	-3.92585611
2400	-3.79602003
2401	-1.84193563
2402	-2.89796233
2403	-2.10047078
2404	-3.25977302
2405	-5.65275002
2406	-4.15585709
2407	-4.19212723
2408	-6.06388044
2409	-2.14216042
2410	-2.54156399
2411	-3.87336636
2412	-4.28747272
2413	-4.62266159
2414	-4.84801483
2415	-2.76270866
2416	-6.23072624
2417	-5.23481512
2418	-0.90293503
2419	-2.71743369
2420	-0.10538781
2421	-3.65920711
2422	-5.91935873
2423	-3.89499760
2424	-2.82014608
2425	-3.62928700
2426	-0.62889206
2427	-0.58994853
2428	-1.76519847
2429	-3.05459094
2430	-4.06856871
2431	-3.58325863
2432	-2.64323092
2433	-5.80210304
2434	-1.41001689
2435	1.34228384
2436	-0.40339935
2437	-0.56155878
2438	-3.58236241
2439	-3.62202144
2440	-2.47631192
2441	-4.77176952
2442	-0.86208540
2443	-0.10715239
2444	-4.32324505
2445	-3.44779325
2446	-1.47699416
2447	-5.43273449
2448	-3.29940844
2449	-3.44233871
2450	-4.91203785
2451	-1.57398963
2452	-3.52056646
2453	-1.75161099
2454	-1.01871395
2455	-6.32157421
2456	-6.46723843
2457	-4.99688244
2458	-8.73060131
2459	-3.31374598
2460	-2.81425643
2461	-4.90757227
2462	-5.89142132
2463	-6.54598618
2464	-5.58828688
2465	-3.78426385
2466	-8.51362038
2467	-3.84743357
2468	-4.23888636
2469	-5.92496252
2470	-2.54947448
2471	-4.85886574
2472	-5.39573240
2473	-5.18620777
2474	-3.88992691
2475	-5.60067797
2476	-1.53123128
2477	-2.33559752
2478	-0.91887462
2479	-1.98998678
2480	-3.44664049
2481	-2.78709412
2482	-0.83254480
2483	-6.78388214
2484	-0.95625174
2485	0.72321463
2486	-0.43534383
2487	0.94192153
2488	-3.09374309
2489	-3.63220000
2490	-2.16707349
2491	-5.18324566
2492	-0.73745757
2493	-0.10051667
2494	-2.43619871
2495	-1.94234931
2496	-4.23901749
2497	-5.08300018
2498	-4.69661999
2499	-5.38903570
2500	-6.32614994
2501	-3.34802651
2502	-3.08314800
2503	-2.72709942
2504	-6.23265028
2505	-6.67685604
2506	-7.30914164
2507	-5.83539248
2508	-9.56300735
2509	-3.48467827
2510	-3.82352829
2511	-5.75796223
2512	-5.81701469
2513	-13.96737671
2514	-7.13351727
2515	-4.95724869
2516	-8.15095711
2517	-3.44476104
2518	-3.43965054
2519	-5.09256220
2520	-2.03412247
2521	-4.20904112
2522	-4.95250750
2523	-2.60343385
2524	-3.58003187
2525	-2.28791523
2526	-0.15810563
2527	-1.74774790
2528	-0.77808011
2529	-2.42857003
2530	-2.85740805
2531	0.83694458
2532	-1.67028522
2533	-6.07011747
2534	-0.99830806
2535	-1.02994967
2536	-1.79850543
2537	-0.54946977
2538	-4.72792816
2539	-4.18890572
2540	-3.04220319
2541	-6.94577122
2542	-3.50182557
2543	-1.97375178
2544	-4.76479816
2545	-5.36112213
2546	-6.50359583
2547	-8.58891869
2548	-6.46503019
2549	-6.76441669
2550	-8.55393696
2551	-5.38475037
2552	-5.96475124
2553	-5.75610590
2554	-5.74800682
2555	-7.82786608
2556	-6.91161728
2557	-5.38595772
2558	-8.85312748
2559	-3.69843221
2560	-2.68685555
2561	-5.25835228
2562	-5.62123632
2563	-5.60330248
2564	-5.52072525
2565	-4.63168478
2566	-8.76113319
2567	-4.44765806
2568	-2.31514955
2569	-4.31194878
2570	-0.57837772
2571	-3.89552259
2572	-5.50407219
2573	-3.78357029
2574	-3.06447029
2575	-2.40706158
2576	0.22267011
2577	-2.92495418
2578	-0.58090889
2579	-4.65623903
2580	-3.59309125
2581	-2.43240571
2582	-0.26838627
2583	-4.79875231
2584	0.44267365
2585	0.40511599
2586	-0.65803552
2587	0.35291752
2588	-3.32418609
2589	-4.38364077
2590	-2.99741101
2591	-5.02256823
2592	0.48779893
2593	-0.30886874
2594	-2.88810015
2595	-2.53718424
2596	-0.57630754
2597	-3.40853691
2598	-1.06249964
2599	-1.63838768
2600	-3.34618926
2601	-0.69903147
2602	-2.46406484
2603	-0.69422501
2604	-1.26865327
2605	-2.50309873
2606	-3.84230947
2607	-2.00750160
2608	-2.47383714
2609	-0.10606577
2610	-0.49874589
2611	-1.30498886
2612	-2.42503786
2613	-1.43946910
2614	-3.16694164
2615	-0.90383732
2616	-5.38292313
2617	-1.20895576
2618	-0.63504970
2619	-0.97670007
2620	-0.22907756
2621	-2.84974003
2622	-4.45094919
2623	-0.94638103
2624	-2.35392308
2625	-1.02951801
2626	1.16022396
2627	5.61030102
2628	-0.56873244
2629	0.03706292
2630	-1.42869139
2631	0.39403048
2632	-0.61343735
2633	-3.51273155
2634	1.28289688
2635	1.25006998
2636	0.40897676
2637	-0.92450815
2638	-0.68823439
2639	-1.19669390
2640	0.67535055
2641	-3.18966985
2642	1.83380461
2643	3.16821814
2644	-0.53103215
2645	-0.19204567
2646	0.35754013
2647	-2.40107226
2648	-0.35098657
2649	-0.88242793
2650	-1.55483234
2651	0.00186565
2652	-1.85172069
2653	-0.79993337
2654	-1.29026639
2655	-2.78334284
2656	-1.51066411
2657	-0.61545199
2658	-4.17156315
2659	0.50009304
2660	0.55367351
2661	0.05977823
2662	-2.74683428
2663	-2.51509404
2664	-2.38926458
2665	-0.07919733
2666	-4.47606611
2667	1.34333134
2668	-1.05503464
2669	-2.61020255
2670	-1.37256777
2671	-3.10911250
2672	-4.12926960
2673	-2.53778768
2674	-1.60031784
2675	-1.68760002
2676	-0.18191126
2677	-0.48572353
2678	-0.32490048
2679	-2.32062006
2680	-3.51687002
2681	-1.57097006
2682	-1.12204576
2683	-4.36081123
2684	-0.45704821
2685	2.46792459
2686	-0.53347129
2687	-0.00993644
2688	-1.24361360
2689	-3.47063637
2690	-2.18717742
2691	-5.20534134
2692	-0.40547174
2693	0.79504061
2694	-0.80689543
2695	-0.94643044
2696	-2.24815607
2697	-2.32253861
2698	-0.72461826
2699	-2.00412679
2700	-1.82952440
2701	0.11998865
2702	-2.40939283
2703	-1.03440666
2704	1.79146469
2705	-4.18171787
2706	-5.09552908
2707	-2.62284923
2708	-4.90301514
2709	-0.40423903
2710	-2.98575425
2711	-1.82845879
2712	-2.16027355
2713	-3.60634160
2714	-2.77454686
2715	3.57498336
2716	-5.30148649
2717	-0.42541689
2718	-0.19542131
2719	-2.73246479
2720	-0.73077953
2721	-3.39569497
2722	-4.64314461
2723	-4.16804600
2724	-2.72657132
2725	-2.18993306
2726	0.23447029
2727	-2.33099055
2728	-0.87239355
2729	-1.81385660
2730	-4.25609970
2731	-1.45753694
2732	0.49921006
2733	-7.57625914
2734	-0.31258854
2735	1.30548787
2736	0.80768758
2737	0.22836065
2738	-1.53583694
2739	-1.49803472
2740	0.18761113
2741	-3.31580329
2742	2.02258372
2743	1.00170028
2744	-0.90709800
2745	1.30386007
2746	0.20211917
2747	-1.96795547
2748	0.86771822
2749	0.07027408
2750	0.94800007
2751	2.51041722
2752	0.42180213
2753	2.55743313
2754	-0.26762161
2755	-2.33342314
2756	-1.62782764
2757	-1.17710602
2758	-3.62258101
2759	1.27004409
2760	0.82565957
2761	-0.37161985
2762	-1.28448141
2763	-2.47016263
2764	-3.03370953
2765	-0.23417926
2766	-6.05575418
2767	-0.76342523
2768	-0.80484349
2769	-2.66303420
2770	-0.57200783
2771	-2.18010449
2772	-4.12328148
2773	-0.92562437
2774	-3.41485190
2775	-1.68290865
2776	0.18318117
2777	-1.44399226
2778	0.09266877
2779	-0.29254314
2780	-3.06260610
2781	2.34831834
2782	-0.34389278
2783	-3.05892944
2784	1.20884323
2785	1.44199467
2786	1.43435490
2787	1.11935925
2788	-0.91701055
2789	-1.50218666
2790	0.18513626
2791	-1.90141654
2792	-1.38321006
2793	2.68408442
2794	2.09923029
2795	2.00800800
2796	0.81325406
2797	-0.46952254
2798	1.12152588
2799	0.55403292
2800	2.23879695
2801	3.66831279
2802	-0.37369943
2803	2.63810658
2804	1.00192237
2805	-1.26207745
2806	-0.78844690
2807	0.37473980
2808	-3.94231033
2809	1.80306160
2810	0.91808015
2811	-0.09887985
2812	-0.78395480
2813	-2.15650916
2814	-2.02232957
2815	-0.65729600
2816	-5.36326599
2817	0.90724528
2818	1.75178885
2819	-0.60604453
2820	1.22309947
2821	-1.63341844
2822	-3.36598110
2823	-3.14500546
2824	-2.82352328
2825	-0.94663996
2826	1.13884175
2827	-0.95443982
2828	0.10087527
2829	-4.28386164
2830	-2.73770976
2831	0.47376099
2832	0.77545106
2833	-3.05704212
2834	1.83840370
2835	2.41306686
2836	1.88118470
2837	2.35900593
2838	-0.75704920
2839	-4.14748812
2840	-1.33679438
2841	-2.16787410
2842	2.79644084
2843	1.91671789
2844	0.88890886
2845	1.15178025
2846	0.03938945
2847	-0.93323988
2848	0.83794791
2849	-0.44922557
2850	-0.46511140
2851	1.14499223
2852	-2.00378966
2853	-0.49563184
2854	-1.51445699
2855	-3.06043959
2856	-2.89152145
2857	-1.01676929
2858	0.84785932
2859	-0.58528233
2860	-2.44079018
2861	-2.39953971
2862	-3.83611250
2863	-4.39754295
2864	-5.10476923
2865	-3.28039050
2866	-7.99799967
2867	-2.88497233
2868	-3.89962029
2869	-3.33334565
2870	-2.40245867
2871	-5.68266058
2872	-6.89339209
2873	-5.20931864
2874	-5.02262545
2875	-3.29024172
2876	-1.54953468
2877	-3.95039105
2878	-3.46629238
2879	-3.28736854
2880	-4.65661144
2881	-2.17456961
2882	-2.03285909
2883	-4.26707268
2884	-0.17200780
2885	-1.01450753
2886	-0.58196950
2887	-0.80670798
2888	-3.09596443
2889	-4.41676092
2890	-2.50169992
2891	-6.58457184
2892	-1.47979844
2893	-1.34519243
2894	-3.79193544
2895	-3.09286594
2896	-4.13743782
2897	-4.86749935
2898	-1.56353688
2899	-5.56541920
2900	-4.27450657
2901	-2.01606178
2902	-5.16595745
2903	-3.04094577
2904	-4.55418634
2905	-6.76977348
2906	-8.45853996
2907	-4.46057606
2908	-7.48041296
2909	-2.41329861
2910	-3.42852879
2911	-4.62812662
2912	-3.97021961
2913	-6.13917303
2914	-5.03097391
2915	-2.71347904
2916	-6.80338335
2917	4.88121891
2918	-1.47581029
2919	-3.14807534
2920	-1.38041437
2921	-3.55950737
2922	-4.67216921
2923	-3.17403030
2924	-5.69176292
2925	-3.03094769
2926	-2.58671665
2927	-4.04152584
2928	-2.54594398
2929	-4.50375509
2930	-6.36110592
2931	-2.90255189
2932	-2.85930562
2933	-7.30727148
2934	-2.32940793
2935	-3.12458062
2936	-2.19339323
2937	-2.94206405
2938	-6.04736090
2939	-4.89617825
2940	-4.81142092
2941	-6.76356983
2942	-1.92140865
2943	-3.38018560
2944	-5.24482203
2945	-3.00080538
2946	-6.01930857
2947	-6.54517651
2948	-3.60558391
2949	-4.84152031
2950	-2.84400582
2951	-1.16231489
2952	-3.51864195
2953	-0.81570452
2954	-0.29511201
2955	-4.49701738
2956	-4.82669640
2957	-3.60250831
2958	-5.92271852
2959	-0.75905484
2960	-3.81414294
2961	-2.80818772
2962	-3.97513962
2963	-6.40133333
2964	-7.31778908
2965	-3.52739429
2966	-7.91121340
2967	-3.29445744
2968	-2.49610090
2969	-4.44585657
2970	-1.86896825
2971	-5.28273058
2972	-6.84621477
2973	-5.16486740
2974	-6.30508947
2975	-4.57004738
2976	-2.96767354
2977	-5.38552284
2978	-4.86020803
2979	-6.31754923
2980	-8.18820286
2981	-5.33855772
2982	-5.34354877
2983	-6.11352921
2984	-3.00267434
2985	-3.07782078
2986	-2.99076629
2987	-3.31193495
2988	-5.56811380
2989	-4.76995516
2990	-3.44137216
2991	-7.07327032
2992	-0.67688775
2993	-1.55377567
2994	-1.52025938
2995	-1.92652905
2996	-2.70848060
2997	-3.55221725
2998	-0.13232508
2999	-2.92132115
3000	-1.58789527