	C:\Users\jkuzm\OneDrive - University of Massachusetts\HRSL x UMILL-PUMA Fatigue - Fatigue\Data\F01\FR3_static2.c3d _ImpedanceExport
	FP1
	FORCE
	ORIGINAL
ITEM	Z
1	647.80249023
2	646.58813477
3	648.93548584
4	646.67254639
5	647.09576416
6	650.31799316
7	648.31903076
8	649.79193115
9	649.53173828
10	649.73736572
11	648.66937256
12	648.33453369
13	648.05682373
14	650.57684326
15	649.63220215
16	649.02404785
17	651.88092041
18	648.07678223
19	648.67742920
20	650.16326904
21	647.71502686
22	648.97442627
23	649.09234619
24	647.97326660
25	650.04956055
26	646.67095947
27	647.02935791
28	648.75476074
29	646.66503906
30	648.39959717
31	648.73925781
32	647.27105713
33	648.13446045
34	648.48406982
35	647.37817383
36	648.23297119
37	646.75817871
38	647.80090332
39	649.26214600
40	645.94586182
41	646.30218506
42	650.04260254
43	647.63842773
44	647.71520996
45	647.10626221
46	647.18316650
47	647.78216553
48	647.95861816
49	645.78442383
50	648.20269775
51	646.22631836
52	645.97259521
53	646.56347656
54	643.86901855
55	644.90112305
56	645.57952881
57	644.98486328
58	645.49615479
59	646.98828125
60	645.00457764
61	644.98144531
62	644.03796387
63	643.93859863
64	646.37274170
65	645.86560059
66	644.11920166
67	647.05902100
68	645.27185059
69	646.40490723
70	645.48840332
71	643.96148682
72	646.99298096
73	646.90966797
74	644.64581299
75	646.71466064
76	644.92065430
77	644.65942383
78	643.59210205
79	642.89898682
80	644.55718994
81	645.50317383
82	643.86676025
83	645.06829834
84	643.75347900
85	642.72729492
86	643.59436035
87	643.68988037
88	641.66656494
89	649.51947021
90	644.28247070
91	644.45257568
92	645.92395020
93	644.38562012
94	644.11523438
95	643.85534668
96	644.28601074
97	645.15191650
98	646.46765137
99	643.23815918
100	647.23901367
101	643.77691650
102	645.00067139
103	645.86364746
104	643.95629883
105	644.89678955
106	646.98156738
107	645.42321777
108	646.64007568
109	645.68182373
110	645.00189209
111	644.37615967
112	644.03747559
113	644.72442627
114	645.40423584
115	644.81011963
116	643.75933838
117	644.77539062
118	644.62481689
119	644.81549072
120	644.47180176
121	643.51098633
122	646.10632324
123	647.06976318
124	645.07275391
125	647.40142822
126	644.99279785
127	646.75225830
128	647.23181152
129	645.60815430
130	645.15460205
131	646.45043945
132	644.29437256
133	646.02191162
134	646.11047363
135	644.90673828
136	645.51214600
137	645.95709229
138	644.20733643
139	646.01043701
140	645.67712402
141	644.97589111
142	645.73291016
143	645.43695068
144	644.98822021
145	644.89703369
146	644.19470215
147	646.23199463
148	645.23754883
149	645.07501221
150	648.27972412
151	644.12011719
152	644.90899658
153	647.25964355
154	645.78515625
155	646.90917969
156	647.68090820
157	644.79992676
158	646.99114990
159	645.68041992
160	646.48980713
161	645.15887451
162	645.08264160
163	644.89276123
164	646.71215820
165	649.89746094
166	645.07666016
167	647.57495117
168	644.47235107
169	644.28845215
170	644.72143555
171	644.90234375
172	644.69323730
173	645.66381836
174	644.18634033
175	646.25885010
176	644.55822754
177	644.81768799
178	645.32519531
179	644.80865479
180	645.76062012
181	645.83416748
182	644.80999756
183	646.01171875
184	646.11175537
185	644.29547119
186	645.34008789
187	644.39337158
188	644.46386719
189	645.31323242
190	644.53735352
191	644.45458984
192	646.87976074
193	643.60058594
194	644.64617920
195	642.55267334
196	643.67285156
197	645.67370605
198	644.79876709
199	643.76904297
200	646.61260986
201	644.12487793
202	645.26214600
203	647.95782471
204	645.61663818
205	642.79858398
206	646.54205322
207	644.19787598
208	646.55126953
209	645.24847412
210	645.53173828
211	644.81433105
212	643.51452637
213	644.02105713
214	646.80822754
215	645.51507568
216	644.98754883
217	646.97241211
218	644.91021729
219	644.99206543
220	644.37884521
221	643.59320068
222	645.84796143
223	644.43951416
224	645.72943115
225	647.58923340
226	644.29901123
227	644.82434082
228	645.76477051
229	644.72613525
230	645.85400391
231	646.97991943
232	646.56665039
233	646.27972412
234	646.38659668
235	645.18084717
236	646.56286621
237	646.49310303
238	646.03912354
239	647.15478516
240	646.81872559
241	646.29675293
242	649.24725342
243	646.52410889
244	645.60736084
245	644.81616211
246	644.89520264
247	647.23797607
248	646.64025879
249	645.16632080
250	648.36328125
251	644.47192383
252	645.35559082
253	645.65093994
254	644.73577881
255	645.58880615
256	647.15026855
257	644.62786865
258	646.62841797
259	645.32434082
260	645.69531250
261	645.41760254
262	645.51251221
263	645.67553711
264	647.85241699
265	646.02276611
266	644.80328369
267	646.51947021
268	644.73333740
269	644.89819336
270	645.95214844
271	643.76757812
272	645.69122314
273	645.22900391
274	644.45666504
275	646.52868652
276	645.34661865
277	644.81359863
278	644.71850586
279	644.28417969
280	644.36419678
281	645.49426270
282	644.82055664
283	645.75463867
284	644.62213135
285	644.29162598
286	645.85485840
287	644.28790283
288	643.93011475
289	646.01300049
290	645.48962402
291	643.40020752
292	645.74011230
293	643.33135986
294	642.71057129
295	643.06024170
296	641.56384277
297	644.96441650
298	644.26574707
299	642.36175537
300	645.11639404
301	642.54718018
302	642.10577393
303	643.65887451
304	641.75274658
305	641.55249023
306	645.39813232
307	643.57604980
308	645.04534912
309	642.78369141
310	643.60028076
311	645.06195068
312	642.97283936
313	644.10736084
314	646.18420410
315	645.33074951
316	644.37139893
317	647.49468994
318	643.94934082
319	646.39569092
320	645.99188232
321	644.30078125
322	644.79516602
323	645.58575439
324	645.33239746
325	646.97131348
326	644.55963135
327	644.12292480
328	644.88903809
329	642.53997803
330	644.01507568
331	646.01898193
332	644.63336182
333	646.88641357
334	645.32531738
335	643.77026367
336	646.38470459
337	644.81628418
338	644.80816650
339	645.30822754
340	644.70959473
341	645.58374023
342	646.96594238
343	644.90625000
344	646.21453857
345	645.59747314
346	645.85162354
347	646.36804199
348	646.54101562
349	644.15844727
350	647.83557129
351	645.51977539
352	644.90173340
353	646.63732910
354	644.37982178
355	644.62396240
356	647.23883057
357	644.01190186
358	646.53942871
359	645.14251709
360	643.68786621
361	644.98083496
362	643.67681885
363	644.36297607
364	645.39874268
365	644.28082275
366	644.27844238
367	645.47949219
368	642.02069092
369	644.90362549
370	645.06939697
371	644.29095459
372	646.62536621
373	646.10809326
374	645.50708008
375	646.96704102
376	645.96105957
377	644.38421631
378	645.85681152
379	644.29284668
380	645.23736572
381	645.58050537
382	644.55175781
383	645.31750488
384	644.89752197
385	644.12286377
386	645.33612061
387	644.64733887
388	642.87792969
389	645.48638916
390	644.36413574
391	644.27593994
392	645.30279541
393	644.21337891
394	644.72814941
395	644.38024902
396	646.39056396
397	646.05108643
398	645.32275391
399	644.64300537
400	646.61547852
401	644.56048584
402	644.21386719
403	646.91418457
404	645.00286865
405	643.58032227
406	645.31744385
407	646.38806152
408	646.18695068
409	645.07360840
410	645.78558350
411	645.85272217
412	642.89141846
413	645.67687988
414	645.92047119
415	644.10559082
416	646.91235352
417	646.43927002
418	643.42199707
419	644.98919678
420	645.52233887
421	643.15185547
422	645.40216064
423	645.40490723
424	645.68365479
425	647.14208984
426	643.48779297
427	644.29516602
428	646.72906494
429	645.42266846
430	645.77014160
431	647.15283203
432	644.90472412
433	648.03045654
434	646.90814209
435	644.73980713
436	646.56567383
437	644.91015625
438	645.07275391
439	646.70806885
440	645.42041016
441	645.76593018
442	646.70422363
443	644.65301514
444	643.41394043
445	646.09765625
446	643.84277344
447	646.62982178
448	645.49749756
449	643.67803955
450	647.14117432
451	644.99755859
452	643.59582520
453	645.50402832
454	647.10119629
455	646.10803223
456	646.10748291
457	643.84283447
458	645.75378418
459	645.59521484
460	643.25537109
461	645.34100342
462	643.50915527
463	643.41412354
464	645.05139160
465	644.55908203
466	643.23583984
467	645.91943359
468	643.94696045
469	644.55651855
470	643.60107422
471	641.40502930
472	643.65533447
473	644.37792969
474	644.44403076
475	645.92358398
476	641.85253906
477	643.51672363
478	644.54516602
479	643.15435791
480	645.86126709
481	645.59063721
482	645.17156982
483	646.89813232
484	645.06988525
485	643.96105957
486	646.21551514
487	644.66143799
488	645.25976562
489	646.54876709
490	645.68920898
491	645.15948486
492	649.34484863
493	644.75115967
494	644.90539551
495	643.76641846
496	644.81256104
497	645.32360840
498	644.97991943
499	643.67901611
500	647.66387939
501	644.65905762
502	644.13360596
503	645.97558594
504	645.18530273
505	644.98205566
506	646.45416260
507	645.86468506
508	646.72149658
509	646.04327393
510	646.75531006
511	644.64379883
512	645.34765625
513	646.21234131
514	647.15386963
515	646.39147949
516	645.16326904
517	647.85314941
518	645.35974121
519	645.60949707
520	644.56768799
521	645.87860107
522	645.08850098
523	645.32196045
524	644.72283936
525	646.87426758
526	643.51690674
527	644.73852539
528	645.86212158
529	643.68139648
530	647.16540527
531	646.98815918
532	644.54156494
533	647.24310303
534	644.72131348
535	644.91864014
536	645.33972168
537	644.82348633
538	644.72064209
539	647.76794434
540	644.28540039
541	645.06842041
542	646.62677002
543	644.74157715
544	644.99633789
545	645.43688965
546	644.55096436
547	645.57946777
548	645.59069824
549	643.07409668
550	647.40509033
551	644.26690674
552	644.12939453
553	645.77520752
554	642.99169922
555	644.98498535
556	645.23077393
557	643.32550049
558	646.81127930
559	645.78131104
560	643.17163086
561	645.60894775
562	644.30126953
563	643.67565918
564	646.10394287
565	643.50347900
566	645.42645264
567	646.89685059
568	643.95983887
569	646.57940674
570	644.42749023
571	643.61053467
572	645.76269531
573	645.24029541
574	644.89959717
575	646.79766846
576	644.13110352
577	644.21728516
578	645.78076172
579	644.99438477
580	645.83819580
581	645.58032227
582	644.02673340
583	646.54492188
584	645.69085693
585	645.18090820
586	646.21051025
587	644.83172607
588	644.63946533
589	646.62994385
590	645.23608398
591	645.32836914
592	646.89056396
593	646.49200439
594	646.13702393
595	645.16864014
596	645.51312256
597	647.33984375
598	645.07781982
599	644.74157715
600	648.28070068
601	645.70764160
602	645.18121338
603	646.13116455
604	644.30902100
605	645.33074951
606	646.46038818
607	646.38787842
608	646.81066895
609	644.83715820
610	645.09680176
611	646.21588135
612	645.78430176
613	644.90435791
614	647.50543213
615	646.57324219
616	646.04510498
617	648.81896973
618	643.95056152
619	645.96063232
620	645.52850342
621	644.47003174
622	647.77404785
623	646.64904785
624	644.46112061
625	648.01525879
626	645.00018311
627	645.52520752
628	644.00793457
629	644.90270996
630	646.46112061
631	646.10491943
632	644.11193848
633	646.27191162
634	644.28204346
635	644.91302490
636	646.47454834
637	643.68859863
638	644.62713623
639	647.06121826
640	644.36401367
641	644.19305420
642	646.62072754
643	644.65136719
644	644.11999512
645	644.21185303
646	644.63403320
647	648.54937744
648	646.47369385
649	644.03094482
650	646.35021973
651	645.35449219
652	643.59674072
653	644.72497559
654	643.51617432
655	645.33068848
656	644.71179199
657	644.19274902
658	646.89147949
659	645.69183350
660	644.56182861
661	645.68328857
662	644.55664062
663	644.19342041
664	646.27893066
665	644.28088379
666	644.37237549
667	645.92401123
668	642.98785400
669	644.29388428
670	644.56292725
671	642.98291016
672	646.36517334
673	645.32592773
674	643.94488525
675	647.66107178
676	644.79180908
677	644.73571777
678	645.33532715
679	644.46667480
680	645.93969727
681	647.51055908
682	644.90423584
683	647.15679932
684	644.55310059
685	645.35101318
686	646.63446045
687	644.47308350
688	645.50793457
689	647.14971924
690	645.59423828
691	644.97851562
692	647.15283203
693	645.35156250
694	643.76806641
695	642.63323975
696	644.11010742
697	646.37042236
698	644.10253906
699	644.29370117
700	647.84082031
701	645.79205322
702	644.21020508
703	645.94860840
704	643.16351318
705	645.93402100
706	645.85150146
707	644.72564697
708	646.36944580
709	644.64788818
710	645.27246094
711	645.60980225
712	644.38604736
713	644.36431885
714	647.42065430
715	644.80017090
716	645.59643555
717	645.76031494
718	643.60791016
719	644.38580322
720	644.82934570
721	643.42712402
722	645.58905029
723	647.61065674
724	645.77789307
725	646.88696289
726	644.30682373
727	644.47869873
728	644.81250000
729	643.59552002
730	644.72528076
731	645.50189209
732	643.24578857
733	645.39813232
734	646.23162842
735	644.03442383
736	646.56097412
737	644.82769775
738	644.37188721
739	646.98101807
740	644.45324707
741	644.45367432
742	645.13623047
743	645.26690674
744	644.10510254
745	643.77020264
746	642.62585449
747	645.75683594
748	644.72058105
749	643.77075195
750	646.44403076
751	643.86682129
752	644.82916260
753	643.66925049
754	644.22094727
755	645.06542969
756	646.20190430
757	644.99053955
758	647.07458496
759	644.29132080
760	644.48358154
761	646.55603027
762	645.16833496
763	644.46337891
764	646.81091309
765	645.42687988
766	644.98590088
767	646.28045654
768	643.42657471
769	645.43365479
770	644.82714844
771	643.15686035
772	646.34399414
773	644.97961426
774	643.85168457
775	645.65057373
776	643.86328125
777	644.73535156
778	644.55285645
779	643.58673096
780	645.15222168
781	646.97344971
782	644.45916748
783	647.67303467
784	645.59167480
785	644.55389404
786	647.43572998
787	645.17419434
788	646.02807617
789	647.14788818
790	645.76635742
791	646.20471191
792	646.62786865
793	645.09112549
794	645.86370850
795	644.03106689
796	644.63592529
797	647.33502197
798	645.24102783
799	644.81335449
800	648.62512207
801	644.59912109
802	643.94549561
803	644.89764404
804	644.12463379
805	645.23944092
806	646.10827637
807	645.94885254
808	647.85644531
809	646.04095459
810	645.52990723
811	647.07110596
812	646.13366699
813	645.68322754
814	648.02539062
815	645.94976807
816	647.17517090
817	648.55340576
818	646.66705322
819	649.37329102
820	649.20471191
821	645.86737061
822	647.23815918
823	645.67633057
824	645.85803223
825	648.70526123
826	645.35156250
827	644.64642334
828	645.59783936
829	644.11059570
830	646.46588135
831	647.41790771
832	644.89813232
833	646.88555908
834	645.68951416
835	645.17279053
836	647.25463867
837	645.00402832
838	645.68743896
839	647.67639160
840	646.04150391
841	647.60845947
842	647.42126465
843	646.05596924
844	646.56689453
845	647.18408203
846	645.85949707
847	648.12158203
848	648.74664307
849	643.94079590
850	648.00524902
851	644.82623291
852	645.08624268
853	645.50714111
854	643.50402832
855	644.87658691
856	645.66717529
857	645.85180664
858	645.56622314
859	643.40643311
860	645.43072510
861	646.54760742
862	644.46276855
863	645.94079590
864	647.05194092
865	644.71881104
866	646.37078857
867	647.58807373
868	645.16766357
869	646.90667725
870	644.63958740
871	644.64379883
872	647.93878174
873	647.16149902
874	646.38677979
875	648.27288818
876	644.91424561
877	644.99682617
878	647.26043701
879	644.98400879
880	645.75671387
881	646.28228760
882	644.98870850
883	646.96661377
884	644.89685059
885	644.03057861
886	646.10931396
887	644.11968994
888	644.99145508
889	645.74932861
890	644.62799072
891	645.85119629
892	645.22692871
893	644.12585449
894	645.24914551
895	645.17358398
896	644.98040771
897	647.01885986
898	645.76983643
899	644.11499023
900	647.83538818
901	644.64532471
902	643.59283447
903	646.21411133
904	644.91149902
905	645.93035889
906	646.36163330
907	645.92541504
908	646.70184326
909	645.77545166
910	644.56445312
911	645.84808350
912	644.46057129
913	645.32849121
914	647.05743408
915	645.77075195
916	647.51324463
917	646.44885254
918	645.17742920
919	645.86169434
920	645.70037842
921	645.34356689
922	646.71405029
923	646.20153809
924	645.42938232
925	646.53204346
926	644.69293213
927	646.40515137
928	645.69366455
929	645.00006104
930	646.64453125
931	646.02764893
932	645.16888428
933	646.62902832
934	644.56335449
935	645.00274658
936	645.96203613
937	644.12066650
938	644.37298584
939	645.66290283
940	644.19067383
941	644.09851074
942	646.10284424
943	643.08044434
944	644.19836426
945	642.89855957
946	643.49102783
947	645.84210205
948	644.80895996
949	644.11755371
950	647.66589355
951	644.12921143
952	644.38220215
953	645.24627686
954	645.35540771
955	644.75408936
956	646.46435547
957	645.33856201
958	646.01757812
959	643.95428467
960	644.30871582
961	644.90063477
962	644.47283936
963	642.88543701
964	645.40704346
965	643.68688965
966	645.42498779
967	645.15032959
968	642.82934570
969	644.21228027
970	642.82135010
971	643.07153320
972	644.71319580
973	643.57745361
974	644.56890869
975	647.05206299
976	643.43725586
977	643.60382080
978	644.47540283
979	643.94293213
980	644.71331787
981	645.06152344
982	644.20477295
983	645.75164795
984	642.88720703
985	643.60296631
986	644.02185059
987	643.34686279
988	642.62127686
989	646.01977539
990	642.97375488
991	644.01556396
992	643.64947510
993	643.51806641
994	643.42395020
995	643.50830078
996	643.85107422
997	645.05841064
998	643.66992188
999	642.89337158
1000	647.66778564
1001	641.85339355
1002	644.38671875
1003	644.43957520
1004	644.30371094
1005	646.46441650
1006	646.29077148
1007	644.63409424
1008	646.80426025
1009	646.14086914
1010	646.05529785
1011	647.35284424
1012	645.96875000
1013	645.67681885
1014	647.51037598
1015	645.52026367
1016	646.29937744
1017	646.99206543
1018	644.74237061
1019	644.99377441
1020	644.03790283
1021	643.67755127
1022	644.87554932
1023	645.24182129
1024	645.07269287
1025	647.05450439
1026	644.03509521
1027	645.35174561
1028	644.81243896
1029	643.76416016
1030	645.93725586
1031	645.14874268
1032	645.61016846
1033	648.54638672
1034	645.87200928
1035	645.87493896
1036	648.39038086
1037	645.26745605
1038	645.50891113
1039	648.55291748
1040	646.37420654
1041	646.81927490
1042	646.02111816
1043	645.44860840
1044	644.91168213
1045	645.08489990
1046	644.54766846
1047	646.10797119
1048	645.33386230
1049	644.82067871
1050	648.10296631
1051	644.39410400
1052	644.99957275
1053	645.25018311
1054	644.48236084
1055	644.44964600
1056	646.02667236
1057	645.25030518
1058	646.96929932
1059	642.90118408
1060	641.23547363
1061	646.91619873
1062	644.47161865
1063	646.47711182
1064	646.36938477
1065	645.87115479
1066	647.08123779
1067	647.34271240
1068	645.09442139
1069	646.04675293
1070	648.50665283
1071	643.16979980
1072	646.72363281
1073	645.15686035
1074	645.25238037
1075	646.53045654
1076	644.13537598
1077	644.29913330
1078	644.90704346
1079	643.77099609
1080	644.70672607
1081	645.41510010
1082	644.03649902
1083	647.67346191
1084	644.03509521
1085	644.83581543
1086	646.99780273
1087	645.09600830
1088	646.74224854
1089	647.59234619
1090	645.77679443
1091	646.12902832
1092	646.29827881
1093	646.05773926
1094	646.57843018
1095	645.45080566
1096	645.50958252
1097	647.77020264
1098	642.97216797
1099	646.91149902
1100	647.49096680
1101	645.70166016
1102	644.12841797
1103	646.03631592
1104	643.68914795
1105	645.23999023
1106	645.23498535
1107	643.93603516
1108	646.89074707
1109	645.01428223
1110	644.21643066
1111	646.20416260
1112	645.69592285
1113	645.42095947
1114	647.06994629
1115	645.95800781
1116	646.90667725
1117	646.72680664
1118	645.52606201
1119	647.01843262
1120	645.53027344
1121	644.64825439
1122	647.51245117
1123	646.90637207
1124	645.77722168
1125	647.84997559
1126	645.09948730
1127	645.35552979
1128	645.88739014
1129	644.29144287
1130	647.08361816
1131	646.29156494
1132	644.47161865
1133	647.76293945
1134	645.17443848
1135	645.44329834
1136	647.17126465
1137	645.62432861
1138	643.40026855
1139	645.49060059
1140	644.02026367
1141	645.51086426
1142	644.79895020
1143	645.44311523
1144	645.60101318
1145	644.74023438
1146	647.26568604
1147	647.85119629
1148	646.21105957
1149	645.08331299
1150	647.66711426
1151	645.17828369
1152	644.82580566
1153	647.00384521
1154	644.39501953
1155	646.72601318
1156	644.18627930
1157	644.74017334
1158	646.97808838
1159	644.82531738
1160	646.05596924
1161	646.03137207
1162	643.94415283
1163	644.62908936
1164	646.02020264
1165	644.20361328
1166	645.84967041
1167	646.47308350
1168	644.65325928
1169	646.21386719
1170	645.17633057
1171	644.29296875
1172	647.15161133
1173	645.84851074
1174	645.51416016
1175	648.54248047
1176	644.21270752
1177	645.51928711
1178	646.13372803
1179	644.47003174
1180	646.37609863
1181	645.14544678
1182	644.72857666
1183	646.53051758
1184	648.58312988
1185	644.82623291
1186	645.48449707
1187	644.12481689
1188	643.83709717
1189	646.09851074
1190	644.18774414
1191	645.40856934
1192	644.18768311
1193	644.04028320
1194	644.81134033
1195	645.43621826
1196	644.02069092
1197	645.92517090
1198	645.24780273
1199	644.29229736
1200	647.22692871
1201	643.07360840
1202	643.50952148
1203	645.51672363
1204	643.16491699
1205	645.61206055
1206	646.54681396
1207	644.72943115
1208	647.75726318
1209	644.12481689
1210	644.39080811
1211	645.41210938
1212	643.85644531
1213	643.92309570
1214	645.65905762
1215	643.41973877
1216	645.85345459
1217	644.88909912
1218	643.07849121
1219	645.51507568
1220	643.60302734
1221	643.32525635
1222	646.45355225
1223	647.70379639
1224	644.24029541
1225	645.74645996
1226	642.72631836
1227	643.42199707
1228	643.24609375
1229	643.15039062
1230	644.44641113
1231	645.15240479
1232	643.07202148
1233	646.45080566
1234	643.75451660
1235	643.68676758
1236	644.63085938
1237	642.38085938
1238	643.84851074
1239	645.40661621
1240	644.19598389
1241	645.06414795
1242	644.37097168
1243	643.59973145
1244	644.02392578
1245	643.50811768
1246	642.27008057
1247	643.91308594
1248	643.94085693
1249	644.12152100
1250	645.73889160
1251	643.08245850
1252	642.73199463
1253	642.48364258
1254	642.90356445
1255	644.89208984
1256	644.63055420
1257	644.46966553
1258	645.91638184
1259	643.60650635
1260	644.21978760
1261	644.81451416
1262	642.81494141
1263	644.64691162
1264	645.84863281
1265	643.41253662
1266	646.20568848
1267	645.15747070
1268	644.12011719
1269	645.07672119
1270	643.60461426
1271	643.85302734
1272	645.93127441
1273	644.62567139
1274	645.07263184
1275	647.05456543
1276	644.65539551
1277	644.82769775
1278	644.12274170
1279	645.25451660
1280	647.86419678
1281	646.63995361
1282	644.16503906
1283	648.90802002
1284	644.91491699
1285	645.44384766
1286	645.59295654
1287	645.45178223
1288	645.25512695
1289	647.07604980
1290	643.86230469
1291	646.39056396
1292	646.39556885
1293	644.66278076
1294	646.47985840
1295	644.92120361
1296	644.37756348
1297	645.84399414
1298	645.60919189
1299	645.69787598
1300	647.93237305
1301	645.22192383
1302	645.43927002
1303	646.57043457
1304	644.91528320
1305	647.42486572
1306	647.77691650
1307	644.98944092
1308	649.24438477
1309	645.35760498
1310	645.70568848
1311	646.73059082
1312	645.26513672
1313	646.03320312
1314	647.24401855
1315	646.21655273
1316	646.99542236
1317	646.12713623
1318	645.88085938
1319	646.82806396
1320	644.91326904
1321	644.91284180
1322	647.68151855
1323	646.29357910
1324	645.68237305
1325	646.79058838
1326	644.91528320
1327	646.22644043
1328	645.87579346
1329	644.11462402
1330	647.42388916
1331	645.94586182
1332	645.17340088
1333	648.37109375
1334	645.62158203
1335	643.95440674
1336	646.30377197
1337	643.86773682
1338	646.47479248
1339	646.73022461
1340	645.25457764
1341	647.26025391
1342	646.21960449
1343	646.06225586
1344	646.30737305
1345	644.82684326
1346	644.11358643
1347	645.93560791
1348	643.50445557
1349	642.53906250
1350	646.09454346
1351	642.89843750
1352	643.85681152
1353	644.55157471
1354	643.24993896
1355	646.37158203
1356	644.71008301
1357	644.28845215
1358	644.33886719
1359	644.13580322
1360	644.74829102
1361	646.03558350
1362	644.82482910
1363	645.16522217
1364	645.84814453
1365	644.29913330
1366	645.59674072
1367	645.33148193
1368	645.09826660
1369	645.68377686
1370	644.57836914
1371	642.98083496
1372	646.63098145
1373	645.32867432
1374	645.52093506
1375	646.18560791
1376	643.86962891
1377	646.49401855
1378	643.52673340
1379	643.06134033
1380	645.50097656
1381	645.33184814
1382	644.12750244
1383	646.00500488
1384	642.81219482
1385	642.90252686
1386	642.96899414
1387	640.80187988
1388	644.98437500
1389	646.63439941
1390	644.28619385
1391	647.07458496
1392	644.19927979
1393	645.62414551
1394	646.12866211
1395	645.18035889
1396	643.50408936
1397	650.83178711
1398	645.52203369
1399	645.78521729
1400	645.65698242
1401	643.51562500
1402	644.65734863
1403	644.47119141
1404	643.25024414
1405	644.44915771
1406	645.42498779
1407	642.50982666
1408	646.61718750
1409	642.81335449
1410	644.57012939
1411	645.68786621
1412	644.29650879
1413	645.24768066
1414	646.10644531
1415	646.21569824
1416	645.94195557
1417	645.84869385
1418	645.09509277
1419	646.47094727
1420	645.09661865
1421	646.04351807
1422	648.55773926
1423	647.43389893
1424	645.51696777
1425	646.35589600
1426	645.59625244
1427	645.78692627
1428	645.43756104
1429	646.03820801
1430	646.55206299
1431	646.55151367
1432	644.47204590
1433	648.36688232
1434	645.61566162
1435	646.75744629
1436	646.53985596
1437	643.07904053
1438	644.97833252
1439	646.18792725
1440	644.45666504
1441	645.49560547
1442	644.63751221
1443	645.18420410
1444	645.96234131
1445	643.33856201
1446	645.52984619
1447	647.67968750
1448	646.13208008
1449	645.43072510
1450	647.67297363
1451	646.31604004
1452	644.74328613
1453	645.87066650
1454	645.26983643
1455	647.13714600
1456	646.46289062
1457	645.77545166
1458	648.09967041
1459	644.91259766
1460	644.39208984
1461	646.38812256
1462	643.76843262
1463	645.32830811
1464	647.15344238
1465	645.33898926
1466	646.54376221
1467	645.94177246
1468	644.12585449
1469	645.42236328
1470	645.09075928
1471	644.02465820
1472	646.80523682
1473	649.18554688
1474	644.90625000
1475	647.94128418
1476	645.53118896
1477	646.57604980
1478	646.92572021
1479	646.21868896
1480	648.12908936
1481	648.21832275
1482	645.26251221
1483	647.66937256
1484	644.93719482
1485	645.53662109
1486	645.68225098
1487	644.04425049
1488	646.20953369
1489	645.84649658
1490	644.37982178
1491	646.37957764
1492	645.86676025
1493	645.26770020
1494	645.50958252
1495	644.56616211
1496	646.04083252
1497	647.33361816
1498	644.46215820
1499	644.73046875
1500	647.93426514
1501	644.82995605
1502	645.78808594
1503	644.80718994
1504	644.82629395
1505	645.84722900
1506	647.51318359
1507	645.25390625
1508	647.41101074
1509	645.00903320
1510	644.83300781
1511	649.01190186
1512	647.71423340
1513	645.68865967
1514	646.27807617
1515	644.90698242
1516	647.69488525
1517	645.77685547
1518	645.44628906
1519	645.77343750
1520	645.53729248
1521	644.03735352
1522	646.54650879
1523	644.98114014
1524	645.43109131
1525	646.97552490
1526	645.18316650
1527	646.14117432
1528	646.57293701
1529	645.24908447
1530	647.69415283
1531	646.90869141
1532	646.79107666
1533	648.19274902
1534	645.35528564
1535	645.97467041
1536	647.08056641
1537	646.06164551
1538	646.37915039
1539	647.15960693
1540	644.99298096
1541	646.80755615
1542	644.02917480
1543	645.17993164
1544	647.42944336
1545	645.96661377
1546	645.16235352
1547	646.97772217
1548	645.16571045
1549	645.25701904
1550	648.63262939
1551	645.31597900
1552	644.91235352
1553	645.61022949
1554	644.21307373
1555	646.45843506
1556	644.54315186
1557	643.93432617
1558	648.28295898
1559	644.74029541
1560	644.65307617
1561	645.49237061
1562	643.68750000
1563	645.95031738
1564	646.36791992
1565	645.60223389
1566	646.54595947
1567	644.64532471
1568	644.66369629
1569	646.55810547
1570	645.18292236
1571	642.70471191
1572	647.06573486
1573	644.45416260
1574	645.69171143
1575	645.74609375
1576	644.83746338
1577	644.64984131
1578	644.12628174
1579	643.50140381
1580	646.47106934
1581	644.27789307
1582	643.15795898
1583	646.87762451
1584	644.04034424
1585	644.13110352
1586	645.94635010
1587	644.04547119
1588	645.06408691
1589	644.80102539
1590	644.81481934
1591	646.10662842
1592	645.16027832
1593	644.04028320
1594	644.80920410
1595	644.38983154
1596	643.85272217
1597	645.57501221
1598	645.06500244
1599	643.76171875
1600	645.73388672
1601	644.12341309
1602	644.74023438
1603	644.03771973
1604	642.90576172
1605	645.58856201
1606	643.92572021
1607	643.67449951
1608	646.87451172
1609	643.11535645
1610	643.60211182
1611	644.54107666
1612	642.10125732
1613	644.10711670
1614	645.67559814
1615	643.76879883
1616	646.02734375
1617	642.10400391
1618	643.68969727
1619	645.94299316
1620	644.12731934
1621	643.50061035
1622	647.23931885
1623	644.45294189
1624	644.10961914
1625	645.56512451
1626	644.30493164
1627	644.11651611
1628	645.45520020
1629	643.23553467
1630	645.49218750
1631	643.57165527
1632	643.06524658
1633	646.61230469
1634	643.51159668
1635	643.16497803
1636	645.15112305
1637	642.11981201
1638	644.53570557
1639	644.44323730
1640	643.14385986
1641	645.49255371
1642	644.46057129
1643	643.78460693
1644	645.40924072
1645	644.38684082
1646	644.98168945
1647	645.93176270
1648	643.05871582
1649	643.84899902
1650	646.10058594
1651	644.56616211
1652	644.74011230
1653	642.98486328
1654	643.42059326
1655	645.49340820
1656	646.02056885
1657	643.82037354
1658	648.09527588
1659	644.03063965
1660	644.21325684
1661	645.68170166
1662	644.54882812
1663	645.93737793
1664	646.01965332
1665	644.37280273
1666	646.53985596
1667	645.76141357
1668	644.47442627
1669	645.95056152
1670	643.77569580
1671	643.31927490
1672	646.53094482
1673	645.67687988
1674	645.67840576
1675	644.51220703
1676	643.06829834
1677	644.47515869
1678	644.55511475
1679	645.24279785
1680	646.54205322
1681	645.32299805
1682	643.85754395
1683	647.03833008
1684	644.38665771
1685	643.24395752
1686	646.12518311
1687	643.77770996
1688	647.16296387
1689	647.32794189
1690	645.59454346
1691	646.45605469
1692	645.68750000
1693	646.31127930
1694	648.12603760
1695	645.95440674
1696	645.85485840
1697	647.05700684
1698	645.94512939
1699	646.21112061
1700	647.75775146
1701	644.82226562
1702	646.57452393
1703	644.99761963
1704	645.86846924
1705	645.92993164
1706	644.70196533
1707	644.19427490
1708	646.33789062
1709	642.89324951
1710	643.59344482
1711	642.69885254
1712	642.17639160
1713	641.91235352
1714	642.84661865
1715	643.32220459
1716	645.13256836
1717	643.84588623
1718	643.76763916
1719	645.23504639
1720	643.68939209
1721	644.02563477
1722	645.74462891
1723	643.66546631
1724	647.08166504
1725	644.77630615
1726	643.94897461
1727	643.67773438
1728	643.50683594
1729	642.88195801
1730	646.71643066
1731	643.92016602
1732	642.98083496
1733	647.74414062
1734	643.05438232
1735	643.77197266
1736	643.41406250
1737	642.28131104
1738	643.66156006
1739	644.87426758
1740	642.00244141
1741	644.96295166
1742	643.84619141
1743	642.72418213
1744	645.16217041
1745	642.36254883
1746	642.96984863
1747	645.83483887
1748	644.28198242
1749	644.19964600
1750	645.57580566
1751	643.59649658
1752	644.38165283
1753	645.58178711
1754	643.15313721
1755	646.72021484
1756	644.10034180
1757	644.02307129
1758	646.95861816
1759	643.16687012
1760	642.81030273
1761	644.09729004
1762	646.12030029
1763	644.52459717
1764	644.08636475
1765	641.22186279
1766	645.74584961
1767	642.61657715
1768	641.75897217
1769	643.83648682
1770	642.63226318
1771	642.00793457
1772	644.78936768
1773	643.40850830
1774	642.35247803
1775	645.74340820
1776	643.51074219
1777	643.23968506
1778	642.28002930
1779	642.61865234
1780	645.14434814
1781	644.02246094
1782	643.88165283
1783	646.86566162
1784	643.33941650
1785	643.25494385
1786	643.41632080
1787	643.43048096
1788	643.13562012
1789	644.25756836
1790	643.84759521
1791	645.14044189
1792	641.39282227
1793	644.39184570
1794	644.71313477
1795	643.15722656
1796	643.40783691
1797	646.71258545
1798	643.23254395
1799	643.32489014
1800	648.55755615
1801	644.39276123
1802	644.12371826
1803	644.56488037
1804	643.50860596
1805	645.49243164
1806	644.96997070
1807	644.46478271
1808	646.52496338
1809	643.60229492
1810	642.19824219
1811	645.06225586
1812	643.77117920
1813	645.15673828
1814	645.23089600
1815	643.77130127
1816	646.36358643
1817	643.06359863
1818	643.69091797
1819	644.72271729
1820	642.89929199
1821	642.52557373
1822	644.87084961
1823	642.78674316
1824	643.67108154
1825	644.78094482
1826	643.42132568
1827	644.63763428
1828	643.24096680
1829	644.19757080
1830	645.17242432
1831	645.14770508
1832	643.50939941
1833	647.56231689
1834	643.60095215
1835	644.46990967
1836	645.68719482
1837	644.73413086
1838	647.85772705
1839	646.72088623
1840	643.59759521
1841	646.71350098
1842	645.51232910
1843	644.82653809
1844	645.32531738
1845	644.81756592
1846	644.89392090
1847	646.96673584
1848	644.27416992
1849	645.07000732
1850	646.70855713
1851	643.41876221
1852	644.72430420
1853	644.29870605
1854	644.11914062
1855	645.48339844
1856	645.13824463
1857	645.59332275
1858	648.61462402
1859	644.92803955
1860	645.86608887
1861	645.94702148
1862	645.07293701
1863	647.33874512
1864	646.97973633
1865	645.42260742
1866	647.32012939
1867	646.82604980
1868	644.99499512
1869	648.56231689
1870	646.31317139
1871	645.85522461
1872	647.83990479
1873	644.27185059
1874	646.99060059
1875	646.69775391
1876	644.99371338
1877	645.50592041
1878	641.76361084
1879	644.45892334
1880	646.70446777
1881	645.32592773
1882	644.46038818
1883	646.86614990
1884	644.73248291
1885	644.37542725
1886	645.85345459
1887	645.16741943
1888	646.87054443
1889	647.49652100
1890	645.67193604
1891	648.01782227
1892	646.56451416
1893	646.83276367
1894	648.21008301
1895	646.38433838
1896	647.69244385
1897	648.62829590
1898	646.63739014
1899	647.16479492
1900	647.84832764
1901	646.57446289
1902	647.17364502
1903	646.56713867
1904	646.21838379
1905	647.75689697
1906	645.75061035
1907	647.12139893
1908	649.22613525
1909	645.70025635
1910	645.60198975
1911	646.38073730
1912	645.06713867
1913	646.89343262
1914	648.37860107
1915	646.12384033
1916	650.03283691
1917	647.52600098
1918	645.17150879
1919	647.41766357
1920	645.77886963
1921	646.02850342
1922	648.36804199
1923	646.45837402
1924	648.21740723
1925	648.44995117
1926	643.50646973
1927	645.94317627
1928	645.95324707
1929	645.49890137
1930	648.10961914
1931	647.15924072
1932	645.42572021
1933	648.35266113
1934	645.43560791
1935	645.60919189
1936	645.07116699
1937	645.43481445
1938	646.98181152
1939	647.41064453
1940	645.42071533
1941	647.67150879
1942	645.16833496
1943	645.00048828
1944	647.16156006
1945	646.65850830
1946	645.93560791
1947	648.37542725
1948	644.72332764
1949	646.81597900
1950	646.36468506
1951	644.73535156
1952	646.38769531
1953	645.69482422
1954	644.55236816
1955	648.87139893
1956	645.14587402
1957	645.23626709
1958	647.21545410
1959	644.47277832
1960	644.46398926
1961	644.45898438
1962	644.63006592
1963	645.75573730
1964	643.65368652
1965	644.20391846
1966	647.23315430
1967	645.34136963
1968	644.64935303
1969	645.41064453
1970	643.41625977
1971	643.75006104
1972	645.83026123
1973	643.31256104
1974	645.85656738
1975	645.92150879
1976	644.82165527
1977	644.28906250
1978	642.80841064
1979	642.79345703
1980	645.66137695
1981	645.05920410
1982	643.84832764
1983	648.69879150
1984	642.70135498
1985	643.15344238
1986	644.19702148
1987	643.07812500
1988	645.75604248
1989	645.57476807
1990	644.28515625
1991	646.62377930
1992	641.66827393
1993	644.03576660
1994	644.18621826
1995	643.23956299
1996	643.32391357
1997	645.13385010
1998	644.10986328
1999	645.07299805
2000	645.05615234
2001	643.42059326
2002	642.80310059
2003	644.92041016
2004	644.29846191
2005	645.57324219
2006	644.09735107
2007	644.46307373
2008	647.74395752
2009	643.68658447
2010	643.51074219
2011	643.75756836
2012	642.97210693
2013	645.66387939
2014	645.85137939
2015	644.29272461
2016	646.44641113
2017	644.38336182
2018	643.41802979
2019	644.97558594
2020	643.24829102
2021	644.80505371
2022	646.45281982
2023	642.69555664
2024	645.77215576
2025	644.87414551
2026	643.42309570
2027	643.05798340
2028	643.68139648
2029	643.66986084
2030	645.83807373
2031	647.88177490
2032	644.73852539
2033	646.25750732
2034	643.51086426
2035	644.56134033
2036	645.51336670
2037	642.80865479
2038	645.49578857
2039	645.13452148
2040	643.40270996
2041	646.17517090
2042	643.85253906
2043	643.76873779
2044	644.88110352
2045	642.54382324
2046	643.31854248
2047	646.00372314
2048	644.10650635
2049	645.67718506
2050	644.97991943
2051	646.92565918
2052	645.42449951
2053	643.68481445
2054	642.10705566
2055	644.09075928
2056	643.57098389
2057	643.92846680
2058	645.72277832
2059	642.98944092
2060	641.75360107
2061	642.99023438
2062	643.23669434
2063	644.36254883
2064	644.43933105
2065	642.97229004
2066	645.12194824
2067	643.23474121
2068	642.37420654
2069	644.72454834
2070	641.23724365
2071	643.33343506
2072	644.60998535
2073	641.99969482
2074	643.75695801
2075	644.08825684
2076	643.42254639
2077	643.41131592
2078	642.45532227
2079	644.72521973
2080	644.41607666
2081	644.35729980
2082	642.97668457
2083	646.78198242
2084	643.24505615
2085	643.07330322
2086	643.06042480
2087	642.45562744
2088	644.26495361
2089	647.94030762
2090	642.70745850
2091	645.12982178
2092	641.49035645
2093	643.95391846
2094	643.83587646
2095	643.23596191
2096	643.23199463
2097	646.44476318
2098	641.31182861
2099	645.06872559
2100	644.96881104
2101	643.86041260
2102	644.19622803
2103	643.94860840
2104	643.32464600
2105	647.05358887
2106	644.26623535
2107	645.59210205
2108	647.21154785
2109	643.43231201
2110	644.03430176
2111	645.59429932
2112	644.45300293
2113	645.40875244
2114	645.31951904
2115	644.55303955
2116	647.92663574
2117	646.30072021
2118	644.03894043
2119	645.58813477
2120	644.47064209
2121	643.65954590
2122	646.00482178
2123	643.65783691
2124	645.06481934
2125	644.25811768
2126	643.85681152
2127	646.21734619
2128	640.17700195
2129	643.75238037
2130	644.78338623
2131	644.28027344
2132	643.32604980
2133	646.42480469
2134	643.68463135
2135	644.20538330
2136	644.98724365
2137	644.20355225
2138	645.83905029
2139	646.89105225
2140	644.01721191
2141	647.66516113
2142	644.02795410
2143	644.73669434
2144	644.96856689
2145	643.15167236
2146	643.05499268
2147	644.78088379
2148	643.49395752
2149	644.88946533
2150	644.87145996
2151	643.07263184
2152	644.27905273
2153	642.80999756
2154	642.00982666
2155	645.04760742
2156	643.92120361
2157	643.62451172
2158	645.45916748
2159	642.54754639
2160	644.55786133
2161	643.67266846
2162	644.63360596
2163	645.41027832
2164	645.58343506
2165	643.14526367
2166	647.66333008
2167	644.67242432
2168	644.73669434
2169	647.24951172
2170	645.26519775
2171	646.46759033
2172	646.97753906
2173	644.89440918
2174	646.72473145
2175	645.57440186
2176	644.73303223
2177	646.02990723
2178	643.94757080
2179	644.19335938
2180	647.41284180
2181	644.97381592
2182	643.75750732
2183	645.99243164
2184	643.77215576
2185	643.24658203
2186	645.46166992
2187	642.89025879
2188	645.57781982
2189	645.22552490
2190	644.10345459
2191	647.57501221
2192	645.33752441
2193	644.64782715
2194	646.98358154
2195	644.55419922
2196	646.47790527
2197	647.05926514
2198	644.28118896
2199	646.80963135
2200	646.45098877
2201	644.12139893
2202	646.99090576
2203	644.90942383
2204	640.51806641
2205	644.96099854
2206	645.85363770
2207	646.20819092
2208	648.17443848
2209	645.25866699
2210	645.34039307
2211	645.06768799
2212	644.62731934
2213	647.24761963
2214	648.38146973
2215	644.29260254
2216	648.53851318
2217	645.59954834
2218	645.68927002
2219	646.45404053
2220	646.21942139
2221	646.28411865
2222	647.32312012
2223	645.15301514
2224	648.64599609
2225	645.49401855
2226	646.39617920
2227	645.94067383
2228	646.47833252
2229	644.62823486
2230	648.71649170
2231	646.28717041
2232	645.15588379
2233	646.42144775
2234	647.13745117
2235	645.34210205
2236	646.20733643
2237	643.85467529
2238	646.53997803
2239	645.83923340
2240	645.58435059
2241	646.95928955
2242	641.23468018
2243	643.59521484
2244	646.70013428
2245	644.63360596
2246	645.40649414
2247	645.74316406
2248	645.33233643
2249	647.24658203
2250	645.57971191
2251	645.78308105
2252	645.94262695
2253	642.80029297
2254	644.90887451
2255	646.79614258
2256	646.10284424
2257	644.80035400
2258	646.77288818
2259	645.34130859
2260	645.16595459
2261	643.93402100
2262	643.66119385
2263	645.22229004
2264	645.57592773
2265	642.44909668
2266	647.82781982
2267	643.93945312
2268	643.49841309
2269	644.08984375
2270	643.85778809
2271	644.09484863
2272	647.14379883
2273	644.34655762
2274	645.84729004
2275	644.44256592
2276	644.82177734
2277	644.45312500
2278	643.41894531
2279	643.92315674
2280	645.13378906
2281	642.86621094
2282	643.38482666
2283	645.99444580
2284	642.71679688
2285	643.58984375
2286	644.37487793
2287	641.84478760
2288	644.26385498
2289	643.73657227
2290	642.61590576
2291	644.68487549
2292	642.83593750
2293	642.36773682
2294	643.04547119
2295	642.53540039
2296	643.13403320
2297	645.04296875
2298	643.05731201
2299	644.71466064
2300	644.19372559
2301	641.93615723
2302	643.66345215
2303	643.60052490
2304	641.22521973
2305	645.39935303
2306	641.55780029
2307	643.40649414
2308	645.12304688
2309	642.81219482
2310	644.30322266
2311	642.34289551
2312	642.97076416
2313	644.09191895
2314	644.00518799
2315	643.06646729
2316	646.26147461
2317	643.06951904
2318	642.37158203
2319	646.10821533
2320	643.33288574
2321	643.39691162
2322	645.39782715
2323	644.45684814
2324	645.66748047
2325	644.01586914
2326	644.91131592
2327	645.68310547
2328	643.59399414
2329	643.92523193
2330	649.33502197
2331	644.72442627
2332	644.99725342
2333	647.83746338
2334	644.47418213
2335	645.35107422
2336	644.73394775
2337	643.77966309
2338	646.90142822
2339	645.84179688
2340	644.95135498
2341	647.22375488
2342	644.46844482
2343	643.59655762
2344	646.54821777
2345	643.93750000
2346	644.88903809
2347	646.61749268
2348	645.86218262
2349	646.11328125
2350	646.72576904
2351	644.99987793
2352	647.26348877
2353	645.52233887
2354	644.98394775
2355	646.18469238
2356	645.41009521
2357	644.71649170
2358	647.13793945
2359	642.81365967
2360	646.04724121
2361	644.73010254
2362	643.76031494
2363	646.28393555
2364	646.72418213
2365	644.55578613
2366	646.26324463
2367	645.60839844
2368	646.56860352
2369	646.35382080
2370	644.91162109
2371	645.76824951
2372	647.14459229
2373	645.58996582
2374	647.07763672
2375	645.32672119
2376	645.44195557
2377	646.55877686
2378	647.19165039
2379	645.41186523
2380	648.28448486
2381	646.47247314
2382	646.47308350
2383	648.70989990
2384	645.87567139
2385	646.13916016
2386	646.13122559
2387	644.99938965
2388	647.45898438
2389	646.81896973
2390	644.98284912
2391	647.74597168
2392	645.35327148
2393	645.26666260
2394	645.59832764
2395	645.34509277
2396	644.90032959
2397	646.54266357
2398	645.17102051
2399	646.54125977
2400	646.81109619
2401	644.82153320
2402	646.29010010
2403	644.65118408
2404	644.46569824
2405	646.70971680
2406	647.43499756
2407	645.68572998
2408	647.21862793
2409	644.91101074
2410	645.43518066
2411	646.13037109
2412	645.33306885
2413	646.63604736
2414	646.37445068
2415	645.87298584
2416	647.30853271
2417	645.08013916
2418	645.61004639
2419	646.45776367
2420	643.59533691
2421	645.76110840
2422	646.53344727
2423	644.36199951
2424	645.40277100
2425	644.36187744
2426	644.91619873
2427	645.76275635
2428	644.20123291
2429	644.62445068
2430	646.17510986
2431	644.27423096
2432	645.25189209
2433	646.68988037
2434	644.46575928
2435	644.28747559
2436	645.69769287
2437	644.28900146
2438	645.83361816
2439	645.05322266
2440	645.41229248
2441	646.69097900
2442	642.63128662
2443	643.33099365
2444	646.19476318
2445	643.23394775
2446	645.14831543
2447	645.47985840
2448	644.02355957
2449	644.17248535
2450	644.44647217
2451	642.98101807
2452	644.27313232
2453	643.06616211
2454	641.30145264
2455	639.78930664
2456	642.17034912
2457	643.31561279
2458	645.03216553
2459	642.10583496
2460	643.14923096
2461	643.67010498
2462	641.82989502
2463	643.74035645
2464	645.40362549
2465	642.77532959
2466	645.63421631
2467	643.49682617
2468	643.06597900
2469	643.92517090
2470	643.68646240
2471	644.45031738
2472	645.92291260
2473	643.91998291
2474	645.31146240
2475	644.17663574
2476	644.55749512
2477	644.01104736
2478	643.32708740
2479	642.78698730
2480	644.33447266
2481	643.66204834
2482	643.49493408
2483	643.80084229
2484	643.22674561
2485	643.93188477
2486	643.05560303
2487	640.95928955
2488	644.08172607
2489	643.82141113
2490	642.95965576
2491	645.28015137
2492	642.97576904
2493	640.44580078
2494	643.93695068
2495	642.18438721
2496	644.00909424
2497	645.30426025
2498	642.60968018
2499	644.61199951
2500	643.91613770
2501	642.10198975
2502	645.05895996
2503	643.50238037
2504	642.79809570
2505	645.82550049
2506	643.65197754
2507	644.54284668
2508	643.98529053
2509	642.45410156
2510	641.84240723
2511	642.35900879
2512	642.08520508
2513	644.25445557
2514	641.63836670
2515	642.09429932
2516	645.19854736
2517	643.24133301
2518	642.89239502
2519	643.29895020
2520	639.99768066
2521	642.69171143
2522	644.69958496
2523	642.17260742
2524	643.73156738
2525	643.31085205
2526	642.36602783
2527	644.27465820
2528	642.80096436
2529	643.05163574
2530	644.25238037
2531	640.32098389
2532	641.48150635
2533	645.55230713
2534	643.15344238
2535	644.20751953
2536	642.35693359
2537	642.28161621
2538	643.55987549
2539	644.88208008
2540	642.96612549
2541	646.07800293
2542	642.38708496
2543	642.80395508
2544	644.62719727
2545	642.26556396
2546	644.18292236
2547	645.57037354
2548	643.92449951
2549	645.13610840
2550	646.09881592
2551	643.32830811
2552	645.49603271
2553	643.93811035
2554	642.70471191
2555	644.51361084
2556	643.21368408
2557	643.66448975
2558	645.47192383
2559	643.41864014
2560	643.85235596
2561	644.47424316
2562	642.60742188
2563	645.22143555
2564	643.73492432
2565	643.67266846
2566	645.89599609
2567	642.62823486
2568	643.76525879
2569	645.22534180
2570	646.13110352
2571	643.72485352
2572	645.30773926
2573	644.79913330
2574	645.13696289
2575	643.39624023
2576	643.59259033
2577	644.45306396
2578	643.67498779
2579	644.71673584
2580	645.82824707
2581	644.89611816
2582	645.41784668
2583	646.43109131
2584	644.03271484
2585	643.76739502
2586	644.64172363
2587	643.68011475
2588	645.92596436
2589	644.18060303
2590	643.48571777
2591	646.07897949
2592	642.36865234
2593	643.24798584
2594	645.31665039
2595	644.54931641
2596	644.97235107
2597	645.22436523
2598	643.93505859
2599	648.02435303
2600	645.05822754
2601	645.08947754
2602	647.07702637
2603	645.08740234
2604	645.77929688
2605	648.29071045
2606	646.30163574
2607	646.74957275
2608	647.31414795
2609	646.81530762
2610	648.15338135
2611	648.06243896
2612	647.70196533
2613	650.30664062
2614	648.74578857
2615	649.11639404
2616	651.86486816
2617	649.46917725
2618	650.87048340
2619	651.28515625
2620	649.03192139
2621	652.15850830
2622	651.35931396
2623	650.23974609
2624	652.24139404
2625	649.54479980
2626	651.13629150
2627	652.24865723
2628	651.31030273
2629	651.72863770
2630	653.01312256
2631	652.08056641
2632	652.36047363
2633	653.09582520
2634	650.69799805
2635	652.10028076
2636	652.88830566
2637	651.40502930
2638	652.25549316
2639	651.81243896
2640	651.83709717
2641	653.71392822
2642	651.41094971
2643	650.79541016
2644	651.56042480
2645	650.33880615
2646	651.64447021
2647	651.45312500
2648	650.51782227
2649	652.24560547
2650	650.16296387
2651	649.74053955
2652	652.43963623
2653	649.99688721
2654	649.81158447
2655	651.97662354
2656	650.67846680
2657	653.66516113
2658	651.79345703
2659	649.91412354
2660	649.99896240
2661	649.65228271
2662	649.11297607
2663	651.28930664
2664	649.71813965
2665	649.03448486
2666	651.34521484
2667	647.31646729
2668	648.43408203
2669	649.46313477
2670	647.99249268
2671	647.96691895
2672	648.73968506
2673	647.44702148
2674	647.86846924
2675	646.23004150
2676	647.11145020
2677	648.05407715
2678	646.31439209
2679	646.57269287
2680	648.47204590
2681	647.70709229
2682	647.36096191
2683	647.84851074
2684	647.02252197
2685	646.66796875
2686	647.24633789
2687	645.62164307
2688	647.95361328
2689	646.29962158
2690	645.61474609
2691	647.75445557
2692	645.89233398
2693	644.31616211
2694	644.55114746
2695	644.92309570
2696	644.10797119
2697	644.45135498
2698	642.37365723
2699	644.36138916
2700	643.68957520
2701	642.55957031
2702	643.32141113
2703	642.03405762
2704	641.67010498
2705	644.71051025
2706	643.14141846
2707	643.77874756
2708	644.78424072
2709	642.55505371
2710	642.64385986
2711	642.11743164
2712	642.27648926
2713	645.41107178
2714	642.17749023
2715	643.49395752
2716	645.47314453
2717	641.76354980
2718	642.64355469
2719	642.70819092
2720	641.15783691
2721	641.48297119
2722	642.51708984
2723	641.91461182
2724	641.12023926
2725	640.70733643
2726	640.00775146
2727	641.48266602
2728	639.66162109
2729	640.08270264
2730	641.89788818
2731	639.64709473
2732	639.91210938
2733	640.92736816
2734	637.55535889
2735	640.18182373
2736	638.60717773
2737	638.78601074
2738	640.15557861
2739	640.59960938
2740	639.12548828
2741	642.14434814
2742	638.70849609
2743	638.78790283
2744	639.48693848
2745	640.17779541
2746	639.20532227
2747	641.38562012
2748	639.31195068
2749	641.73321533
2750	639.30627441
2751	639.04980469
2752	640.86853027
2753	639.22979736
2754	637.62579346
2755	640.67254639
2756	638.41381836
2757	639.82238770
2758	640.32879639
2759	639.05236816
2760	637.90441895
2761	638.96185303
2762	639.82714844
2763	639.57055664
2764	639.82104492
2765	639.93084717
2766	641.97607422
2767	638.62298584
2768	638.88702393
2769	641.93420410
2770	640.64648438
2771	639.30187988
2772	640.69647217
2773	642.20422363
2774	643.14294434
2775	642.81842041
2776	642.91815186
2777	644.04144287
2778	642.91210938
2779	644.21813965
2780	644.70904541
2781	643.07543945
2782	646.57989502
2783	646.10925293
2784	644.57897949
2785	645.97644043
2786	645.71166992
2787	645.18853760
2788	647.51770020
2789	646.91040039
2790	646.31823730
2791	650.38677979
2792	645.16168213
2793	646.50579834
2794	646.83618164
2795	646.75909424
2796	649.10980225
2797	650.84948730
2798	647.89282227
2799	650.58020020
2800	650.86804199
2801	648.69427490
2802	650.68646240
2803	648.95379639
2804	649.64630127
2805	651.28100586
2806	648.75531006
2807	650.33953857
2808	650.92346191
2809	648.95416260
2810	649.29766846
2811	651.11431885
2812	649.46392822
2813	650.49096680
2814	648.84167480
2815	648.50769043
2816	651.86395264
2817	649.38983154
2818	650.17474365
2819	650.16174316
2820	650.52313232
2821	650.22692871
2822	649.52569580
2823	649.19281006
2824	651.44989014
2825	649.99426270
2826	649.82897949
2827	651.55303955
2828	649.20397949
2829	649.80700684
2830	651.53027344
2831	649.46569824
2832	652.08703613
2833	651.70159912
2834	651.22698975
2835	650.51416016
2836	650.34655762
2837	650.07598877
2838	651.35626221
2839	650.23724365
2840	649.35620117
2841	650.63977051
2842	648.06756592
2843	647.72021484
2844	648.31420898
2845	647.44317627
2846	649.17785645
2847	649.51947021
2848	648.67083740
2849	649.51708984
2850	647.87005615
2851	647.10156250
2852	649.17742920
2853	647.54211426
2854	647.79095459
2855	649.95550537
2856	647.96020508
2857	648.66662598
2858	650.57305908
2859	647.10223389
2860	647.62451172
2861	647.44921875
2862	647.17266846
2863	648.99237061
2864	648.48504639
2865	646.58099365
2866	648.44635010
2867	648.06799316
2868	647.28051758
2869	648.77380371
2870	646.66796875
2871	648.74176025
2872	649.25744629
2873	646.03649902
2874	648.54852295
2875	645.77893066
2876	646.48992920
2877	646.63854980
2878	645.78234863
2879	647.17938232
2880	649.07666016
2881	646.65002441
2882	648.14331055
2883	648.98895264
2884	647.89111328
2885	648.15039062
2886	646.92114258
2887	648.06433105
2888	648.23211670
2889	647.68322754
2890	647.35131836
2891	649.84307861
2892	646.39587402
2893	646.30883789
2894	647.52478027
2895	646.11938477
2896	649.35021973
2897	649.95074463
2898	645.50933838
2899	648.63031006
2900	647.09515381
2901	645.69818115
2902	647.07220459
2903	645.08489990
2904	645.50616455
2905	647.22869873
2906	644.27276611
2907	645.94323730
2908	646.27728271
2909	644.47357178
2910	644.99072266
2911	646.31188965
2912	645.32910156
2913	647.32843018
2914	646.37579346
2915	645.61102295
2916	648.09130859
2917	645.38897705
2918	644.82324219
2919	645.52288818
2920	645.09387207
2921	645.85278320
2922	644.44659424
2923	644.54925537
2924	645.66424561
2925	643.85894775
2926	642.72644043
2927	644.37664795
2928	643.68511963
2929	644.72534180
2930	645.14117432
2931	644.02221680
2932	644.72198486
2933	645.48583984
2934	642.98553467
2935	644.81683350
2936	642.57781982
2937	643.86590576
2938	645.49249268
2939	642.87982178
2940	643.67932129
2941	644.94909668
2942	642.64086914
2943	643.34124756
2944	644.20819092
2945	643.85638428
2946	644.53576660
2947	644.26983643
2948	642.02001953
2949	644.26641846
2950	642.99072266
2951	641.76843262
2952	643.92877197
2953	642.72204590
2954	641.83489990
2955	645.22595215
2956	643.31005859
2957	644.46295166
2958	644.61938477
2959	643.34124756
2960	644.29779053
2961	642.72601318
2962	642.70800781
2963	644.35455322
2964	641.74267578
2965	642.92163086
2966	646.78271484
2967	642.46832275
2968	641.94183350
2969	643.32043457
2970	642.29400635
2971	644.46386719
2972	644.09753418
2973	643.94195557
2974	646.63812256
2975	642.38720703
2976	641.77984619
2977	643.14331055
2978	640.97851562
2979	643.16070557
2980	644.26837158
2981	642.11352539
2982	643.24053955
2983	644.00903320
2984	638.70202637
2985	643.07025146
2986	642.46618652
2987	641.67333984
2988	645.05383301
2989	643.40075684
2990	642.62695312
2991	644.33660889
2992	642.73370361
2993	642.30218506
2994	641.30889893
2995	641.84777832
2996	643.06243896
2997	642.35803223
2998	642.02886963
2999	644.09228516
3000	642.64196777