	C:\Users\jkuzm\OneDrive - University of Massachusetts\HRSL x UMILL-PUMA Fatigue - Fatigue\Data\F01\FR3_static2.c3d _ImpedanceExport
	FP1
	FORCE
	ORIGINAL
ITEM	Y
1	5.73692608
2	7.35718775
3	4.11842680
4	7.26327085
5	3.80573702
6	0.84162635
7	3.34418249
8	0.88505495
9	0.97690320
10	7.51482248
11	4.69268990
12	6.31596327
13	3.60172534
14	0.52175045
15	4.16643524
16	5.19194555
17	-0.91253281
18	8.17750072
19	5.81626797
20	5.67501783
21	6.42719126
22	-4.29371119
23	1.62652576
24	5.06271648
25	0.64909416
26	7.95299816
27	9.56305981
28	4.74863911
29	6.71364498
30	3.41790819
31	1.73618948
32	4.49877405
33	3.06679344
34	3.03263283
35	8.77062988
36	4.62650871
37	7.34865332
38	5.21677160
39	0.62611294
40	2.40233254
41	3.17653251
42	-0.53064048
43	7.80263281
44	5.61495066
45	6.29380608
46	3.66134691
47	1.79432333
48	1.61264026
49	3.75538635
50	-2.07942772
51	5.34529829
52	6.82466221
53	3.13178515
54	6.51754093
55	2.69467378
56	-0.92187411
57	1.83463800
58	-0.21779652
59	0.79524899
60	6.71937227
61	1.97502387
62	6.01531744
63	2.95089936
64	0.27435040
65	3.70025206
66	4.77820158
67	-2.22050166
68	7.74419785
69	6.09220934
70	-1.46626914
71	8.51970005
72	2.09924293
73	2.68094277
74	4.02226305
75	-0.93019187
76	7.17953825
77	7.66746998
78	3.85522509
79	5.32270527
80	4.11673021
81	0.69393653
82	5.64012909
83	1.48296356
84	1.36035419
85	5.40395689
86	4.11406279
87	5.66804647
88	3.17955017
89	-1.70004082
90	1.61129415
91	0.36332393
92	-2.52697420
93	4.98792362
94	3.82919621
95	3.61731029
96	1.74058044
97	0.89823771
98	0.94431216
99	2.04904318
100	-1.55549872
101	6.28171730
102	5.56327009
103	3.65496850
104	6.51048374
105	1.61105025
106	-0.53992081
107	2.63018012
108	1.02914333
109	1.65471554
110	5.70117807
111	3.70522881
112	5.22214031
113	2.45935130
114	-1.05051577
115	2.06085920
116	1.97302508
117	-3.53316808
118	-0.79063088
119	3.20782924
120	4.20800829
121	4.46969986
122	-0.75498617
123	-1.55858457
124	1.26195347
125	-4.72736549
126	3.47598433
127	5.29593897
128	-3.44131875
129	3.29761410
130	0.93814671
131	-2.40883183
132	3.65829659
133	-0.40435502
134	-0.53923810
135	4.09584665
136	2.19375515
137	3.81764102
138	4.04213619
139	-2.40298223
140	-0.13856462
141	-0.04998890
142	-5.66663647
143	5.02342463
144	2.88322282
145	2.26950502
146	1.13108706
147	6.41842079
148	0.44963643
149	2.58137059
150	-3.66056490
151	4.50438738
152	4.45393610
153	2.26650500
154	4.53817034
155	2.00706315
156	-0.89318532
157	-0.11772821
158	0.71160376
159	0.94418579
160	5.77946854
161	2.14306092
162	3.91670275
163	0.40334451
164	-2.48160315
165	1.52087188
166	2.41469383
167	-5.33747816
168	3.88233924
169	2.23210931
170	2.18398070
171	1.91380465
172	-3.78120542
173	-3.11421132
174	-1.46151185
175	-5.87884617
176	3.77573800
177	3.15692759
178	-0.18224563
179	1.18872702
180	-0.99370080
181	-2.94074702
182	1.68703079
183	-2.63325000
184	-0.22681488
185	4.18869400
186	3.30025530
187	6.11034584
188	2.59209657
189	-2.12681007
190	-0.30235392
191	0.67704654
192	-4.40679359
193	5.26861811
194	4.15541315
195	-11.78861904
196	1.71121848
197	-0.08064360
198	-0.17682238
199	3.53386092
200	-4.36451864
201	5.35677528
202	5.12518692
203	2.53667879
204	5.65769100
205	2.29402852
206	-1.28128994
207	1.71018279
208	-0.04116182
209	2.01375461
210	6.41502047
211	2.99686527
212	5.22998428
213	1.08745193
214	-0.66001213
215	2.32805967
216	2.35835266
217	-3.42480016
218	4.04802895
219	3.42325950
220	2.76375175
221	3.29693174
222	-0.52805883
223	-1.60463953
224	10.36150932
225	-2.49744606
226	4.67725134
227	4.98641396
228	0.53030998
229	2.39910793
230	0.18196869
231	-1.69066751
232	2.54057240
233	-1.20169568
234	2.32155943
235	5.93255615
236	3.07234740
237	6.05673456
238	2.36380243
239	-1.37934852
240	0.89794374
241	1.43207777
242	-3.42354012
243	12.77436638
244	3.96445346
245	3.25517917
246	0.71260786
247	-2.32571220
248	-0.26044500
249	2.50260925
250	-5.21373940
251	3.89041138
252	5.13543129
253	-5.10172415
254	4.59365892
255	-0.70302868
256	-3.02066302
257	-0.29892296
258	-2.98281670
259	-0.57129091
260	3.77625418
261	0.91254008
262	1.05793154
263	-0.93726993
264	-3.20699811
265	-1.21280730
266	0.04018725
267	-6.58992577
268	3.56231427
269	1.64774632
270	2.44668245
271	3.62707853
272	3.16972303
273	-1.90957022
274	0.58144557
275	-4.40649080
276	3.55898643
277	2.88593197
278	0.72034854
279	1.28972304
280	-0.35930982
281	-1.36953247
282	3.47188735
283	-1.60847533
284	-0.67434001
285	2.92970371
286	0.74237478
287	2.78961134
288	0.26516762
289	-2.75520658
290	-2.47132039
291	-0.61571121
292	-4.80225754
293	3.47931457
294	2.31975985
295	1.60879564
296	-0.61272198
297	-2.71979642
298	-2.26840687
299	1.16929352
300	-6.94529867
301	4.38475180
302	2.81364012
303	-1.02345300
304	2.59280276
305	-2.61373949
306	-3.74061513
307	-0.88664895
308	-3.83130407
309	-1.23002899
310	4.54989672
311	-0.39803100
312	2.00559711
313	0.50542593
314	-3.38256168
315	0.80254859
316	1.30239677
317	-4.49469090
318	4.46551514
319	2.76694632
320	28.81457520
321	4.68272114
322	-1.36602974
323	-0.39595288
324	0.62796867
325	-3.46699786
326	4.27166939
327	4.54435587
328	0.05005659
329	2.36986780
330	0.10024027
331	-1.78469682
332	0.48450902
333	-3.31212139
334	-0.93885916
335	3.38489056
336	1.19856143
337	2.61598396
338	0.88344997
339	-4.04562330
340	-1.86316729
341	-1.61328650
342	-4.81845570
343	3.55132508
344	1.76852727
345	1.23762643
346	-1.16813087
347	-2.36279583
348	-2.74085546
349	-7.00930738
350	-6.42039347
351	2.43657732
352	1.81928325
353	-0.94417310
354	2.62228823
355	-1.23764336
356	-3.24784064
357	-1.54432559
358	-2.27558804
359	-3.23083425
360	4.50948715
361	0.36620915
362	1.65645957
363	-1.36421299
364	-3.46248150
365	-0.25739309
366	0.09510712
367	-4.99029589
368	3.32112908
369	2.66735077
370	0.44385859
371	2.27244401
372	-3.47227693
373	-1.77874446
374	0.04529929
375	-4.66748047
376	3.51890993
377	4.55573177
378	0.80971307
379	2.27341127
380	-0.89081562
381	-2.08218789
382	1.25004637
383	-2.08747005
384	0.26592937
385	3.56513119
386	1.38375819
387	2.93234825
388	-0.79200792
389	-3.51219654
390	-1.46314168
391	-0.75519681
392	-4.98355770
393	4.63566923
394	2.09831691
395	2.77139378
396	0.49353775
397	4.68193007
398	-1.32447231
399	2.14679170
400	-5.02459621
401	3.74507189
402	4.28555012
403	1.74106002
404	4.41608858
405	-0.02352066
406	-1.72415709
407	1.19822800
408	-3.37434626
409	0.58879256
410	3.82626343
411	0.09600044
412	2.02540874
413	-1.41548383
414	-4.21711016
415	0.09858087
416	0.66805655
417	-5.69654560
418	3.21921110
419	1.15930927
420	2.85530496
421	1.12715256
422	-3.54315591
423	-3.41821003
424	-0.92762852
425	-5.14952660
426	-2.47762465
427	2.81771731
428	-0.56878549
429	0.36196509
430	0.19047992
431	-3.38242865
432	1.74549294
433	-2.81077170
434	0.31538835
435	4.54356956
436	2.22482729
437	3.77318120
438	0.48353353
439	-4.14724445
440	0.18165033
441	-0.26895776
442	-5.02833557
443	4.45229149
444	2.72066069
445	-4.54332924
446	-0.39243123
447	-2.09237719
448	-1.46718836
449	1.70083833
450	-5.06433773
451	3.83336663
452	3.79523778
453	-0.03392925
454	3.73286486
455	-2.00319934
456	-2.39114261
457	-0.25670880
458	-2.97412276
459	0.31818801
460	5.44409037
461	2.37972450
462	2.59690857
463	1.01825380
464	-3.35811615
465	2.68696928
466	0.73109847
467	-4.48924685
468	3.04743814
469	2.46807885
470	3.71611357
471	2.25573707
472	-1.97691929
473	0.85420501
474	14.76046181
475	-3.58843541
476	4.62081766
477	4.82931280
478	0.68788779
479	2.20011902
480	0.77905345
481	-0.51375425
482	2.89853573
483	-1.11281824
484	0.23526090
485	6.42689180
486	2.63155484
487	6.86973047
488	2.81376815
489	-1.05569851
490	1.21313858
491	0.80473125
492	-2.67501688
493	6.77501059
494	2.50022388
495	2.42367411
496	0.76334250
497	-1.01235783
498	-0.30234709
499	2.06400776
500	-6.01032209
501	5.35330677
502	5.76285791
503	6.58609772
504	5.61880159
505	0.00107700
506	-3.20547986
507	0.85205531
508	-2.04057026
509	1.52373278
510	5.08124208
511	2.60493159
512	3.39925098
513	1.39328301
514	-2.74640489
515	1.79198349
516	1.40380800
517	-3.36823320
518	5.05274820
519	3.48744154
520	4.96298265
521	3.66702342
522	-13.52360439
523	-2.03206992
524	0.10756275
525	-6.08922100
526	4.69602680
527	4.02081060
528	1.08940017
529	2.15344906
530	-0.61500871
531	-1.72150147
532	-0.88596857
533	-2.79429579
534	0.68066961
535	4.38122463
536	1.35465980
537	3.21707082
538	-0.25895548
539	-3.15517259
540	-0.35919955
541	0.05763092
542	-3.64633203
543	4.50407887
544	3.11664534
545	3.38583875
546	0.76810366
547	-2.22981524
548	-0.88982129
549	3.61947560
550	-5.52497005
551	14.80516243
552	4.28148985
553	1.24926353
554	4.82345915
555	0.99283820
556	-2.26241612
557	0.81653267
558	-1.59865546
559	2.45637417
560	5.54398727
561	3.17063665
562	4.01757860
563	1.13557291
564	-2.75212693
565	1.93386114
566	1.57601905
567	-2.42531991
568	5.58941412
569	4.22993803
570	12.04443836
571	5.77274227
572	-1.13769126
573	-1.13701737
574	0.81067514
575	-4.43252563
576	4.30181313
577	4.60449982
578	1.98329735
579	1.38354468
580	-4.25632668
581	-2.83744717
582	0.99757469
583	-2.56877756
584	0.99292070
585	4.50661802
586	0.36650687
587	4.99544191
588	1.37935531
589	-3.11160016
590	-2.21825671
591	-0.48817453
592	-3.33320522
593	4.93860197
594	3.25175214
595	2.66809201
596	0.49157855
597	-0.66767836
598	2.30490851
599	4.27708054
600	-4.98858833
601	4.58677769
602	4.63502884
603	2.05232573
604	4.95483446
605	-0.52426481
606	-1.99661505
607	0.53715646
608	-1.68734014
609	5.43899345
610	5.22002935
611	1.43091464
612	2.75965524
613	1.30593538
614	-3.16299081
615	2.55387139
616	1.84318697
617	-3.77651906
618	3.48003244
619	2.99100494
620	4.10170555
621	2.45297933
622	-2.35523248
623	0.09420846
624	-0.03171416
625	-6.01090431
626	3.56386089
627	3.16668439
628	-2.08723307
629	0.72648388
630	-2.31379271
631	-3.33326530
632	0.19455874
633	-4.49403858
634	-0.07475522
635	2.85655570
636	0.32404596
637	3.58281207
638	-1.54680681
639	-4.80609798
640	-2.43120003
641	-1.00681853
642	-5.41883421
643	3.21993542
644	2.12567353
645	2.34246469
646	-1.27512813
647	13.05601692
648	-0.42635682
649	1.21980929
650	-7.01250792
651	3.21704006
652	1.93176961
653	0.05643445
654	3.75532675
655	-1.31802249
656	-2.24878597
657	-2.46521497
658	-3.78714299
659	0.57747900
660	2.89698005
661	-0.35253257
662	1.69164121
663	-0.92981422
664	-3.77823973
665	0.05991013
666	-0.30378532
667	-5.12421227
668	2.76442909
669	2.66609669
670	2.98720336
671	2.06353521
672	-3.78288984
673	-1.95137751
674	1.09041107
675	-7.34456968
676	-3.43668056
677	1.88209367
678	0.27459618
679	0.64029270
680	-1.85908246
681	-2.84140062
682	0.72558725
683	-3.10592055
684	0.73497492
685	3.26803637
686	-2.65957093
687	2.28556132
688	-0.73621714
689	-5.01098204
690	-1.49018061
691	-1.71572697
692	-4.79649973
693	3.39626956
694	1.37655294
695	1.85142565
696	-0.96661288
697	-3.01774168
698	-2.03324699
699	1.12865853
700	-6.76060724
701	3.42346168
702	2.41538286
703	0.04490894
704	3.75351691
705	-2.10392523
706	-1.37587476
707	-0.04054347
708	-2.72043777
709	2.58049464
710	5.46680021
711	2.84672356
712	2.66286564
713	-1.38823533
714	-2.86640048
715	-2.00027704
716	0.26100922
717	-2.12589407
718	4.78201628
719	2.98982310
720	3.88092065
721	3.21916962
722	-1.54635048
723	-2.01354980
724	18.04824066
725	-5.06196785
726	3.83927059
727	3.70575953
728	0.28331113
729	1.71445239
730	0.16139197
731	-2.11702251
732	1.31236041
733	-4.35615301
734	4.00161982
735	2.76860452
736	-0.21663922
737	3.34628701
738	-0.47518390
739	-3.55464530
740	-1.81581163
741	-1.64095020
742	-4.09615421
743	3.91348767
744	-0.88965136
745	1.78272772
746	0.01722799
747	-2.93831444
748	-0.65843403
749	1.65003777
750	-6.22632122
751	3.56213093
752	3.64718604
753	-1.37962055
754	4.09923124
755	-1.15263164
756	-1.23790097
757	0.58482540
758	-1.73568678
759	2.09370971
760	5.29653168
761	0.04139250
762	1.59109080
763	0.80817741
764	-2.58436441
765	0.35388228
766	0.61862344
767	-3.56605935
768	2.98166442
769	2.08960962
770	3.55915356
771	1.86528695
772	-8.64301014
773	-1.77733231
774	0.27971774
775	-6.81112671
776	3.16216326
777	2.31684279
778	0.44873819
779	-0.35522678
780	-1.73717642
781	-5.39813709
782	-0.64271957
783	-5.63049459
784	-1.30431247
785	1.36569357
786	-0.67066997
787	2.30198097
788	-2.32820725
789	-5.44085932
790	-2.74771094
791	-2.04746628
792	-4.81136417
793	3.03524590
794	0.35441664
795	1.34139955
796	-1.19804037
797	-3.20631838
798	-1.95128810
799	-0.76005214
800	-8.82665730
801	9.01775265
802	1.78497815
803	-0.83713162
804	2.01544785
805	-2.66445518
806	-2.83749223
807	-0.98063606
808	-3.65365648
809	0.52841657
810	3.56021738
811	-3.42975998
812	1.14094210
813	-0.66988713
814	-4.85938025
815	-0.81028670
816	-0.45426899
817	-4.60445976
818	3.01218605
819	1.10112524
820	3.21584368
821	0.25580144
822	-4.77630281
823	-2.85461235
824	-1.88528192
825	-8.52422237
826	2.74997306
827	1.68986213
828	-0.31656742
829	-0.30994239
830	-1.84513891
831	-4.19351387
832	-1.33761871
833	-5.20874071
834	-0.62389141
835	1.69938207
836	-2.17699242
837	2.68559003
838	-1.01595557
839	-4.79463816
840	-0.16523941
841	-1.91176593
842	-4.21378231
843	3.03726721
844	0.36297911
845	1.07318342
846	-1.72751355
847	-4.08553648
848	-2.27835274
849	-17.77214813
850	-9.87762737
851	1.56862986
852	1.02885365
853	-2.04172182
854	0.27328622
855	-5.43817234
856	-4.72192192
857	-3.12071943
858	-7.22150993
859	-1.39405608
860	1.00391579
861	-2.86652637
862	-0.28902397
863	-2.38306856
864	-7.28869724
865	-1.58422983
866	-3.72782636
867	-6.32432365
868	0.69004196
869	-1.27269566
870	0.55237061
871	0.78377008
872	-4.70107269
873	-3.27480292
874	-0.72831535
875	-7.89183044
876	2.65856791
877	1.58702445
878	-0.10160113
879	-1.82370949
880	-3.69396687
881	-4.22674990
882	-0.97622722
883	-6.54350090
884	-1.19659960
885	0.76656371
886	-3.95828867
887	0.14134584
888	-0.55425870
889	-5.85433483
890	-3.62848377
891	-3.18242884
892	-5.76117373
893	1.89315784
894	-1.39966488
895	0.77835405
896	-3.40881896
897	3.26631808
898	-2.48083282
899	-0.56776506
900	-8.68331718
901	0.88225567
902	0.58356291
903	-0.45427671
904	1.23543847
905	-4.72634840
906	-5.54639292
907	-6.11720133
908	-7.45089245
909	-0.77301651
910	2.66857934
911	-3.25461984
912	-0.94651109
913	-2.09919405
914	-6.33806467
915	-1.63260305
916	-2.87193680
917	-5.48863316
918	1.90894496
919	0.29478988
920	2.03468347
921	-0.22708954
922	-4.99241400
923	-2.93892932
924	-0.12732315
925	-5.76991463
926	10.64914227
927	2.26658297
928	0.19522533
929	0.82226688
930	-1.90563488
931	-3.14190221
932	-0.24431710
933	-5.58993816
934	0.91651154
935	2.33292913
936	0.82411838
937	0.68315452
938	-2.28957677
939	-6.16712236
940	-3.36997390
941	-3.49573922
942	-6.26570988
943	2.65293646
944	-1.40114784
945	1.10006940
946	-3.09511948
947	-4.96098375
948	-1.89199817
949	0.06641838
950	-7.86067629
951	2.23642111
952	0.31805867
953	-0.93138582
954	2.62720466
955	4.73677874
956	-2.93318868
957	-1.28815210
958	-4.21604586
959	2.59708142
960	4.19386435
961	0.41092315
962	1.25100005
963	-1.22943687
964	-4.21483660
965	1.53123939
966	-0.74973655
967	-3.42028284
968	4.73843575
969	2.01643991
970	3.66644526
971	1.25454319
972	-3.15006852
973	-3.18676353
974	19.96559334
975	-7.78601170
976	4.19721413
977	2.45738459
978	1.47780311
979	-0.48663756
980	-2.71069145
981	-3.54827666
982	0.04846468
983	-5.32595444
984	-1.47771406
985	2.10422826
986	-1.09922695
987	3.26545882
988	-1.26896846
989	-4.79951715
990	-1.49068892
991	-2.70094800
992	-4.70114279
993	2.11670637
994	1.70586133
995	0.99248713
996	-1.88524342
997	-4.02474260
998	-1.98121262
999	-0.24006552
1000	-7.91365576
1001	2.30073142
1002	1.70966280
1003	-4.76545572
1004	2.01978254
1005	-2.87618947
1006	-3.00734448
1007	-1.99121785
1008	-5.10029936
1009	1.92412269
1010	2.36365843
1011	-0.56962264
1012	2.55089855
1013	-3.99943781
1014	-3.68286729
1015	0.09866948
1016	-1.23867345
1017	-3.38708472
1018	2.54164743
1019	0.40561810
1020	1.47055781
1021	-0.47221151
1022	-5.78451777
1023	-3.03644276
1024	-2.40464187
1025	-8.01843262
1026	0.97766113
1027	1.19691432
1028	-0.94321406
1029	-1.73240697
1030	-3.56424379
1031	-3.58830833
1032	-0.27599159
1033	-6.69336176
1034	0.93034756
1035	1.23917854
1036	-2.68689084
1037	2.49223852
1038	-2.05179214
1039	-5.26885605
1040	-4.14824629
1041	-2.54655862
1042	-4.62269258
1043	3.83126426
1044	1.30696058
1045	0.89822626
1046	-2.38575649
1047	-4.51910973
1048	-2.25722241
1049	0.02236727
1050	-9.34019279
1051	19.67495728
1052	0.64363390
1053	-1.40147054
1054	1.49496043
1055	-4.21194077
1056	-4.12867498
1057	-2.30564117
1058	-7.42524052
1059	0.46158108
1060	1.76102149
1061	-0.84515131
1062	0.22774853
1063	-1.23880601
1064	-5.00941420
1065	-0.13008903
1066	-2.86209345
1067	-3.33745050
1068	2.36205506
1069	1.05829620
1070	1.67479181
1071	2.32771850
1072	-3.87197328
1073	-2.58221221
1074	-1.43146646
1075	-7.92189074
1076	3.38899851
1077	1.24827802
1078	0.34606224
1079	-0.03148179
1080	-4.94957495
1081	-2.84551525
1082	0.55016255
1083	-6.67927027
1084	0.93951368
1085	3.52805567
1086	-1.77505696
1087	3.03192759
1088	-0.30309263
1089	-4.81274366
1090	-1.93680537
1091	-0.08347777
1092	-1.98404205
1093	3.07649207
1094	1.30717659
1095	2.99809289
1096	-2.34913588
1097	-4.89090919
1098	-0.33307227
1099	-2.83951139
1100	-8.09990311
1101	0.93332791
1102	1.84215772
1103	-1.60284328
1104	1.34098399
1105	-3.46423531
1106	-4.26729822
1107	-2.12585187
1108	-5.87529993
1109	4.01119518
1110	2.27597523
1111	-2.97674108
1112	0.08484869
1113	-2.26790333
1114	-4.84844923
1115	-0.07940404
1116	-2.45316482
1117	-3.84524608
1118	1.42236388
1119	2.53447270
1120	2.39687848
1121	0.84569865
1122	-3.47703171
1123	-2.59098101
1124	-0.93794096
1125	-6.32194090
1126	4.05174398
1127	2.63424540
1128	2.96013141
1129	-0.70053339
1130	-1.95606399
1131	-2.84645033
1132	0.10087601
1133	-6.27017832
1134	1.07681096
1135	2.10013366
1136	-2.21577787
1137	3.12085152
1138	-3.93770647
1139	-5.68889570
1140	-2.79503727
1141	-2.35355449
1142	-4.31571722
1143	2.13380456
1144	-1.64979291
1145	0.75962800
1146	-2.79032922
1147	-6.02183437
1148	-2.22534609
1149	0.04379076
1150	-7.91607380
1151	1.01955235
1152	1.20460284
1153	-1.03048658
1154	2.05036855
1155	-4.04676151
1156	-3.54221463
1157	1.20334375
1158	-5.25108767
1159	1.06677651
1160	2.17339945
1161	-2.72100663
1162	-0.44549727
1163	-2.76309752
1164	-5.24272442
1165	-1.10319269
1166	-3.55123138
1167	-2.13893461
1168	1.69808388
1169	-0.84826541
1170	1.55952466
1171	-0.93153459
1172	-6.37351513
1173	-4.58962727
1174	-2.09471798
1175	-8.72845268
1176	-16.89032555
1177	0.21183489
1178	0.16967018
1179	-0.88360345
1180	-4.09779978
1181	-5.03779984
1182	-1.25152290
1183	-7.53723240
1184	0.64195925
1185	0.96791393
1186	-6.82333517
1187	1.37299347
1188	-4.01591873
1189	-6.86449814
1190	-4.45774078
1191	-3.96961665
1192	-4.32019043
1193	1.25009525
1194	-2.08380938
1195	0.61653101
1196	-3.03217268
1197	-6.36101294
1198	-2.22459984
1199	-0.75887710
1200	-8.99475384
1201	0.49393591
1202	0.49351254
1203	-0.58194494
1204	1.25245976
1205	1.97689044
1206	-5.11589336
1207	-1.54463530
1208	-7.08062124
1209	0.75131202
1210	1.69409001
1211	-3.74134207
1212	-0.52922761
1213	-4.13830662
1214	-7.57083893
1215	-0.30462161
1216	-3.61228323
1217	-3.91095042
1218	1.24693978
1219	-1.07592058
1220	1.51639605
1221	-1.60692501
1222	-5.88299227
1223	-3.39962006
1224	6.54251385
1225	-7.53002977
1226	1.81999898
1227	0.38917682
1228	0.39578688
1229	-1.95793617
1230	-4.46600103
1231	-3.52419305
1232	-0.31020129
1233	-6.29171085
1234	-3.35300159
1235	0.87989700
1236	-3.15807271
1237	2.33205342
1238	-2.75066543
1239	-5.10942745
1240	-3.06401014
1241	-3.51207590
1242	-2.63171268
1243	1.57161999
1244	-1.71592522
1245	-0.29580829
1246	-3.58603072
1247	-5.81233168
1248	-1.44196296
1249	-0.51676506
1250	-9.02473736
1251	1.57971907
1252	2.70774221
1253	5.28875494
1254	0.95894182
1255	-3.44802547
1256	-3.40759230
1257	-1.68306327
1258	-8.53096294
1259	1.61700487
1260	2.32277608
1261	-1.95013440
1262	1.13375318
1263	-0.04243838
1264	-4.36939526
1265	-1.46905148
1266	-3.12689686
1267	-3.12174940
1268	-0.10621023
1269	-1.08267641
1270	1.81845939
1271	-1.07652819
1272	-5.08780718
1273	-4.18594170
1274	-2.20306778
1275	-8.43485832
1276	2.34660268
1277	1.27912962
1278	1.06438982
1279	-1.60939717
1280	-3.75688958
1281	-3.63031435
1282	8.85198307
1283	-5.43631554
1284	1.50439250
1285	1.99918938
1286	-2.62557149
1287	3.25347352
1288	-0.87561989
1289	-4.49170113
1290	-0.28554201
1291	-1.32586420
1292	-0.65713203
1293	3.39391136
1294	-1.10628700
1295	1.74283898
1296	-2.52581072
1297	-5.33564234
1298	-1.05285168
1299	-0.13613333
1300	-8.46743298
1301	27.84026337
1302	1.02064550
1303	-0.22269279
1304	0.93551064
1305	-4.49855232
1306	-4.33439636
1307	-1.91161191
1308	-7.89037752
1309	2.66388535
1310	2.17271447
1311	-3.78352141
1312	1.40451574
1313	-1.97865069
1314	-5.58523273
1315	-0.78144658
1316	-2.10802007
1317	-1.17904747
1318	2.43009615
1319	-0.21458003
1320	1.89498925
1321	1.40350235
1322	-5.18349600
1323	-3.48566127
1324	-2.68300724
1325	-8.01951599
1326	2.35267735
1327	1.15028000
1328	1.01866496
1329	-1.51951051
1330	-4.02465057
1331	-2.66870975
1332	0.39313057
1333	-7.62430716
1334	2.35416794
1335	2.22772717
1336	-0.88289440
1337	2.00842643
1338	-1.69797540
1339	-2.88506150
1340	-1.51020658
1341	-2.22646093
1342	-0.75226706
1343	2.66166019
1344	-0.07347743
1345	0.98095489
1346	-1.90277946
1347	-4.79416990
1348	-0.93207675
1349	-1.23625982
1350	-7.74695349
1351	0.53368151
1352	0.21596949
1353	-1.25293076
1354	0.27058375
1355	-4.68111324
1356	-4.13898230
1357	-2.35857129
1358	-8.01621723
1359	3.06870198
1360	3.11384368
1361	-2.00715566
1362	0.43317819
1363	-0.93810081
1364	-4.00749302
1365	0.62700140
1366	-1.92056608
1367	-2.41069961
1368	3.09892011
1369	-2.36827207
1370	4.48995352
1371	-0.58715618
1372	-5.26509714
1373	-3.40340376
1374	-0.04976234
1375	-6.81976128
1376	2.40606618
1377	0.60541940
1378	3.95233035
1379	-1.87800837
1380	-3.70875192
1381	-3.43220544
1382	0.48494980
1383	-8.02131081
1384	1.10805023
1385	1.50771475
1386	-2.98326540
1387	2.23539972
1388	-1.88717723
1389	-4.86213350
1390	-2.13703227
1391	-4.10430479
1392	-1.69188964
1393	3.65431857
1394	-0.66943872
1395	1.91405559
1396	-0.92652708
1397	-5.53881454
1398	0.08347958
1399	-0.27156407
1400	-7.42914486
1401	1.69287777
1402	2.36978173
1403	0.62733555
1404	1.16208816
1405	-3.99464297
1406	-3.15195394
1407	-8.59479523
1408	-8.36199379
1409	0.98578131
1410	2.22542787
1411	-2.18373156
1412	-0.17960329
1413	-2.17683744
1414	-5.30620098
1415	-1.21792507
1416	-2.85825396
1417	-5.22050142
1418	2.11201310
1419	-1.77558935
1420	3.04741740
1421	-1.32073414
1422	-5.46758842
1423	-3.19594765
1424	-0.60278225
1425	-7.37052727
1426	-2.08460307
1427	1.08547473
1428	1.30524337
1429	-1.98912060
1430	-3.63162231
1431	-3.63486171
1432	-0.10375109
1433	-7.91230440
1434	1.17751908
1435	1.04816735
1436	-5.64899588
1437	1.68151939
1438	-3.71089220
1439	-6.51979303
1440	-3.04285026
1441	-4.99724674
1442	-1.78340232
1443	2.53165936
1444	0.46892443
1445	0.40929189
1446	1.24905944
1447	-5.74473858
1448	-0.97862411
1449	-1.15715945
1450	-7.46974802
1451	0.48743740
1452	1.61509740
1453	-0.62430155
1454	1.13577294
1455	8.02532578
1456	-4.32457066
1457	-2.76401019
1458	-9.53682041
1459	0.52522892
1460	1.19972777
1461	-2.27988100
1462	-1.29884636
1463	-3.35790896
1464	-5.98583841
1465	-2.54917693
1466	-5.15165138
1467	-3.44806647
1468	1.04958808
1469	-1.75368154
1470	1.31456518
1471	-2.37137055
1472	-5.67043257
1473	-4.57567024
1474	-0.28304222
1475	-6.25360346
1476	2.64555335
1477	0.81947088
1478	0.51079679
1479	-1.26341856
1480	-3.49634409
1481	-3.91114593
1482	0.07872698
1483	-7.80151367
1484	5.98567247
1485	2.87992406
1486	-3.25279975
1487	1.95600224
1488	-2.81678867
1489	-5.47760010
1490	-1.82381666
1491	-3.43179178
1492	-1.38801968
1493	2.04824185
1494	-2.27429605
1495	0.49194807
1496	-2.19463205
1497	-5.56152773
1498	-2.39369464
1499	-0.62079096
1500	-8.10687828
1501	1.33187485
1502	0.91786152
1503	-20.89809608
1504	0.30347735
1505	-5.17574883
1506	-4.74106216
1507	-1.71111822
1508	-7.57332611
1509	2.44633293
1510	2.44158125
1511	-1.44655538
1512	-0.28983942
1513	-1.43153000
1514	-5.43770552
1515	-0.84781188
1516	-2.86522675
1517	-1.47904515
1518	1.91358352
1519	-1.25669944
1520	3.01709771
1521	0.05806963
1522	-4.37154150
1523	-3.26786852
1524	-0.72427553
1525	-7.09859371
1526	2.87911367
1527	1.01329505
1528	-0.10480448
1529	-2.77352071
1530	-3.31365347
1531	-2.61030555
1532	8.50662041
1533	-8.61428642
1534	1.88931584
1535	2.39005423
1536	-3.26762819
1537	2.56144047
1538	-3.58722091
1539	-5.18168402
1540	-1.65829897
1541	-5.42262173
1542	-0.94820714
1543	1.71847200
1544	-3.50448012
1545	1.13177013
1546	-2.41680193
1547	-6.34458971
1548	-1.70724297
1549	-0.90857571
1550	-8.96031666
1551	10.93766499
1552	0.95679927
1553	0.06373855
1554	0.25230712
1555	-4.82045889
1556	-3.25489020
1557	-2.37050343
1558	-8.02269936
1559	1.14310586
1560	0.97144276
1561	-6.24818993
1562	0.04804400
1563	-2.49597526
1564	-5.88410091
1565	-2.02006412
1566	-5.08092356
1567	-0.48746663
1568	2.80642343
1569	-2.16187191
1570	1.63339114
1571	-3.51164794
1572	-6.64634514
1573	-4.33138704
1574	-1.61294949
1575	-7.74941826
1576	2.79205537
1577	0.29767501
1578	0.56189251
1579	-1.81954360
1580	-2.91684151
1581	-4.02184534
1582	-1.08588326
1583	-9.28314972
1584	0.42322549
1585	1.44419575
1586	-2.96691203
1587	2.24494886
1588	-4.21781826
1589	-3.93163991
1590	-1.99570656
1591	-4.93549061
1592	-2.52377892
1593	1.44276464
1594	-2.11311221
1595	0.68829507
1596	-1.97475910
1597	-6.60235119
1598	-3.54594445
1599	-1.88406897
1600	-10.24921036
1601	0.34388027
1602	0.88201189
1603	0.96245968
1604	1.16103137
1605	-4.36121511
1606	-4.63049078
1607	-2.98803043
1608	-9.58246899
1609	9.15047264
1610	0.53067899
1611	-4.14009809
1612	-2.27129126
1613	-3.29299331
1614	-4.67680836
1615	-1.82569075
1616	-4.63855457
1617	-1.37307906
1618	0.75761110
1619	-3.60421562
1620	0.56813318
1621	-2.13707614
1622	-6.78341770
1623	-4.55622721
1624	-2.90249252
1625	-9.50098419
1626	1.36685586
1627	-1.90111983
1628	21.22604561
1629	-3.92282748
1630	-5.94490385
1631	-5.23178625
1632	-1.79869294
1633	-9.59984779
1634	0.55397952
1635	0.79169512
1636	-4.39260817
1637	2.04494548
1638	-5.09276581
1639	-6.07033968
1640	-3.53665543
1641	-5.54506445
1642	-2.56066775
1643	2.39143085
1644	-5.05471468
1645	0.42493987
1646	-3.46123552
1647	-5.84350824
1648	-2.81888294
1649	-1.97846580
1650	-7.58384371
1651	0.60015786
1652	0.69673556
1653	0.38862726
1654	-0.72521454
1655	-5.79495001
1656	-5.99882603
1657	-8.51802254
1658	-11.36790657
1659	-0.46657035
1660	0.69753063
1661	-3.75271082
1662	-2.90623832
1663	-4.95975828
1664	-6.19806051
1665	-2.94894505
1666	-6.90876818
1667	-5.53571415
1668	-0.18529521
1669	-2.75933528
1670	0.04622942
1671	-3.51942348
1672	-8.29072762
1673	-5.13518572
1674	-4.60936928
1675	-9.69646358
1676	-0.77369845
1677	0.42850208
1678	-1.49163783
1679	-4.65391922
1680	-6.30319834
1681	-5.28256226
1682	-0.69333994
1683	-11.69676685
1684	-0.14932524
1685	-0.06677208
1686	-1.94720733
1687	1.00568604
1688	-4.75479031
1689	-6.39608860
1690	-3.76854134
1691	-5.73072672
1692	-2.17030549
1693	0.48916009
1694	-4.36662006
1695	-1.69897234
1696	-3.79127955
1697	-7.30727863
1698	-3.10383391
1699	-2.18670511
1700	-8.41021061
1701	0.05280939
1702	0.18668495
1703	0.09510311
1704	-2.22437429
1705	-6.57125139
1706	-7.27513027
1707	-4.02314472
1708	-12.70994759
1709	-1.12855637
1710	-1.35837436
1711	-5.17309046
1712	-4.91851854
1713	-5.43652487
1714	-9.40990829
1715	-3.31582570
1716	-8.61057472
1717	-3.93427777
1718	-1.89090598
1719	-5.36270761
1720	0.51516032
1721	-2.59584236
1722	-8.60849094
1723	-4.61087656
1724	-4.26013708
1725	-9.32232285
1726	0.16458543
1727	-1.30870080
1728	-0.95013332
1729	-3.43748140
1730	-6.43229866
1731	-5.40645266
1732	-1.35192347
1733	-11.33402920
1734	-4.70329428
1735	-0.19325663
1736	-1.84201336
1737	-0.73084754
1738	-5.00599051
1739	-7.46997261
1740	-4.60712290
1741	-6.66514349
1742	-2.74430418
1743	0.55251962
1744	-2.21022344
1745	-2.61462641
1746	-3.76818419
1747	-8.21815968
1748	-3.68532515
1749	-2.65347052
1750	-7.87201500
1751	-1.18678081
1752	-1.14892364
1753	-7.28870821
1754	-2.77879071
1755	-6.17106915
1756	-5.58427811
1757	-3.80815959
1758	-10.93407059
1759	0.60241252
1760	-0.23838165
1761	-5.50372791
1762	-4.44451666
1763	-7.41373444
1764	-7.84537363
1765	-3.52987957
1766	-8.47736549
1767	-4.33047676
1768	-0.89176649
1769	-5.26853657
1770	-1.16354895
1771	-3.86782837
1772	-7.38851357
1773	-3.69796348
1774	-4.05104828
1775	-9.31132030
1776	-0.27599090
1777	-1.75028384
1778	-1.29521084
1779	-4.46566010
1780	-6.25076199
1781	-3.50231767
1782	3.17587852
1783	-12.13999081
1784	0.07475069
1785	0.34303877
1786	-2.01529455
1787	0.24642639
1788	-5.49147987
1789	-8.56715107
1790	-4.33595657
1791	-7.40471840
1792	-4.36222124
1793	0.28788707
1794	-5.36724615
1795	-1.71658361
1796	-3.76123667
1797	-8.13926506
1798	-4.16840506
1799	-2.73922443
1800	-8.34200191
1801	0.41119820
1802	-0.25225097
1803	0.27850845
1804	-1.13833475
1805	-6.21623325
1806	-6.21721411
1807	-2.38912058
1808	-10.27215862
1809	0.55411595
1810	0.07746365
1811	-5.11530495
1812	-1.17390788
1813	-3.89153433
1814	-6.73993635
1815	-1.65631664
1816	-6.88100004
1817	-2.63637972
1818	0.07581563
1819	-3.21945167
1820	-0.49966043
1821	-5.61391258
1822	-8.87006569
1823	-5.92292547
1824	-3.78907704
1825	-9.58172226
1826	-0.94470930
1827	-2.99845695
1828	-1.70081055
1829	-4.93826246
1830	-18.98736382
1831	-6.79056835
1832	-1.93059754
1833	-13.16432953
1834	-0.82215506
1835	-1.41616654
1836	-3.59274435
1837	-1.68948197
1838	-6.06195450
1839	-6.97301483
1840	-0.75955421
1841	-7.65640831
1842	-3.02928805
1843	0.80669296
1844	-4.97891140
1845	-1.69375944
1846	-4.41057587
1847	-9.62915707
1848	-5.57229900
1849	-3.56750894
1850	-9.30983353
1851	-1.11762536
1852	-2.04953527
1853	-0.17480348
1854	-1.55885518
1855	-7.83414745
1856	-7.30557156
1857	-4.05269861
1858	-12.73897839
1859	3.94693327
1860	-1.14977038
1861	-3.37022161
1862	-3.80559206
1863	-5.14995766
1864	-6.92392015
1865	-3.81246591
1866	-8.75612736
1867	-3.23702002
1868	-1.67573547
1869	-6.07591581
1870	-1.00985587
1871	-5.18416643
1872	-10.35244656
1873	-7.22829342
1874	-5.23741293
1875	-11.02749825
1876	-1.76656926
1877	-3.81592441
1878	0.16052610
1879	-4.82978582
1880	-9.60311890
1881	-6.20724773
1882	-3.90203834
1883	-12.57932949
1884	-2.08061981
1885	-2.74988842
1886	-5.29184055
1887	-2.27996826
1888	-11.78235245
1889	-8.86838436
1890	-6.55236149
1891	-8.46930885
1892	-2.72331023
1893	-0.85376954
1894	-6.11060143
1895	-3.44588971
1896	-4.55611849
1897	-9.31812859
1898	-5.56867790
1899	-4.58837461
1900	-8.42651081
1901	-0.93931806
1902	-2.46312761
1903	-1.70122123
1904	-2.36060977
1905	-8.77266312
1906	-7.11026001
1907	2.98618913
1908	-13.00512123
1909	-0.61432046
1910	-2.84473848
1911	-4.70892382
1912	-5.01840591
1913	-6.81157875
1914	-7.91711664
1915	-4.30730820
1916	-8.94806862
1917	-3.56309295
1918	-1.18604946
1919	-7.06556940
1920	-2.48911381
1921	-5.37660027
1922	-9.55668354
1923	-7.42195320
1924	-5.46868086
1925	-10.68451691
1926	-1.62104261
1927	-4.69492817
1928	-2.38511205
1929	-6.66126728
1930	-8.84713173
1931	-6.97389221
1932	-3.41166329
1933	-13.21002769
1934	-1.76774251
1935	-1.45074904
1936	-3.94400811
1937	-1.59279954
1938	-6.62006903
1939	-8.44923592
1940	-4.79718208
1941	-9.12026978
1942	-2.34996200
1943	0.05788679
1944	-6.13973951
1945	-2.13118744
1946	-6.45053387
1947	-8.31606388
1948	-3.63260078
1949	-4.50184631
1950	-7.73991632
1951	-1.37663364
1952	-2.45384002
1953	-1.69377184
1954	-3.34503031
1955	-14.35362816
1956	-7.19988251
1957	-5.56933165
1958	-12.41728210
1959	-1.15458691
1960	-2.36207414
1961	-4.43930387
1962	-4.85076475
1963	-6.98458481
1964	-7.62929678
1965	-3.40924883
1966	-8.88961220
1967	-2.56678534
1968	-1.31623316
1969	-6.60716391
1970	-2.38310480
1971	-5.76024008
1972	-9.76392174
1973	-6.72204351
1974	-4.91783905
1975	-9.45517635
1976	-0.94716311
1977	-3.29619265
1978	-1.96445930
1979	-5.51897526
1980	-8.95522404
1981	-7.31617212
1982	-4.46594334
1983	-13.65131855
1984	-5.96190071
1985	-2.28204632
1986	-3.35933137
1987	-0.18724582
1988	-6.52329159
1989	-8.31125069
1990	-4.87253761
1991	-8.47937489
1992	-2.32628822
1993	-0.61589843
1994	-5.49060774
1995	-2.21927404
1996	-3.26735115
1997	-8.35514069
1998	-3.64590693
1999	-3.18926167
2000	-6.71609926
2001	-1.64036667
2002	-0.86786789
2003	0.50437266
2004	-1.01511359
2005	-8.58548927
2006	-6.66650009
2007	-3.32896852
2008	-12.77372265
2009	-0.92351109
2010	-1.00844693
2011	-4.38450480
2012	-3.89412093
2013	-7.87473679
2014	-6.29799747
2015	-3.48732209
2016	-9.59401131
2017	-2.46952534
2018	-1.98028529
2019	-5.76411772
2020	-1.03979206
2021	-5.36099911
2022	-8.21064091
2023	-7.57197380
2024	-4.34665346
2025	-8.78351116
2026	-0.81657314
2027	-3.92340851
2028	-2.29088759
2029	-5.18102121
2030	-8.38726139
2031	-4.11064339
2032	-0.77883536
2033	-11.59823418
2034	-1.03836596
2035	-1.18594491
2036	-3.19113278
2037	-1.71355879
2038	-6.48444414
2039	-9.23940659
2040	-6.61491776
2041	-10.44866848
2042	-2.61404490
2043	-2.07665014
2044	-6.83306980
2045	-2.33004093
2046	-4.86707640
2047	-9.86169338
2048	-5.09563017
2049	-5.36839056
2050	-6.47652006
2051	-1.68495321
2052	-4.07810831
2053	-1.58973312
2054	-2.77628994
2055	-7.36829901
2056	-7.14298582
2057	-5.68960667
2058	-13.75044632
2059	-1.08888745
2060	-1.96688700
2061	-0.53582847
2062	-4.61074924
2063	-5.68276978
2064	-8.62464523
2065	-4.07112837
2066	-11.50939083
2067	-3.71688509
2068	-1.04420018
2069	-3.44871736
2070	-1.04133332
2071	-1.19394422
2072	-9.06116295
2073	-6.20882607
2074	-4.52936602
2075	-8.12743950
2076	-0.91503990
2077	-3.40808320
2078	-2.55123997
2079	-4.66956711
2080	-12.53072262
2081	-7.45609951
2082	-3.52872205
2083	-12.48657608
2084	-2.54595709
2085	-1.33914220
2086	-3.52664471
2087	-2.46316648
2088	-7.93098593
2089	-8.62378025
2090	-4.94985151
2091	-10.06849957
2092	-2.72150755
2093	-0.58508557
2094	-6.19792891
2095	-4.20496225
2096	-5.04189396
2097	-10.12570667
2098	-4.17433929
2099	-5.26450348
2100	-7.54908514
2101	-1.48914683
2102	-3.89385414
2103	-1.40107358
2104	-3.89702868
2105	-10.04987812
2106	-7.81736755
2107	-5.06399012
2108	-14.40926170
2109	-16.17001724
2110	-1.85552990
2111	-4.89523411
2112	-6.09962606
2113	-6.88810444
2114	-7.24935198
2115	-3.59740400
2116	-10.41859818
2117	-2.72393489
2118	-0.84033650
2119	-5.86961889
2120	-1.86217821
2121	-6.72241449
2122	-9.79033375
2123	-7.16386175
2124	-5.73949623
2125	-9.42807674
2126	-1.63954258
2127	-4.05540800
2128	-2.64565229
2129	-6.22221661
2130	-9.32448578
2131	-5.27762270
2132	-3.30962348
2133	-13.56253529
2134	-2.06298876
2135	-2.64859819
2136	-3.84880137
2137	-2.44252229
2138	-7.83180952
2139	-8.08586693
2140	-5.98523951
2141	-10.44295311
2142	-3.26945662
2143	-1.49095893
2144	-7.18655205
2145	-3.66525340
2146	-5.57554102
2147	-9.40464401
2148	-4.90604591
2149	-5.89473057
2150	-9.50273514
2151	-1.83247745
2152	-5.00201797
2153	-1.51320064
2154	-4.05480242
2155	-9.17840958
2156	-7.61485481
2157	3.05437803
2158	-14.31308270
2159	-1.26720142
2160	-2.38634229
2161	-4.29703379
2162	-4.92904949
2163	-6.79503727
2164	-7.19022560
2165	-4.39075708
2166	-10.94087696
2167	3.09596634
2168	-1.58840299
2169	-6.13633871
2170	-0.74614620
2171	-5.33317184
2172	-7.77520084
2173	-5.54655218
2174	-6.04814434
2175	-7.94535875
2176	-1.54692340
2177	-4.98135662
2178	-1.62951207
2179	-5.77237415
2180	-8.76097584
2181	-6.76486778
2182	-4.79577351
2183	-12.44413185
2184	-2.29665971
2185	-1.26638412
2186	-14.92997360
2187	-3.13710666
2188	-8.30403709
2189	-8.48635769
2190	-5.93455648
2191	-11.41503811
2192	-4.03257132
2193	-1.88634002
2194	-7.14586973
2195	-3.38857794
2196	-3.23003149
2197	-9.85090542
2198	-5.48717117
2199	-6.39369440
2200	-8.57374477
2201	-2.19509339
2202	-5.45622110
2203	-2.37721014
2204	-2.91578555
2205	-8.37922382
2206	-6.29674482
2207	-5.32593966
2208	-14.18296432
2209	-2.12018061
2210	-3.32591653
2211	-5.59627104
2212	-6.26742268
2213	-6.79212809
2214	-8.76963806
2215	-3.71309519
2216	-11.16973019
2217	-3.95969367
2218	-2.80710912
2219	-7.30083561
2220	-2.13560557
2221	-6.76774216
2222	-8.76188755
2223	-5.99693966
2224	-6.65129900
2225	-7.20035934
2226	-1.42474592
2227	-5.24944687
2228	-2.81231833
2229	-5.78567791
2230	-10.20308495
2231	-6.23632622
2232	-4.77109432
2233	-13.89383030
2234	5.70018816
2235	-2.62987614
2236	-4.71638727
2237	-3.18930197
2238	-8.09087181
2239	-8.70511723
2240	-7.65133953
2241	-11.91106796
2242	-3.03239155
2243	-2.19758511
2244	-11.60258770
2245	-4.52669430
2246	-7.69789600
2247	-9.72562313
2248	-5.81486797
2249	-7.47158098
2250	-7.63861370
2251	-2.48341227
2252	-4.74653864
2253	-2.78152156
2254	-2.11266136
2255	-9.46467018
2256	-8.84043503
2257	-6.07481718
2258	-14.53179550
2259	-2.69352102
2260	-3.18655467
2261	-4.37617111
2262	-7.00862503
2263	-8.76462936
2264	-9.02311802
2265	-3.93205357
2266	-13.47480106
2267	-3.67668700
2268	-4.25404978
2269	-8.42772484
2270	-2.03102732
2271	-7.68423796
2272	-10.27662086
2273	-9.95272255
2274	-6.89110899
2275	-7.76362896
2276	-1.81136823
2277	-5.23226070
2278	-2.56630874
2279	-6.93349838
2280	-9.06195354
2281	-6.93326283
2282	-27.06568336
2283	-13.51016331
2284	-2.24947262
2285	-2.70580077
2286	-3.59378886
2287	-2.28712630
2288	-8.48178482
2289	-8.84421635
2290	-6.11389780
2291	-11.32569122
2292	4.02461958
2293	-2.29008341
2294	-6.78511953
2295	-3.88788629
2296	-6.60503006
2297	-9.71947575
2298	-4.46714592
2299	-5.48906088
2300	-7.01548100
2301	-1.78316665
2302	-4.87049484
2303	-0.85117114
2304	-3.73682785
2305	-8.82480717
2306	-7.20157957
2307	-5.08465290
2308	-11.79863071
2309	-1.37842500
2310	-1.34123278
2311	-7.86833668
2312	-5.60497189
2313	-7.97618675
2314	-7.92686415
2315	-4.01342487
2316	-11.90061378
2317	-2.77531219
2318	-2.00347137
2319	-7.54431820
2320	-1.94473326
2321	-7.53711796
2322	-9.37128448
2323	-5.49595833
2324	-7.51705074
2325	-6.07054472
2326	-1.14381611
2327	-4.56972933
2328	-1.71810818
2329	-5.60009432
2330	-9.49050426
2331	-3.37304759
2332	-1.54743505
2333	-11.16514206
2334	-1.54401982
2335	-0.93003881
2336	-1.37183392
2337	-0.46933147
2338	-5.72119331
2339	-6.76374912
2340	-11.55582333
2341	-10.72272015
2342	-2.16600490
2343	-1.04611993
2344	-6.60716677
2345	-3.62319732
2346	-5.89510775
2347	-9.99925709
2348	-4.02172947
2349	-6.19709873
2350	-6.91114950
2351	-1.66157234
2352	-3.92409253
2353	-1.76095903
2354	-4.96143246
2355	-9.13541508
2356	-7.35021544
2357	-5.40112782
2358	-11.38515663
2359	-18.48983765
2360	-2.20424628
2361	-3.21462893
2362	-4.45688629
2363	-6.86756563
2364	-7.09811831
2365	-2.77359962
2366	-11.00112343
2367	-2.02586293
2368	-2.16643190
2369	-10.61489296
2370	-1.44741595
2371	-5.63225126
2372	-9.77973461
2373	-5.67893696
2374	-5.36808109
2375	-5.23488855
2376	0.01582293
2377	-3.98735356
2378	-0.78005850
2379	-5.98754263
2380	-9.02782822
2381	-4.52049255
2382	-3.94440889
2383	-11.91350555
2384	-1.18174446
2385	-0.55952007
2386	-2.43624234
2387	-0.81314355
2388	1.69259334
2389	-5.13473320
2390	-5.31703281
2391	-12.04101276
2392	-0.64270771
2393	0.07407672
2394	-3.97212863
2395	-2.55226278
2396	-3.74221349
2397	-7.84439850
2398	-1.88639629
2399	-7.94601822
2400	-6.88366508
2401	-2.55362964
2402	-5.40639639
2403	-1.52199817
2404	-3.87768435
2405	-9.53869057
2406	-7.33157969
2407	-4.28456593
2408	-12.26506138
2409	-1.25628066
2410	-1.79243171
2411	-2.85783434
2412	-5.44030428
2413	-6.69131231
2414	-6.15858746
2415	-2.41598892
2416	-11.90079784
2417	-3.06881404
2418	-1.76154244
2419	-7.11012936
2420	-1.80013835
2421	-6.24958086
2422	-9.18281364
2423	-6.51460600
2424	-7.41473150
2425	-6.65037012
2426	-0.19254419
2427	-5.51004410
2428	-3.49139929
2429	-6.70048523
2430	-10.48656464
2431	-6.11305761
2432	-3.48882461
2433	-13.33344460
2434	-3.22858906
2435	-2.92889571
2436	-1.81660557
2437	-3.36538959
2438	-9.64223003
2439	-8.47986889
2440	-7.01765823
2441	-12.97943878
2442	-2.14909458
2443	-2.42463851
2444	-7.09467077
2445	-4.58946323
2446	-6.44122934
2447	-10.16285324
2448	-4.32308912
2449	-8.61011124
2450	-7.13200331
2451	-2.41278505
2452	-6.28691292
2453	-2.45792484
2454	-4.50540876
2455	-9.95214462
2456	-7.15704107
2457	-5.56442308
2458	-12.23773193
2459	-2.66519547
2460	-3.74363279
2461	-4.67329311
2462	-5.86347485
2463	-7.64662886
2464	-8.87550545
2465	-8.90829277
2466	-14.47245502
2467	-4.36883831
2468	-3.02230263
2469	-6.40767622
2470	-1.69476843
2471	-6.28192472
2472	-9.18546486
2473	-7.88938951
2474	-8.39387894
2475	-8.77454472
2476	-2.11003113
2477	-6.07233429
2478	-3.04465699
2479	-6.33889198
2480	-11.10852146
2481	-6.38359690
2482	-4.03150558
2483	-13.63221359
2484	12.14781284
2485	-3.81884480
2486	-4.03021002
2487	-3.35790634
2488	-9.32430077
2489	-9.23518562
2490	-6.65522909
2491	-14.49089718
2492	-2.95666361
2493	-1.51676917
2494	-3.13369727
2495	-4.32742691
2496	-6.81766510
2497	-10.21053410
2498	-6.36472845
2499	-8.14962292
2500	-7.52156258
2501	-2.66664219
2502	-6.16006231
2503	-2.72281504
2504	-4.38959599
2505	-10.82589149
2506	-8.94832516
2507	-5.51652956
2508	-11.87364864
2509	-2.44275165
2510	-2.21283007
2511	-4.83962536
2512	-7.38259363
2513	-11.39306831
2514	-8.03802490
2515	-4.79698086
2516	-13.75676632
2517	-2.98730636
2518	-2.39954281
2519	-8.23900223
2520	-3.15720701
2521	-8.11163521
2522	-8.19968319
2523	-5.97675800
2524	-8.87315273
2525	-5.62667513
2526	-2.01591849
2527	-5.09104109
2528	-2.59700131
2529	-5.21998549
2530	-9.41142273
2531	-5.31721878
2532	-3.47703838
2533	-12.88489819
2534	-2.14924622
2535	-1.66351569
2536	-3.30342054
2537	-1.25329709
2538	-8.05954266
2539	-6.46694994
2540	-4.77254295
2541	-12.42946720
2542	2.28090286
2543	-1.73967195
2544	-5.52353764
2545	-4.93227386
2546	-6.58162451
2547	-9.52111530
2548	-6.09520483
2549	-8.05565071
2550	-8.54783726
2551	-2.38783813
2552	-6.14954424
2553	-3.32862401
2554	-4.83765459
2555	-9.82904625
2556	-8.00844669
2557	-5.33704710
2558	-11.43846893
2559	-1.72955692
2560	-2.67433238
2561	-18.66116905
2562	-6.53646660
2563	-7.97269201
2564	-7.96977854
2565	-3.46822619
2566	-13.21683598
2567	-2.08047962
2568	-1.73967695
2569	-6.77922821
2570	-1.31830525
2571	-9.75685501
2572	-8.15164852
2573	-5.17604542
2574	-6.37854862
2575	-4.91024303
2576	0.21048781
2577	-3.25169492
2578	-1.21784937
2579	-4.05163813
2580	-7.62651157
2581	-1.92556822
2582	-2.60964060
2583	-9.85790443
2584	0.47346643
2585	0.25230274
2586	-0.23805222
2587	-0.23845829
2588	-5.66777182
2589	-4.67493916
2590	-4.14446735
2591	-10.33856583
2592	0.61403513
2593	1.51137662
2594	-4.99767971
2595	-1.52056539
2596	-3.36083198
2597	-6.02017069
2598	-1.25480008
2599	-6.04780817
2600	-4.23575401
2601	1.90877855
2602	-2.46369004
2603	2.13028598
2604	-0.18809302
2605	-4.65255880
2606	-1.06931889
2607	1.90961111
2608	-6.34760618
2609	-3.04364133
2610	2.69982815
2611	1.85484803
2612	-0.81597340
2613	-3.73254156
2614	-1.52910650
2615	2.33568001
2616	-7.59363174
2617	3.09190798
2618	3.30649233
2619	-0.88409424
2620	3.62765336
2621	-1.37015736
2622	-3.76186252
2623	-0.21546975
2624	-1.90106130
2625	1.12964940
2626	5.21704578
2627	0.72220033
2628	3.75244403
2629	0.39860716
2630	-5.03760386
2631	0.57387137
2632	4.19600582
2633	-5.78563166
2634	4.32276821
2635	5.03527117
2636	4.54216480
2637	4.78293419
2638	1.56500566
2639	-0.43922585
2640	4.05687141
2641	-4.97687817
2642	7.04268456
2643	6.63557291
2644	1.92355216
2645	2.45830584
2646	1.60674703
2647	-2.08281994
2648	3.39437675
2649	-0.75009459
2650	2.87119460
2651	5.18860817
2652	3.22629261
2653	4.65524673
2654	2.38124895
2655	-1.98844981
2656	0.14410451
2657	2.80711007
2658	-3.85243726
2659	5.90005922
2660	5.13969946
2661	5.54377031
2662	2.48527598
2663	0.60531032
2664	1.32287598
2665	4.43126202
2666	-5.45120144
2667	12.05019665
2668	6.36159086
2669	2.66046429
2670	5.87438726
2671	0.88728434
2672	-1.87527812
2673	1.37396121
2674	-0.81260037
2675	3.38608098
2676	5.15707922
2677	1.22810531
2678	3.41550493
2679	1.69269133
2680	-2.81266236
2681	1.14307106
2682	2.16861248
2683	-4.81884193
2684	4.26183319
2685	4.42608500
2686	32.63774490
2687	4.35824966
2688	-1.39992058
2689	0.00427038
2690	2.80985737
2691	-6.36814642
2692	5.74397230
2693	5.87546301
2694	1.02095926
2695	4.18743610
2696	-0.16589054
2697	-1.64502895
2698	2.59315491
2699	-1.64371645
2700	3.35232782
2701	5.44165230
2702	0.50503796
2703	5.14159775
2704	3.07400250
2705	-2.34450746
2706	-1.39934719
2707	3.80738211
2708	-4.84435749
2709	4.91224670
2710	4.34913969
2711	4.25454521
2712	0.32562602
2713	-1.99391484
2714	-0.96397579
2715	-0.60412663
2716	-7.33927011
2717	2.90349603
2718	4.19485569
2719	-0.25394019
2720	4.38559580
2721	-0.10480290
2722	-3.45207930
2723	-1.58466637
2724	-2.29263425
2725	1.84683192
2726	2.64302444
2727	-0.42521548
2728	2.87019181
2729	-0.56063050
2730	-4.83453035
2731	-0.16071855
2732	0.90161872
2733	-7.00188541
2734	1.98310828
2735	2.94382572
2736	3.17960453
2737	3.36079168
2738	-2.25396824
2739	-1.18780088
2740	1.39629197
2741	-7.15852022
2742	5.85053062
2743	4.78745651
2744	4.03256845
2745	2.09777784
2746	0.68360889
2747	-1.09602213
2748	3.62354898
2749	-1.19607139
2750	2.72789240
2751	4.59501028
2752	0.62834674
2753	5.48922253
2754	-0.55133933
2755	-3.40989399
2756	-0.19618995
2757	1.58154953
2758	-2.77718663
2759	5.14206457
2760	3.54657722
2761	4.34781551
2762	0.64370185
2763	3.33034253
2764	0.97093397
2765	4.88080645
2766	-5.43877888
2767	6.18286228
2768	7.12142992
2769	3.68266511
2770	8.31672955
2771	1.95355415
2772	1.86847508
2773	4.42513847
2774	-0.06163124
2775	5.19112349
2776	7.98723125
2777	5.18637228
2778	6.87349129
2779	5.04084301
2780	-0.83236158
2781	5.02934742
2782	5.03181934
2783	-1.24737895
2784	7.75003052
2785	7.38808298
2786	6.89395189
2787	6.72158098
2788	0.97231185
2789	1.99901843
2790	5.29169559
2791	-3.18490338
2792	1.79467964
2793	8.31320667
2794	4.74259472
2795	5.81505203
2796	3.44758105
2797	1.88789713
2798	5.23244667
2799	0.94887757
2800	5.83702564
2801	8.65803814
2802	4.34178114
2803	7.98891497
2804	5.94482565
2805	0.37739450
2806	2.83035731
2807	4.24881840
2808	-1.13034117
2809	7.86119080
2810	7.28665495
2811	0.99352294
2812	3.45271015
2813	0.20459414
2814	2.52979255
2815	4.93364620
2816	-5.62614107
2817	6.38911867
2818	6.33681393
2819	4.07266808
2820	6.24772406
2821	-0.33335003
2822	-0.99314541
2823	1.72526920
2824	-0.82283664
2825	5.23837042
2826	7.77224779
2827	1.84112155
2828	4.83131504
2829	2.22288060
2830	-2.29927230
2831	4.60052538
2832	4.19212151
2833	-3.28161621
2834	6.95528698
2835	4.81156158
2836	5.88480616
2837	3.87433267
2838	-2.22598743
2839	0.43390033
2840	17.04138756
2841	-4.83986378
2842	5.17483759
2843	5.62902737
2844	2.01859069
2845	2.51012158
2846	-0.39098534
2847	-2.12592983
2848	2.19572854
2849	-2.79488158
2850	0.19863509
2851	4.11884356
2852	-1.00094795
2853	4.43960619
2854	1.67794943
2855	-2.60304737
2856	0.12273812
2857	2.11860919
2858	-2.54592991
2859	4.53333235
2860	3.33598208
2861	3.69576216
2862	-0.53758973
2863	-2.72234631
2864	0.04788272
2865	4.28576565
2866	-7.29237413
2867	3.91564393
2868	4.14895344
2869	5.96011877
2870	4.36668015
2871	-1.24632311
2872	-3.20474720
2873	0.01103966
2874	-4.01088810
2875	2.23245955
2876	4.67535591
2877	-1.06448841
2878	2.54554939
2879	1.46718693
2880	-3.39014792
2881	1.41946065
2882	2.48336506
2883	-3.22163510
2884	4.39004183
2885	3.81908131
2886	3.27993369
2887	2.87456894
2888	-15.11387539
2889	-2.67649150
2890	0.88445204
2891	-8.07285213
2892	2.75138879
2893	2.84104395
2894	0.61750358
2895	-0.63044018
2896	-0.98973477
2897	-4.74087906
2898	0.74727380
2899	-5.34954214
2900	1.73861003
2901	2.58160400
2902	-2.04459405
2903	2.36682343
2904	-0.79249167
2905	-6.45075560
2906	-3.04348278
2907	-0.88227075
2908	-4.43958330
2909	2.99324036
2910	1.79249620
2911	2.68290806
2912	-1.24584448
2913	-3.73084521
2914	-1.82124090
2915	2.67938781
2916	-8.41568279
2917	12.29886150
2918	3.52098036
2919	3.12806344
2920	4.41455364
2921	-0.79787421
2922	-1.81110978
2923	0.45171526
2924	-4.03675890
2925	2.73258924
2926	3.85081172
2927	1.75095367
2928	2.99698782
2929	0.72817779
2930	-3.40728664
2931	0.72083616
2932	0.62976354
2933	-4.56785583
2934	3.26385570
2935	1.88131511
2936	9.77372646
2937	3.71527529
2938	-2.96360755
2939	-0.55605555
2940	1.58532345
2941	-6.66291571
2942	4.06911325
2943	4.16676855
2944	1.94489229
2945	0.76339084
2946	-2.37573743
2947	-2.51429415
2948	2.52082038
2949	-2.60289955
2950	4.16674709
2951	5.54396725
2952	-0.24850073
2953	3.48039389
2954	1.16089165
2955	-3.68387818
2956	-1.85043919
2957	1.35213292
2958	-2.69734049
2959	4.90798616
2960	3.05247164
2961	4.03197384
2962	-0.02249320
2963	-2.28235626
2964	0.72261715
2965	8.17993069
2966	-7.33009291
2967	4.52575541
2968	4.83794546
2969	0.29128790
2970	4.87486744
2971	0.64928353
2972	-1.97317684
2973	1.36003947
2974	-1.93644357
2975	5.51598787
2976	7.29928255
2977	-0.01319952
2978	3.82743835
2979	2.57972717
2980	-3.43720961
2981	2.89023614
2982	1.36893821
2983	-2.56039548
2984	4.40781546
2985	3.00677443
2986	4.52137327
2987	2.70164156
2988	-3.00875831
2989	-1.36448467
2990	1.71361184
2991	-6.61160564
2992	5.62758589
2993	6.92976236
2994	1.22218990
2995	2.95834255
2996	2.11579537
2997	0.83127791
2998	4.95654964
2999	-1.49943304
3000	5.54467058