	C:\Users\jkuzm\OneDrive - University of Massachusetts\HRSL x UMILL-PUMA Fatigue - Fatigue\Data\F01\FR3_static1.c3d _ImpedanceExport
	FP1
	FREEMOMENT
	ORIGINAL
ITEM	X
1	0.00266936
2	-0.00609193
3	0.00054982
4	-0.00337235
5	-0.00628742
6	0.00366306
7	0.00182418
8	0.00251119
9	0.00219544
10	-0.00617998
11	-0.00328723
12	0.00044959
13	-0.01014871
14	0.00454503
15	0.00296467
16	0.00253510
17	0.00262596
18	-0.00358966
19	-0.00429717
20	0.00363149
21	-0.00943493
22	0.00363648
23	0.00437400
24	0.00293849
25	0.00456853
26	0.00022364
27	-0.00491714
28	0.00194676
29	-0.00181240
30	0.00119861
31	0.00541790
32	0.00296112
33	0.00400939
34	0.00185716
35	-0.00557374
36	0.00077176
37	0.00216209
38	-0.00985090
39	0.00500302
40	0.00274186
41	0.00238084
42	0.00501823
43	-0.00373831
44	-0.00331117
45	0.00238188
46	-0.00874799
47	0.00311755
48	0.00276672
49	0.00230481
50	0.00408756
51	0.00010607
52	-0.00580716
53	0.00204614
54	-0.00313216
55	-0.00471750
56	0.00364154
57	0.00240236
58	0.00274111
59	0.00101592
60	-0.00664210
61	-0.00161111
62	0.00004634
63	-0.01100712
64	0.00321250
65	0.00251388
66	0.00237358
67	0.00215989
68	-0.00340552
69	-0.00091031
70	0.00313698
71	-0.00922199
72	0.00275404
73	0.00401581
74	0.00212049
75	0.00449146
76	-0.00055112
77	-0.00464691
78	0.00168897
79	-0.00141328
80	-0.00214964
81	0.00484764
82	0.00356989
83	0.00422837
84	0.00314954
85	-0.00399248
86	0.00192751
87	0.00436892
88	-0.00728648
89	0.00559971
90	0.00454898
91	0.00353739
92	0.00491861
93	-0.00294182
94	-0.00263323
95	0.00197513
96	-0.00844231
97	0.00266893
98	0.00376844
99	0.00100098
100	0.00242838
101	-0.00150804
102	-0.00619199
103	0.00118007
104	-0.00416575
105	-0.00451538
106	0.00281354
107	0.00182757
108	0.00261027
109	0.00218268
110	-0.00661450
111	-0.00099976
112	0.00065141
113	-0.01040658
114	0.00423904
115	0.00312794
116	0.00315501
117	0.00001190
118	-0.00310455
119	-0.00275662
120	0.00268865
121	-0.00902832
122	0.00360772
123	0.00444080
124	0.00198930
125	0.00436742
126	-0.00090645
127	-0.00502743
128	0.00162586
129	-0.00334303
130	-0.00358674
131	0.00404096
132	0.00236079
133	0.00274389
134	0.00120042
135	-0.00611971
136	-0.00253539
137	0.00229710
138	-0.00937653
139	0.00545848
140	0.00416979
141	0.00308920
142	0.00502282
143	-0.00266410
144	-0.00148395
145	0.00378740
146	-0.00850991
147	0.00498238
148	0.00513801
149	0.00236488
150	0.00416882
151	0.00015783
152	-0.00435999
153	0.00216231
154	-0.00232214
155	-0.00315316
156	0.00473900
157	0.00201912
158	0.00304335
159	0.00166708
160	-0.00688349
161	-0.00112746
162	0.00082768
163	-0.01148185
164	0.00334076
165	0.00269867
166	0.00256096
167	0.00143697
168	-0.00411411
169	-0.00283941
170	0.00269144
171	-0.00922401
172	0.00347975
173	0.00360732
174	0.00278553
175	0.00690262
176	-0.00075896
177	-0.00516266
178	0.00139556
179	-0.00341705
180	-0.00262678
181	0.00435725
182	0.00261344
183	0.00645269
184	0.00163658
185	-0.00590509
186	0.00085092
187	0.00309545
188	-0.00947368
189	0.00495807
190	0.00406876
191	0.00348058
192	0.00515403
193	-0.00257190
194	-0.00065039
195	0.00254900
196	-0.00820018
197	0.00360184
198	0.00429064
199	0.00280732
200	0.00442139
201	0.00018902
202	-0.00417973
203	0.00301414
204	-0.00273716
205	-0.00339703
206	0.00454951
207	0.00302743
208	0.00413455
209	0.00235766
210	-0.00563235
211	0.00002084
212	0.00142020
213	-0.01001812
214	0.00385862
215	0.00315510
216	0.00255896
217	0.00228987
218	-0.00409746
219	-0.00262511
220	0.00296632
221	-0.00926350
222	0.00304118
223	0.00002534
224	0.00259350
225	0.00414645
226	-0.00157384
227	-0.00570345
228	0.00081939
229	-0.00349532
230	-0.00243909
231	0.00399821
232	0.00161438
233	0.00225385
234	0.00130534
235	-0.00580301
236	0.00096539
237	0.00227870
238	-0.00868797
239	0.00580959
240	0.00483480
241	0.00595818
242	0.00556324
243	-0.00325672
244	-0.00240357
245	0.00281392
246	-0.00877604
247	0.00447923
248	0.00445004
249	0.00283129
250	0.00403813
251	0.00008228
252	-0.00466467
253	0.00273146
254	-0.00326475
255	-0.00268050
256	0.00440412
257	0.00232402
258	0.00353482
259	0.00176892
260	-0.00594034
261	-0.00001594
262	0.00031636
263	-0.01018115
264	0.00414677
265	0.00264823
266	0.00250092
267	0.00177524
268	-0.00392861
269	-0.00239785
270	0.00482972
271	-0.00957551
272	0.00474629
273	0.00417009
274	0.00250035
275	0.00484456
276	-0.00050233
277	-0.00442387
278	0.00169075
279	-0.00391921
280	-0.00199793
281	0.00312937
282	0.00150421
283	0.00279375
284	0.00107931
285	-0.00646405
286	0.00018804
287	0.00186600
288	-0.00870606
289	0.00443269
290	0.00398613
291	0.00275457
292	0.00406462
293	-0.00374776
294	-0.00285870
295	0.00211730
296	-0.01003724
297	0.00421683
298	0.00406324
299	0.00225351
300	-0.00939967
301	-0.00066375
302	-0.00512812
303	0.00242920
304	-0.00357745
305	-0.00276704
306	0.00526582
307	0.00282191
308	0.00455821
309	0.00322339
310	-0.00676238
311	-0.00001855
312	0.00124766
313	-0.00853305
314	0.00525568
315	0.00385705
316	0.00291479
317	0.00295718
318	-0.00257276
319	-0.00235160
320	0.00304444
321	-0.01025367
322	0.00420227
323	0.00371456
324	0.00200964
325	0.00440230
326	-0.00174700
327	-0.00605520
328	0.00063001
329	-0.00748547
330	-0.00272312
331	0.00312721
332	0.00108012
333	0.00280011
334	0.00123328
335	-0.00631524
336	0.00034296
337	0.00130226
338	-0.00959507
339	0.00490772
340	0.00350320
341	0.00345681
342	0.00486444
343	-0.00314212
344	-0.00173923
345	0.00309875
346	-0.00890321
347	0.00434318
348	0.00448374
349	0.00341430
350	0.00407962
351	-0.00056043
352	-0.00457513
353	0.00316952
354	-0.00357899
355	-0.00234663
356	0.00494795
357	0.00257114
358	0.00824366
359	0.00250776
360	-0.00601739
361	0.00012236
362	0.00120908
363	-0.00858427
364	0.00397797
365	0.00299071
366	0.00272159
367	0.00280086
368	-0.00546477
369	-0.00183373
370	0.00289753
371	-0.00986292
372	0.00405863
373	0.00372450
374	0.00274761
375	0.00391138
376	-0.00035189
377	-0.00524818
378	0.00095049
379	-0.00541020
380	-0.00133720
381	0.00448180
382	0.00259535
383	0.00319284
384	0.00128187
385	-0.00569704
386	0.00069361
387	0.00251095
388	-0.00936267
389	0.00479014
390	0.00399622
391	0.00257492
392	0.00472983
393	-0.00374709
394	-0.00179659
395	0.00277168
396	-0.00913923
397	0.00329407
398	0.00413198
399	0.00248340
400	0.00372362
401	-0.00083774
402	-0.00444055
403	0.00295346
404	-0.00463269
405	-0.00372555
406	0.00343243
407	0.00112199
408	0.00319052
409	0.00118548
410	-0.00612759
411	-0.00055835
412	0.00075399
413	-0.00860788
414	0.00428645
415	0.00343369
416	0.00317650
417	0.00206032
418	-0.00465249
419	-0.00149446
420	0.00385153
421	-0.01034020
422	0.00392798
423	0.00425756
424	0.00252885
425	0.00386930
426	-0.00122670
427	-0.00495749
428	0.00198752
429	-0.00375796
430	-0.00012508
431	0.00447809
432	0.00219359
433	0.00447368
434	0.00208691
435	0.00062152
436	0.00250129
437	0.00098021
438	-0.00892270
439	0.00461537
440	0.00321819
441	0.00263921
442	0.00379332
443	-0.00495850
444	-0.00214186
445	0.00310993
446	-0.01053972
447	0.00411587
448	0.00298666
449	0.00198021
450	0.00288136
451	-0.00103436
452	-0.00444498
453	0.00252828
454	-0.00456261
455	-0.00034380
456	0.00449588
457	0.00264153
458	0.00435085
459	0.00193764
460	-0.00596143
461	0.00061059
462	0.00089854
463	-0.00824584
464	0.00982609
465	0.00334334
466	0.00362982
467	0.00292766
468	-0.00367112
469	-0.00063717
470	0.00384780
471	-0.00957862
472	0.00480529
473	0.00469324
474	0.00010379
475	0.00427083
476	-0.00199837
477	-0.00395657
478	0.00132745
479	-0.00539417
480	-0.00043575
481	0.00364382
482	0.00051350
483	0.00299365
484	-0.00010217
485	-0.00676611
486	0.00035274
487	0.00089400
488	-0.00893973
489	0.00451409
490	0.00351570
491	0.00305356
492	0.00379257
493	-0.00183360
494	-0.00185891
495	0.00257757
496	-0.00932177
497	0.00439298
498	0.00456522
499	0.00276950
500	0.00431656
501	-0.00099805
502	-0.00500640
503	0.00152958
504	-0.00463411
505	-0.00102232
506	0.00484872
507	0.00225023
508	0.00429989
509	0.00180882
510	-0.00679106
511	-0.00303037
512	0.00062583
513	-0.00907206
514	0.00387476
515	0.00226571
516	0.00258895
517	0.00157704
518	-0.00573696
519	-0.00250588
520	0.00189380
521	-0.01173368
522	0.00296304
523	0.00262348
524	0.00209517
525	0.00414804
526	-0.00189986
527	-0.00475279
528	0.00203007
529	-0.00465679
530	0.00081591
531	0.00530045
532	0.00460080
533	0.00469793
534	0.00169436
535	-0.00443009
536	0.00258132
537	0.00167126
538	-0.00759570
539	0.00536687
540	0.00383420
541	0.00358110
542	0.00473639
543	-0.00447675
544	-0.00180111
545	0.00110911
546	-0.01120225
547	0.00334039
548	0.00264115
549	0.00059171
550	0.00315495
551	-0.00263143
552	-0.00487704
553	0.00163682
554	-0.00663659
555	-0.00104077
556	0.00418660
557	0.00164398
558	0.00287803
559	0.00118445
560	-0.00633361
561	0.00129628
562	0.00042714
563	-0.00726039
564	0.00476075
565	0.00364514
566	0.00348167
567	0.00219175
568	-0.00444984
569	-0.00361501
570	0.00364523
571	-0.00995506
572	0.00474144
573	0.00434745
574	0.00293744
575	0.00459765
576	-0.00196838
577	-0.00429569
578	0.00124242
579	-0.00569011
580	-0.00181822
581	0.00360039
582	0.00199773
583	0.00340461
584	0.00069647
585	-0.00579151
586	0.00176905
587	0.00058437
588	-0.00888022
589	0.00456722
590	0.00411518
591	0.00377297
592	0.00398630
593	-0.00398542
594	-0.00130497
595	0.00266995
596	-0.01034957
597	0.00452278
598	0.00308079
599	-0.00032293
600	0.00265777
601	-0.00151697
602	-0.00412880
603	0.00295606
604	-0.00508303
605	-0.00016719
606	0.00444127
607	0.00226350
608	0.00383307
609	0.00309735
610	-0.00640692
611	0.00029724
612	0.00001365
613	-0.00756702
614	0.00405090
615	0.00237821
616	0.00219395
617	0.00181504
618	-0.00463975
619	-0.00148825
620	0.00346605
621	-0.01020979
622	0.00466808
623	0.00416417
624	0.00198503
625	0.00432072
626	-0.00229128
627	-0.00423728
628	-0.00126124
629	-0.00573699
630	0.00079989
631	0.00407106
632	0.00157075
633	0.00390439
634	0.00086582
635	-0.00592107
636	0.00096364
637	0.00082611
638	-0.00578856
639	0.00470027
640	0.00329339
641	0.00318759
642	0.00347634
643	-0.00463632
644	-0.00185605
645	0.00141801
646	-0.00779390
647	0.00437860
648	0.00300628
649	0.00234264
650	0.00298615
651	-0.00127199
652	-0.00398981
653	0.00302850
654	-0.00610923
655	0.00099205
656	0.00473008
657	0.00187569
658	0.00441381
659	0.00122041
660	-0.00616421
661	0.00058014
662	-0.00009965
663	-0.00706922
664	0.00383296
665	0.00258534
666	0.00236935
667	0.00109260
668	-0.00480580
669	-0.00078730
670	0.00292810
671	-0.01040503
672	0.00426641
673	0.00394760
674	0.00176845
675	0.00446034
676	-0.00251770
677	-0.00533893
678	0.00209239
679	-0.00636951
680	0.00123830
681	0.00395615
682	0.00187352
683	0.00334749
684	0.00100735
685	-0.00621676
686	-0.00616363
687	0.00081973
688	-0.00763875
689	0.00542822
690	0.00406657
691	0.00385782
692	0.00338667
693	-0.00474901
694	-0.00182430
695	0.00177269
696	-0.01182433
697	0.00426451
698	0.00340158
699	0.00283211
700	0.00271094
701	-0.00231007
702	-0.00400186
703	0.00248950
704	-0.00451727
705	0.00062366
706	0.00371130
707	0.00235067
708	0.00375069
709	0.00079252
710	-0.00639298
711	0.00030387
712	-0.00045683
713	-0.00614847
714	0.00382111
715	0.00359989
716	0.00363559
717	0.00181839
718	-0.00504033
719	-0.00049729
720	0.00335894
721	-0.01078951
722	0.00469217
723	0.00388756
724	0.00390708
725	0.00508352
726	-0.00259496
727	-0.00328994
728	0.00301443
729	-0.00624689
730	0.00162053
731	0.00386513
732	0.00160443
733	0.00466024
734	0.00097935
735	-0.00524971
736	0.00177644
737	0.00044415
738	-0.00731656
739	0.00480860
740	0.00260245
741	0.00292435
742	0.00279496
743	-0.00618793
744	-0.00197753
745	0.00158594
746	-0.01110602
747	0.00476277
748	0.00332273
749	0.00205170
750	0.00247098
751	-0.00251140
752	-0.00386432
753	0.00293782
754	-0.00636564
755	0.00206806
756	0.00463619
757	0.00269993
758	0.00450447
759	0.00099362
760	-0.00590082
761	0.00065365
762	-0.00008236
763	-0.01124262
764	0.00510768
765	0.00291074
766	0.00341149
767	0.00187137
768	-0.00487694
769	-0.00047429
770	0.00313031
771	-0.01088678
772	0.00453511
773	0.00235478
774	0.00254695
775	0.00456207
776	-0.00241971
777	-0.00400888
778	0.00116533
779	-0.00754175
780	0.00203415
781	0.00524910
782	0.00134107
783	0.00302486
784	0.00062375
785	-0.00542062
786	0.00180757
787	-0.00049284
788	-0.00658301
789	0.00395834
790	0.00322841
791	0.00280433
792	0.00071899
793	-0.00552943
794	-0.00104921
795	0.00227322
796	-0.01036203
797	0.00477177
798	0.00354158
799	0.00290499
800	0.00261993
801	-0.00203664
802	-0.00229948
803	0.00308650
804	-0.00691853
805	0.00201262
806	0.00476485
807	0.00211803
808	0.00443680
809	0.00066228
810	-0.00645297
811	0.00075389
812	-0.00006255
813	-0.00566023
814	0.00369814
815	0.00299765
816	0.00321754
817	0.00180585
818	-0.00551800
819	-0.00057448
820	0.00339003
821	-0.00930617
822	0.00476336
823	0.00426583
824	0.00276148
825	0.00440677
826	-0.00257586
827	-0.00394271
828	0.00237337
829	-0.00664707
830	0.00211374
831	0.00627321
832	0.00229995
833	0.00422324
834	0.00071596
835	-0.00569769
836	0.00185738
837	0.00030175
838	-0.00687215
839	0.00430393
840	0.00289116
841	0.00278200
842	0.00401304
843	-0.00506462
844	-0.00068005
845	0.00246798
846	-0.01009348
847	0.00461254
848	0.00383224
849	0.00253974
850	0.00475083
851	-0.00157300
852	-0.00299932
853	0.00290448
854	-0.00749702
855	0.00198461
856	0.00384377
857	0.00231870
858	0.00387614
859	-0.00017233
860	-0.00701865
861	0.00057356
862	-0.00152412
863	-0.00612999
864	0.00367179
865	0.00225963
866	0.00282221
867	0.00164260
868	-0.00676612
869	-0.00092602
870	0.00183724
871	-0.01099592
872	0.00493543
873	0.00416297
874	0.00275213
875	0.00464675
876	-0.00279239
877	-0.00292739
878	0.00274851
879	-0.00453279
880	0.00286835
881	0.00484283
882	0.00260492
883	0.00466520
884	0.00091469
885	-0.00546510
886	0.00188922
887	-0.00048053
888	-0.00617550
889	0.00488640
890	0.00356897
891	0.00324839
892	0.00329095
893	-0.00600726
894	-0.00163615
895	0.00179174
896	-0.01088007
897	0.00267884
898	0.00936535
899	0.00306993
900	0.00291280
901	-0.00268746
902	-0.00302546
903	0.00283920
904	-0.00759769
905	0.00272790
906	0.00451114
907	0.00292278
908	0.00696867
909	0.00127081
910	-0.00519457
911	0.00170451
912	-0.00080551
913	-0.00457991
914	0.00486561
915	0.00268477
916	0.00303082
917	0.00197678
918	-0.00560982
919	-0.00006027
920	0.00293016
921	-0.01107092
922	0.00433180
923	0.00335893
924	0.00217468
925	0.00419989
926	-0.00269874
927	0.00339224
928	0.00176748
929	-0.00771485
930	0.00221105
931	0.00349309
932	-0.00013057
933	0.00263413
934	-0.00051821
935	-0.00613647
936	0.00111225
937	-0.00096409
938	-0.00642039
939	0.00428832
940	0.00258817
941	0.00287573
942	0.00288086
943	-0.00533407
944	-0.00060192
945	0.00080177
946	-0.00984066
947	0.00438580
948	0.00394443
949	0.00349571
950	0.00367795
951	-0.00125899
952	-0.00173715
953	0.00393662
954	-0.00724667
955	0.00367055
956	0.00992473
957	0.00334591
958	0.00583086
959	0.00093062
960	-0.00460875
961	0.00181479
962	-0.00086904
963	-0.00444837
964	0.00437906
965	0.00216561
966	0.00131053
967	0.00132597
968	-0.00618049
969	-0.00137311
970	0.00146393
971	-0.01175116
972	0.00368155
973	0.00270363
974	0.00047620
975	0.00342255
976	-0.00272669
977	-0.00426842
978	0.00194140
979	-0.00915689
980	0.00241408
981	0.00373706
982	0.00202623
983	0.00358965
984	0.00041705
985	-0.00742468
986	0.00206846
987	-0.00147068
988	-0.00564625
989	0.00564649
990	0.00333166
991	0.00380974
992	0.00346153
993	-0.00483249
994	-0.00002256
995	0.00193691
996	-0.01064418
997	0.00431704
998	0.00366162
999	0.00230931
1000	0.00248624
1001	-0.00235725
1002	-0.00269454
1003	0.00371878
1004	-0.00800973
1005	0.00416184
1006	0.00418943
1007	0.00271108
1008	0.00498592
1009	0.00041611
1010	-0.00493020
1011	0.00152791
1012	-0.00141219
1013	-0.00249450
1014	0.00480754
1015	0.00315637
1016	0.00402123
1017	0.00230394
1018	-0.00567080
1019	0.00035606
1020	0.00314714
1021	-0.01046537
1022	0.00487682
1023	0.00396844
1024	0.00348925
1025	0.00422489
1026	-0.00370508
1027	-0.00374899
1028	0.00179709
1029	-0.00858554
1030	0.00305785
1031	0.00445264
1032	-0.00004044
1033	0.00290238
1034	-0.00014455
1035	-0.00531228
1036	0.00141797
1037	-0.00236602
1038	-0.00536332
1039	0.00356469
1040	0.00239457
1041	0.00260502
1042	0.00202200
1043	-0.00773295
1044	-0.00175325
1045	0.00100549
1046	-0.01059781
1047	0.00410704
1048	0.00302688
1049	0.00331354
1050	0.00341452
1051	-0.00292307
1052	-0.00266567
1053	0.00388166
1054	-0.00831144
1055	0.00370856
1056	0.00486135
1057	0.00257854
1058	0.00455946
1059	-0.00012762
1060	-0.00542733
1061	0.00026677
1062	-0.00479260
1063	-0.00417381
1064	0.00468357
1065	0.00271704
1066	0.00344540
1067	0.00197871
1068	-0.00504967
1069	0.00023743
1070	0.00330765
1071	-0.00920405
1072	0.00601356
1073	0.00426589
1074	0.00320190
1075	0.00487500
1076	-0.00309033
1077	-0.00274726
1078	0.00240674
1079	-0.00857934
1080	0.00383623
1081	0.00372357
1082	0.00172148
1083	0.00303807
1084	-0.00081936
1085	-0.00593884
1086	0.00155810
1087	-0.00356541
1088	-0.00488180
1089	0.00351344
1090	0.00171663
1091	0.00836709
1092	0.00144867
1093	-0.00710017
1094	-0.00198595
1095	0.00057077
1096	-0.01113981
1097	0.00318910
1098	0.00228835
1099	0.00237773
1100	0.00262164
1101	-0.00167128
1102	-0.00233058
1103	0.00281689
1104	-0.00897487
1105	0.00405996
1106	0.00463152
1107	0.00358047
1108	0.00546849
1109	0.00137496
1110	-0.00422876
1111	0.00260173
1112	-0.00102900
1113	-0.00186909
1114	0.00534356
1115	0.00481198
1116	0.00485184
1117	0.00292762
1118	-0.00458482
1119	0.00193728
1120	0.00406596
1121	-0.00990844
1122	0.00474898
1123	0.00410786
1124	0.00315707
1125	0.00482565
1126	-0.00340615
1127	-0.00285837
1128	0.00198314
1129	-0.00975222
1130	0.00166034
1131	0.00328769
1132	0.00135364
1133	0.00231622
1134	-0.00139401
1135	-0.00668398
1136	0.00113881
1137	-0.00426513
1138	-0.00463814
1139	0.00317909
1140	0.00127945
1141	0.00249047
1142	0.00180593
1143	-0.00628958
1144	-0.00070104
1145	0.00148273
1146	-0.00927644
1147	0.00491658
1148	0.00287521
1149	-0.00112457
1150	0.00299367
1151	-0.00319050
1152	-0.00195766
1153	0.00363144
1154	-0.00883143
1155	0.00469868
1156	0.00473227
1157	0.00324862
1158	0.00382311
1159	-0.00148717
1160	-0.00545589
1161	0.00125590
1162	-0.00306574
1163	-0.00294741
1164	0.00439952
1165	0.00233390
1166	0.00371936
1167	0.00315308
1168	-0.00543887
1169	0.00079566
1170	0.00302584
1171	-0.00984835
1172	0.00506068
1173	0.00339652
1174	0.00258350
1175	0.00469736
1176	-0.00349352
1177	-0.00354121
1178	0.00122173
1179	-0.00925242
1180	0.00305516
1181	0.00354563
1182	0.00204282
1183	0.00348319
1184	-0.00021326
1185	-0.00538149
1186	0.00242370
1187	-0.00290343
1188	-0.00218766
1189	0.00419498
1190	0.00227584
1191	0.00355267
1192	0.00201962
1193	-0.00580866
1194	-0.00085299
1195	0.00135009
1196	-0.00912855
1197	0.00458673
1198	0.00369859
1199	0.00281876
1200	0.00198253
1201	-0.00377579
1202	-0.00262557
1203	0.00277463
1204	-0.01007038
1205	0.00284660
1206	0.00302066
1207	0.00249182
1208	0.00394748
1209	-0.00182650
1210	-0.00625042
1211	0.00087659
1212	-0.00341725
1213	-0.00255369
1214	0.00393258
1215	0.00213827
1216	0.00446520
1217	0.00144249
1218	-0.00632015
1219	0.00096023
1220	0.00305976
1221	-0.01006103
1222	0.00606448
1223	0.00468282
1224	0.00474704
1225	0.00554868
1226	-0.00977188
1227	-0.00161133
1228	0.00316072
1229	-0.00799453
1230	0.00453485
1231	0.00485585
1232	0.00329172
1233	0.00425015
1234	0.00012505
1235	-0.00494904
1236	0.00152293
1237	-0.00409764
1238	-0.00154278
1239	0.00431737
1240	0.00232880
1241	0.00354449
1242	0.00210704
1243	-0.00643416
1244	-0.00012688
1245	0.00076081
1246	-0.01037983
1247	0.00369432
1248	0.00226250
1249	0.00171738
1250	0.00170746
1251	-0.00429634
1252	-0.00264174
1253	0.00365474
1254	-0.00990125
1255	0.00109125
1256	0.00352078
1257	0.00203598
1258	0.00414255
1259	-0.00098215
1260	-0.00509344
1261	0.00149541
1262	-0.00258202
1263	-0.00185914
1264	0.00531976
1265	0.00460590
1266	0.00494503
1267	0.00277763
1268	-0.00428254
1269	0.00230230
1270	0.00357875
1271	-0.00752045
1272	0.00623537
1273	0.00315836
1274	0.00422239
1275	0.00584146
1276	-0.00288388
1277	-0.00226153
1278	0.00244821
1279	-0.00914927
1280	0.00368352
1281	0.00385159
1282	0.00156544
1283	0.00375482
1284	0.00348765
1285	-0.00537031
1286	0.00244446
1287	-0.00408960
1288	-0.00226343
1289	0.00426462
1290	0.00287849
1291	0.00374894
1292	0.00193491
1293	-0.00606307
1294	0.00089193
1295	0.00046806
1296	-0.01018640
1297	0.00402162
1298	0.00258203
1299	0.00204897
1300	0.00254508
1301	-0.00318560
1302	-0.00280512
1303	0.00313668
1304	-0.00935742
1305	0.00500243
1306	0.00495650
1307	0.00352174
1308	0.00554701
1309	-0.00039958
1310	-0.00404625
1311	0.00246023
1312	-0.00317434
1313	0.00453006
1314	0.00477062
1315	0.00161146
1316	0.00340221
1317	0.00131524
1318	-0.00668107
1319	0.00025140
1320	0.00115006
1321	-0.00964775
1322	0.00484103
1323	0.00229496
1324	0.00221713
1325	0.00378210
1326	-0.00429636
1327	-0.00265843
1328	0.00240106
1329	-0.00947391
1330	0.00379955
1331	0.00261475
1332	0.00174030
1333	0.00285678
1334	-0.00104378
1335	-0.00529992
1336	0.00312432
1337	-0.00398294
1338	0.00009247
1339	0.00536066
1340	0.00395900
1341	0.00439452
1342	0.00486002
1343	-0.00559548
1344	0.00093344
1345	0.00244050
1346	-0.00820842
1347	0.00537200
1348	0.00430106
1349	0.00351368
1350	0.00310114
1351	-0.00483101
1352	-0.00325587
1353	0.00318001
1354	-0.01064095
1355	0.00329661
1356	0.00310344
1357	0.00158156
1358	0.00361662
1359	-0.00162011
1360	-0.00665842
1361	0.00932212
1362	-0.00507066
1363	-0.00359739
1364	0.00312297
1365	0.00073295
1366	0.00295906
1367	0.00089178
1368	-0.00635695
1369	0.00094310
1370	0.00193026
1371	-0.00878170
1372	0.00511868
1373	0.00428722
1374	0.00363324
1375	0.00427313
1376	-0.00327415
1377	-0.00175613
1378	0.00297324
1379	-0.00953227
1380	0.00557731
1381	0.00506881
1382	0.00360142
1383	0.00461520
1384	0.00004689
1385	-0.00413205
1386	0.00334949
1387	-0.00365947
1388	0.00032308
1389	0.00556480
1390	0.00882307
1391	0.00392765
1392	0.00214267
1393	-0.00581094
1394	0.00011973
1395	0.00057855
1396	-0.00980096
1397	0.00390293
1398	0.00253864
1399	0.00242070
1400	-0.00039206
1401	-0.00555464
1402	-0.00249694
1403	0.00285451
1404	-0.01141233
1405	0.00383413
1406	0.00357669
1407	0.00209309
1408	0.00458113
1409	-0.00122033
1410	-0.00495393
1411	0.00159043
1412	-0.00499964
1413	-0.00084562
1414	0.00439486
1415	0.00260649
1416	0.00328023
1417	0.00182824
1418	-0.00608658
1419	0.00109379
1420	0.00232770
1421	-0.00820744
1422	0.00471226
1423	0.00384639
1424	0.00394266
1425	0.00430636
1426	-0.00387506
1427	-0.00133810
1428	0.00261806
1429	-0.01087395
1430	0.00348072
1431	0.00353747
1432	0.00200685
1433	0.00276504
1434	-0.00132959
1435	-0.00479225
1436	0.00244328
1437	-0.00300775
1438	-0.00048481
1439	0.00365938
1440	0.00246165
1441	0.00356782
1442	0.00174254
1443	-0.00551281
1444	0.00038355
1445	0.00110285
1446	-0.00801646
1447	0.00426291
1448	0.00000595
1449	0.00218657
1450	0.00327830
1451	-0.00332722
1452	-0.00085186
1453	0.00384978
1454	-0.00936640
1455	0.00411997
1456	0.00422589
1457	0.00276964
1458	0.00701581
1459	-0.00119298
1460	-0.00416775
1461	0.00177752
1462	-0.00511209
1463	-0.00128280
1464	0.00423227
1465	0.00087712
1466	0.00437927
1467	0.00079910
1468	-0.00626929
1469	0.00076871
1470	0.00143569
1471	-0.00865415
1472	0.00446092
1473	0.00291549
1474	0.00267643
1475	0.00291614
1476	-0.00433467
1477	0.00096833
1478	0.00213557
1479	-0.01026674
1480	0.00364190
1481	0.00349435
1482	0.00271697
1483	0.00287307
1484	-0.00131278
1485	-0.00489213
1486	0.00257201
1487	-0.00443622
1488	0.00016154
1489	0.00488885
1490	0.00320768
1491	0.00436406
1492	0.00223846
1493	-0.00563345
1494	0.00088240
1495	0.00319406
1496	-0.01003393
1497	0.00431428
1498	0.00317640
1499	0.00323746
1500	0.00295336
1501	-0.00405044
1502	-0.00127891
1503	0.00398004
1504	-0.01014199
1505	0.00421871
1506	0.00179127
1507	0.00265319
1508	0.00421610
1509	-0.00186894
1510	-0.00480764
1511	0.00143846
1512	-0.00604621
1513	-0.00103534
1514	0.00317901
1515	0.00088328
1516	0.00209312
1517	0.00013070
1518	-0.00663905
1519	0.00019766
1520	0.00027274
1521	-0.00797438
1522	0.00427767
1523	0.00271529
1524	0.00254792
1525	-0.00268618
1526	-0.00540266
1527	-0.00232169
1528	0.00285610
1529	-0.01007752
1530	0.00493939
1531	0.00432569
1532	0.00299121
1533	0.00366410
1534	-0.00117246
1535	-0.00482789
1536	0.00299095
1537	-0.00617068
1538	0.00085834
1539	0.00439610
1540	0.00272144
1541	0.00404864
1542	0.00184067
1543	-0.00630943
1544	-0.00058540
1545	-0.00056272
1546	-0.00750942
1547	0.00408159
1548	0.00229454
1549	0.00287077
1550	0.00205445
1551	-0.00481083
1552	-0.00198666
1553	0.00304301
1554	-0.01681972
1555	0.00381817
1556	0.00340401
1557	0.00179045
1558	0.00444998
1559	-0.00203052
1560	-0.00471083
1561	0.00158086
1562	-0.00590577
1563	-0.00026506
1564	0.00536146
1565	0.00190560
1566	0.00395333
1567	0.00155124
1568	-0.00580975
1569	0.00143926
1570	0.00035983
1571	-0.00842603
1572	0.00466571
1573	0.00313488
1574	0.00337859
1575	0.00329551
1576	-0.00536373
1577	-0.00239831
1578	0.00177434
1579	-0.01054783
1580	0.00387624
1581	0.00266544
1582	0.00254946
1583	0.00562531
1584	-0.00205937
1585	-0.00397206
1586	0.00268388
1587	-0.00599303
1588	0.00064798
1589	0.00426764
1590	0.00305229
1591	0.00405446
1592	0.00123537
1593	-0.00677846
1594	0.00084462
1595	0.00060027
1596	-0.00775670
1597	0.00469105
1598	0.00311014
1599	0.00303648
1600	0.00253603
1601	-0.00491449
1602	-0.00052385
1603	0.00359240
1604	-0.01036485
1605	0.00427504
1606	0.00386993
1607	0.00253187
1608	0.00438864
1609	-0.00244080
1610	-0.00465634
1611	0.00095502
1612	-0.00573538
1613	-0.00038315
1614	0.00368124
1615	0.00109899
1616	0.00331888
1617	0.00084143
1618	-0.00608969
1619	0.00076294
1620	0.00011285
1621	-0.00753014
1622	0.00391732
1623	0.00342002
1624	0.00255525
1625	0.00299011
1626	-0.00543565
1627	-0.00171049
1628	0.00216661
1629	-0.01087934
1630	0.00259568
1631	0.00329484
1632	0.00262130
1633	0.00324520
1634	-0.00156939
1635	-0.00389741
1636	0.00277077
1637	-0.00667896
1638	0.00083247
1639	0.00427336
1640	0.00200451
1641	0.00073871
1642	0.00093614
1643	-0.00635312
1644	0.00062130
1645	0.00028051
1646	-0.00727727
1647	0.00393563
1648	0.00268192
1649	0.00240436
1650	0.00205293
1651	-0.00309847
1652	-0.00088934
1653	0.00320965
1654	-0.01009158
1655	0.00455065
1656	0.00385841
1657	0.00204122
1658	0.00445788
1659	-0.00175375
1660	-0.00135812
1661	0.00171417
1662	-0.00632587
1663	0.00067515
1664	0.00431110
1665	0.00166899
1666	0.00280570
1667	0.00021160
1668	-0.00635403
1669	0.00136738
1670	0.00181468
1671	-0.00673702
1672	0.00419505
1673	0.00272028
1674	0.00238921
1675	0.00295415
1676	-0.00575024
1677	-0.00202964
1678	0.00168664
1679	-0.01045501
1680	0.00478762
1681	0.00347333
1682	0.00229485
1683	0.00233159
1684	-0.00228496
1685	-0.00419360
1686	0.00282241
1687	-0.00716046
1688	0.00039424
1689	0.00839510
1690	0.00303185
1691	0.00415979
1692	0.00070369
1693	-0.00535347
1694	0.00112516
1695	0.00040982
1696	-0.00695934
1697	0.00521313
1698	0.00319055
1699	0.00536609
1700	0.00231780
1701	-0.00495500
1702	-0.00121023
1703	0.00306019
1704	-0.01076414
1705	0.00421908
1706	0.00328465
1707	-0.00018176
1708	0.00364457
1709	-0.00348085
1710	-0.00477663
1711	0.00066821
1712	-0.00726012
1713	0.00016391
1714	0.00346718
1715	0.00091324
1716	0.00315819
1717	0.00022548
1718	-0.00739550
1719	0.00079806
1720	0.00009026
1721	-0.00628959
1722	0.00486695
1723	0.00266181
1724	0.00346681
1725	0.00305967
1726	-0.00590219
1727	-0.00222153
1728	0.00295755
1729	-0.01083109
1730	0.00384704
1731	0.00264037
1732	0.00221417
1733	0.00205026
1734	-0.00261799
1735	-0.00482762
1736	0.00148658
1737	-0.00781132
1738	0.00037643
1739	0.00397726
1740	0.00186711
1741	0.00369622
1742	0.00004789
1743	-0.00648827
1744	0.00014510
1745	-0.00085622
1746	-0.00598331
1747	0.00632181
1748	0.00323126
1749	0.00274253
1750	0.00218539
1751	-0.00377039
1752	-0.00026449
1753	0.00297553
1754	-0.01078751
1755	0.00487873
1756	0.00389770
1757	0.00393732
1758	0.00528043
1759	-0.00186598
1760	-0.00361256
1761	0.00250307
1762	-0.00706219
1763	0.00171133
1764	0.00373131
1765	-0.00070674
1766	0.00404154
1767	-0.00009709
1768	-0.00595431
1769	0.00088783
1770	-0.00121667
1771	-0.00652691
1772	0.00382965
1773	0.00177231
1774	0.00252139
1775	0.00245704
1776	-0.00171113
1777	-0.00186294
1778	0.00133170
1779	-0.01106787
1780	0.00345187
1781	0.00235740
1782	0.00272665
1783	0.00228013
1784	-0.00281225
1785	-0.00384279
1786	0.00234531
1787	-0.00751392
1788	0.00150214
1789	0.00415362
1790	0.00261757
1791	0.00404517
1792	0.00082071
1793	-0.00604360
1794	0.00155999
1795	-0.00072528
1796	-0.00549540
1797	0.00463513
1798	0.00291622
1799	0.00329570
1800	0.00262685
1801	-0.00504844
1802	-0.00021567
1803	0.00310006
1804	-0.00975922
1805	0.00524274
1806	0.00428517
1807	0.00288723
1808	0.00440785
1809	-0.00249852
1810	-0.00360951
1811	0.00173608
1812	-0.00781218
1813	0.00202478
1814	0.00394673
1815	0.00007680
1816	0.00329249
1817	0.00042341
1818	-0.00589445
1819	0.00135437
1820	-0.00149208
1821	-0.00576356
1822	0.00476075
1823	0.00357781
1824	-0.00035127
1825	0.00394395
1826	-0.00527083
1827	-0.00150821
1828	0.00162999
1829	-0.01079144
1830	0.00405855
1831	0.00301104
1832	0.00266438
1833	0.00170072
1834	-0.00393600
1835	-0.00401221
1836	0.00331014
1837	-0.00818647
1838	0.00205667
1839	0.00447513
1840	0.00216789
1841	0.00451532
1842	-0.00010539
1843	-0.00567360
1844	0.00195027
1845	-0.00098092
1846	-0.00534043
1847	0.00393267
1848	0.00117378
1849	0.00381889
1850	0.00224550
1851	-0.00616968
1852	0.00033037
1853	0.00217380
1854	-0.01040934
1855	0.00450818
1856	0.00405984
1857	0.00280962
1858	0.00451053
1859	-0.00305919
1860	-0.00379768
1861	0.00197686
1862	-0.00751281
1863	0.00220014
1864	0.00406063
1865	0.00303130
1866	0.00397935
1867	0.00076473
1868	-0.00572462
1869	0.00199773
1870	-0.00165488
1871	-0.00261346
1872	0.00505791
1873	0.00323488
1874	0.00359858
1875	0.00284914
1876	-0.00634085
1877	-0.00137080
1878	0.00166910
1879	-0.01112722
1880	0.00369653
1881	0.00303040
1882	0.00294725
1883	0.00204990
1884	-0.00318054
1885	-0.00394338
1886	0.00260810
1887	-0.00823242
1888	0.00197405
1889	0.00428569
1890	0.00145888
1891	0.00502089
1892	0.00045357
1893	-0.00538122
1894	0.00118785
1895	-0.00193268
1896	-0.00478596
1897	0.00421478
1898	0.00283271
1899	0.00307967
1900	0.00247900
1901	-0.00537469
1902	-0.00201002
1903	0.00328555
1904	-0.00979363
1905	0.00446218
1906	0.00411206
1907	0.00308876
1908	0.00482673
1909	-0.00283103
1910	-0.00368527
1911	0.00088981
1912	-0.00752303
1913	0.00221672
1914	0.00403457
1915	0.00249551
1916	0.00300918
1917	0.00037117
1918	-0.00468477
1919	0.00170630
1920	-0.00135176
1921	-0.00540290
1922	0.00441458
1923	0.00348086
1924	0.00335309
1925	0.00335835
1926	-0.00529933
1927	-0.00107208
1928	0.00181786
1929	-0.01077964
1930	0.00369132
1931	0.00266710
1932	0.00137389
1933	0.00238105
1934	-0.00327099
1935	-0.00362860
1936	0.00329551
1937	-0.00872722
1938	0.00222212
1939	0.00471544
1940	0.00338546
1941	0.00414626
1942	0.00070093
1943	-0.00461457
1944	0.00099594
1945	-0.00168300
1946	-0.00433886
1947	0.00467084
1948	0.00302700
1949	0.00246953
1950	0.00269542
1951	-0.00526088
1952	-0.00038937
1953	0.00262931
1954	-0.00915013
1955	0.00494010
1956	0.00402052
1957	0.00262210
1958	0.00524133
1959	-0.00054879
1960	-0.00185633
1961	0.00225306
1962	-0.00787711
1963	0.00258907
1964	0.00397094
1965	0.00191445
1966	0.00372947
1967	0.00048490
1968	-0.00445592
1969	0.00510079
1970	-0.00167994
1971	-0.00403099
1972	0.00446960
1973	0.00292956
1974	0.00369367
1975	0.00272918
1976	-0.00575985
1977	-0.00065594
1978	0.00216866
1979	-0.00951619
1980	0.00472903
1981	0.00309619
1982	0.00275283
1983	0.00280300
1984	-0.00336527
1985	-0.00319096
1986	0.00371114
1987	-0.00869773
1988	0.00607032
1989	0.00417646
1990	0.00160847
1991	0.00396776
1992	-0.00091994
1993	-0.00579621
1994	0.00060593
1995	-0.00213052
1996	-0.00374963
1997	0.00379232
1998	0.00058871
1999	0.00375346
2000	0.00183445
2001	-0.00599822
2002	-0.00042488
2003	0.00256415
2004	-0.00957102
2005	0.00517053
2006	0.00296190
2007	0.00343980
2008	0.00316023
2009	-0.00298945
2010	-0.00303809
2011	0.00319415
2012	-0.00768933
2013	0.00364949
2014	0.00479926
2015	0.00180775
2016	0.00382750
2017	0.00176206
2018	-0.00554765
2019	0.00171769
2020	-0.00254641
2021	-0.00371699
2022	0.00446332
2023	0.00239355
2024	0.00290177
2025	0.00227091
2026	-0.00545793
2027	-0.00330834
2028	0.00152760
2029	-0.01052586
2030	0.00390584
2031	0.00279401
2032	0.00178060
2033	0.00258216
2034	-0.00370778
2035	-0.00629451
2036	0.00282950
2037	-0.00913049
2038	0.00263817
2039	0.00379711
2040	0.00236306
2041	0.00379567
2042	-0.00026168
2043	-0.00526850
2044	0.00162571
2045	-0.00178886
2046	-0.00424658
2047	0.00423339
2048	0.00215164
2049	0.00376923
2050	0.00166992
2051	-0.00498076
2052	-0.00059748
2053	0.00237407
2054	-0.00997085
2055	0.00466250
2056	0.00355610
2057	0.00262096
2058	0.00368401
2059	-0.00417892
2060	-0.00299380
2061	0.00166880
2062	-0.00856801
2063	0.00306256
2064	0.00487336
2065	0.00198635
2066	0.00434372
2067	-0.00066722
2068	-0.00514217
2069	0.00221807
2070	-0.00310474
2071	-0.00300846
2072	0.00503894
2073	0.00338169
2074	0.00538971
2075	0.00352962
2076	-0.00515973
2077	-0.00036889
2078	0.00191134
2079	-0.00929780
2080	0.00500548
2081	0.00379658
2082	0.00336708
2083	0.00295779
2084	-0.00275688
2085	-0.00054193
2086	0.00336655
2087	-0.00918658
2088	0.00304885
2089	0.00398560
2090	0.00193317
2091	0.00413469
2092	-0.00083562
2093	-0.00602207
2094	0.00081228
2095	-0.00309968
2096	-0.00359403
2097	0.00426081
2098	0.00193858
2099	0.00288564
2100	0.00140032
2101	-0.00597771
2102	0.00007658
2103	0.00197919
2104	-0.01154487
2105	0.00518823
2106	0.00362706
2107	0.00308922
2108	0.00459997
2109	-0.00344366
2110	-0.00270188
2111	0.00255918
2112	-0.00840092
2113	0.00379856
2114	0.00394286
2115	0.00333679
2116	0.00335465
2117	0.00044229
2118	-0.00457380
2119	0.00252626
2120	-0.00267216
2121	-0.00166175
2122	0.00426423
2123	0.00024779
2124	0.00334653
2125	0.00250602
2126	-0.00639054
2127	-0.00027457
2128	0.00215009
2129	-0.00991262
2130	0.00458577
2131	0.00360370
2132	0.00305198
2133	0.00515326
2134	-0.00263648
2135	-0.00213772
2136	0.00365015
2137	-0.00941797
2138	0.00363046
2139	0.00469599
2140	0.00145512
2141	0.00469585
2142	-0.00110381
2143	-0.00560699
2144	0.00122558
2145	-0.00347603
2146	-0.00314508
2147	0.00439466
2148	0.00210366
2149	0.00334225
2150	0.00205940
2151	-0.00527865
2152	0.00572508
2153	0.00212501
2154	-0.01025400
2155	0.00427279
2156	0.00334377
2157	0.00275343
2158	0.00390397
2159	-0.00383352
2160	-0.00275383
2161	0.00207328
2162	-0.00835240
2163	0.00334317
2164	0.00372130
2165	0.00287129
2166	0.00360478
2167	-0.00035384
2168	-0.00455877
2169	0.00208420
2170	-0.00131325
2171	-0.00187656
2172	0.00473504
2173	0.00297419
2174	0.00292779
2175	0.00195695
2176	-0.00627393
2177	-0.00085061
2178	0.00076095
2179	-0.00961531
2180	0.00443173
2181	0.00406896
2182	0.00204393
2183	0.00226087
2184	-0.00318712
2185	-0.00170647
2186	0.00404320
2187	-0.00910046
2188	0.00390116
2189	0.00503096
2190	0.00219658
2191	0.00353430
2192	-0.00056317
2193	-0.00553820
2194	0.00171358
2195	-0.00291463
2196	-0.00122323
2197	0.00504352
2198	0.00243899
2199	0.00408032
2200	0.00229976
2201	-0.00568799
2202	0.00057468
2203	0.00193287
2204	-0.00900704
2205	0.00452744
2206	0.00352641
2207	0.00281557
2208	0.00375100
2209	-0.00434318
2210	-0.01374961
2211	0.00217993
2212	-0.00996110
2213	0.00278237
2214	0.00278537
2215	0.00177129
2216	0.00252650
2217	-0.00127904
2218	-0.00488803
2219	0.00158167
2220	-0.00620010
2221	-0.00263676
2222	0.00440331
2223	0.00294393
2224	0.00433448
2225	0.00239807
2226	-0.00540505
2227	-0.00012846
2228	0.00129834
2229	-0.00803179
2230	0.00481228
2231	0.00336243
2232	0.00303708
2233	0.00285647
2234	-0.00319656
2235	-0.00136121
2236	0.00385527
2237	-0.00882724
2238	0.00316065
2239	0.00315489
2240	0.00335531
2241	0.00482524
2242	-0.00020086
2243	-0.00444076
2244	0.00231782
2245	-0.00325481
2246	-0.00241700
2247	0.00330516
2248	0.00205827
2249	0.00477231
2250	0.00094417
2251	-0.00664410
2252	-0.00063126
2253	0.00143174
2254	-0.00909282
2255	0.00420569
2256	0.00292485
2257	0.00351184
2258	0.00512077
2259	-0.00413293
2260	-0.00312733
2261	0.00247155
2262	-0.00880063
2263	0.00332079
2264	0.00456655
2265	0.00279735
2266	0.00315532
2267	-0.00030934
2268	-0.00340305
2269	0.00251944
2270	-0.00396409
2271	-0.00092871
2272	0.00480907
2273	0.00301318
2274	0.00374044
2275	0.00191431
2276	-0.00612329
2277	-0.00029168
2278	0.00162268
2279	-0.00907836
2280	0.00417851
2281	0.00348662
2282	0.00289670
2283	0.00236001
2284	-0.00394028
2285	-0.00221500
2286	0.00312962
2287	-0.00760101
2288	0.00383468
2289	0.00390981
2290	0.00287403
2291	0.00488505
2292	-0.00100773
2293	-0.00429788
2294	0.00167821
2295	-0.00369581
2296	-0.00051157
2297	0.00467303
2298	0.00286149
2299	0.00346860
2300	0.00191487
2301	-0.00640235
2302	0.00063539
2303	0.00163251
2304	-0.00801471
2305	0.00021619
2306	0.00319036
2307	0.00149487
2308	0.00328201
2309	-0.00442541
2310	-0.00276397
2311	0.00193625
2312	-0.00942667
2313	0.00279060
2314	0.00346676
2315	0.00287140
2316	-0.00080261
2317	-0.00194127
2318	-0.00458229
2319	0.00244467
2320	-0.00459989
2321	-0.00104056
2322	0.00369412
2323	0.00270059
2324	0.00423566
2325	0.00208221
2326	-0.00461108
2327	-0.00065813
2328	0.00061124
2329	-0.00905560
2330	0.00405231
2331	0.00253635
2332	0.00227086
2333	0.00274591
2334	-0.00507559
2335	-0.00225114
2336	0.00405833
2337	-0.00935198
2338	0.00415189
2339	0.00493366
2340	0.00291966
2341	0.00535445
2342	-0.00018145
2343	-0.00395491
2344	0.00183690
2345	0.00137222
2346	0.00015373
2347	0.00509432
2348	0.00332023
2349	0.00346515
2350	0.00184155
2351	-0.00597928
2352	0.00083657
2353	0.00114825
2354	-0.00922950
2355	0.00502865
2356	0.00321287
2357	0.00258022
2358	0.00389814
2359	-0.00435954
2360	-0.00276007
2361	0.00167142
2362	-0.00998546
2363	0.00130281
2364	0.00299205
2365	0.00067872
2366	0.00236780
2367	-0.00227677
2368	-0.00517353
2369	0.00208616
2370	-0.00551895
2371	-0.00208752
2372	0.00404560
2373	0.00224333
2374	0.01014375
2375	0.00117140
2376	-0.00621649
2377	-0.00010267
2378	0.00071927
2379	-0.00890141
2380	0.00399300
2381	0.00358435
2382	0.00426552
2383	0.00258289
2384	-0.00573636
2385	-0.00160975
2386	0.00409728
2387	-0.00909342
2388	0.00445571
2389	0.00506535
2390	0.00236404
2391	0.00535730
2392	-0.00143961
2393	-0.00426505
2394	0.00164435
2395	-0.00505715
2396	-0.00103915
2397	0.00390144
2398	0.00204239
2399	0.00274369
2400	0.00108839
2401	-0.00642335
2402	-0.00036831
2403	0.00105288
2404	-0.00909995
2405	0.00476003
2406	0.00355578
2407	0.00349015
2408	0.00392561
2409	-0.00394419
2410	-0.00246984
2411	0.00261358
2412	-0.00954333
2413	0.00359704
2414	0.00386824
2415	0.00273439
2416	0.00340406
2417	-0.00094978
2418	-0.00420928
2419	0.00278891
2420	-0.00490246
2421	-0.00246245
2422	0.00373965
2423	0.00269476
2424	0.00399331
2425	0.00176646
2426	-0.00709283
2427	-0.00057635
2428	-0.00012142
2429	-0.00960310
2430	0.00383145
2431	0.00183602
2432	-0.00012558
2433	0.00221761
2434	-0.00494388
2435	-0.00212571
2436	0.00303043
2437	-0.01019287
2438	0.00298692
2439	0.00424143
2440	0.00324625
2441	0.00505560
2442	-0.00077959
2443	-0.00380375
2444	0.00289369
2445	-0.00486632
2446	-0.00006520
2447	0.00550441
2448	0.00273580
2449	0.00404964
2450	0.00219519
2451	-0.00293818
2452	0.00145728
2453	0.00136093
2454	-0.00783628
2455	0.00504064
2456	0.00330863
2457	0.00340298
2458	0.00374653
2459	-0.00456423
2460	-0.00164255
2461	-0.00016604
2462	-0.01077651
2463	0.00347272
2464	0.00320791
2465	0.00131425
2466	0.00271041
2467	-0.00193833
2468	-0.00587377
2469	0.00384979
2470	-0.00591400
2471	-0.00110865
2472	0.00344725
2473	0.00172941
2474	0.00335059
2475	0.00099170
2476	-0.00634880
2477	-0.00038095
2478	0.00035320
2479	-0.00834921
2480	0.00074920
2481	0.00279391
2482	0.00329843
2483	0.00278583
2484	-0.00399806
2485	-0.00065638
2486	0.00374930
2487	-0.00952990
2488	0.00434378
2489	0.00409676
2490	0.00175323
2491	0.00424615
2492	-0.00216726
2493	-0.00408898
2494	0.00160228
2495	-0.00601694
2496	-0.00044288
2497	0.00351029
2498	0.00294252
2499	0.00268394
2500	0.00101237
2501	-0.00569096
2502	0.00056862
2503	0.00064255
2504	-0.00741323
2505	0.00461475
2506	0.00305475
2507	0.00325147
2508	0.00279466
2509	-0.00832324
2510	-0.00229935
2511	0.00293051
2512	-0.00935418
2513	0.00411687
2514	0.00390720
2515	0.00268941
2516	0.00279318
2517	-0.00211141
2518	-0.00522328
2519	0.00216755
2520	-0.00600804
2521	-0.00080468
2522	0.00465078
2523	0.00117295
2524	0.00359458
2525	0.00118539
2526	-0.00657211
2527	-0.00021958
2528	-0.00109926
2529	-0.00875020
2530	0.00397502
2531	0.00274878
2532	0.00252555
2533	0.00276960
2534	-0.00503374
2535	-0.00164013
2536	0.00344174
2537	-0.00988839
2538	0.00063817
2539	0.00415948
2540	0.00313669
2541	0.00496447
2542	-0.00136687
2543	-0.00377861
2544	0.00177377
2545	-0.00607924
2546	-0.00040360
2547	0.00362538
2548	0.00327685
2549	0.00317373
2550	0.00090734
2551	-0.00594452
2552	0.00091058
2553	0.00062602
2554	-0.00660349
2555	0.00452383
2556	0.00348432
2557	0.00503790
2558	0.00389408
2559	-0.00389591
2560	-0.00137182
2561	0.00247099
2562	-0.00931820
2563	0.00468952
2564	0.00390377
2565	0.00179871
2566	0.00389877
2567	-0.00075325
2568	-0.00399468
2569	0.00336161
2570	-0.00565784
2571	0.00102944
2572	0.00477276
2573	0.00190674
2574	0.00420259
2575	0.00097404
2576	-0.00615742
2577	-0.00096068
2578	-0.00041201
2579	-0.00747013
2580	0.00406732
2581	0.00208811
2582	0.00234080
2583	0.00194623
2584	-0.00556262
2585	-0.00176474
2586	0.00440316
2587	-0.01079227
2588	0.00401238
2589	0.00418985
2590	0.00200468
2591	0.00412587
2592	-0.00318337
2593	-0.00463549
2594	0.00132218
2595	-0.00697345
2596	0.00099939
2597	0.00418909
2598	0.00301597
2599	0.00348998
2600	0.00141793
2601	-0.00534547
2602	0.00130939
2603	0.00016787
2604	-0.00728144
2605	0.00501953
2606	0.00362255
2607	0.00412908
2608	0.00403195
2609	-0.00406743
2610	-0.00131683
2611	0.00333018
2612	-0.01031172
2613	0.00425545
2614	0.00385881
2615	0.00185734
2616	0.00277598
2617	-0.00202310
2618	-0.00396806
2619	0.00219926
2620	-0.00691010
2621	-0.00117506
2622	0.00384410
2623	0.00156431
2624	0.00293698
2625	0.00005523
2626	-0.00639615
2627	0.00011045
2628	-0.00046552
2629	-0.00674262
2630	0.00391080
2631	0.00169453
2632	0.00292515
2633	0.00067257
2634	-0.00491160
2635	-0.00059104
2636	0.00352797
2637	-0.00994196
2638	0.00444182
2639	0.00429982
2640	0.00302106
2641	0.00499038
2642	-0.00210806
2643	-0.00362615
2644	0.00316588
2645	-0.00651699
2646	0.00132112
2647	0.00401241
2648	0.00328408
2649	0.00375994
2650	0.00032013
2651	-0.00598021
2652	0.00075908
2653	-0.00108949
2654	-0.00651351
2655	0.00470163
2656	0.00277975
2657	0.00316473
2658	0.00245217
2659	-0.00509000
2660	-0.00231447
2661	0.00292610
2662	-0.01087311
2663	0.00419857
2664	0.00472066
2665	0.00192856
2666	0.00333797
2667	-0.00135182
2668	-0.00404395
2669	0.00334183
2670	-0.00689335
2671	0.00051442
2672	0.00503653
2673	0.00110254
2674	0.00388496
2675	0.00085820
2676	-0.00548560
2677	0.00071742
2678	-0.00085910
2679	-0.00710176
2680	0.00510249
2681	0.00257356
2682	0.00416092
2683	0.00342954
2684	-0.00489197
2685	-0.00105585
2686	0.00281296
2687	-0.01007972
2688	0.00403023
2689	0.00389826
2690	0.00236789
2691	0.00238267
2692	-0.00305364
2693	-0.00524883
2694	0.00207360
2695	-0.00748020
2696	0.00091487
2697	0.00353994
2698	0.00277016
2699	0.00319759
2700	0.00010896
2701	-0.00617677
2702	-0.00103494
2703	-0.00022360
2704	-0.00590329
2705	0.00471134
2706	0.00321068
2707	0.00277489
2708	0.00354187
2709	-0.00502205
2710	-0.00118589
2711	0.00272046
2712	-0.00918564
2713	0.00447735
2714	0.00360280
2715	0.00265551
2716	0.00299142
2717	-0.00174700
2718	-0.00367712
2719	0.00382929
2720	-0.00749194
2721	0.00045613
2722	0.00436672
2723	0.00185942
2724	0.00439561
2725	0.00131670
2726	-0.00610654
2727	0.00010122
2728	-0.00091542
2729	-0.00589583
2730	0.00356323
2731	0.00290066
2732	0.00355771
2733	0.00166739
2734	-0.00501378
2735	-0.00045231
2736	0.00248774
2737	-0.01038713
2738	0.00448394
2739	0.00371114
2740	0.00283970
2741	0.00488973
2742	-0.00234598
2743	-0.00327995
2744	0.00199054
2745	-0.00746989
2746	0.00216744
2747	0.00449250
2748	0.00302454
2749	0.00326254
2750	0.00318595
2751	-0.00591889
2752	0.00166197
2753	-0.00003070
2754	-0.00457861
2755	0.00493372
2756	0.00393206
2757	0.00328667
2758	0.00347211
2759	-0.00417696
2760	0.00151016
2761	0.00287179
2762	-0.01029255
2763	0.00411918
2764	0.00322999
2765	0.00264791
2766	0.00219100
2767	-0.00210769
2768	-0.00193763
2769	0.00247627
2770	-0.00659520
2771	0.00128454
2772	0.00470958
2773	0.00286411
2774	0.00378887
2775	0.00049745
2776	-0.00549094
2777	0.00095365
2778	-0.00060962
2779	-0.00441175
2780	0.00415403
2781	0.00324137
2782	0.00348502
2783	0.00242859
2784	-0.00531730
2785	-0.00121783
2786	0.00320042
2787	-0.01011850
2788	0.00441034
2789	0.00381252
2790	0.00273695
2791	0.00450043
2792	-0.00273060
2793	-0.00382340
2794	0.00153810
2795	-0.00704911
2796	0.00045305
2797	0.00385431
2798	0.00245964
2799	0.00147531
2800	0.00033622
2801	-0.00542752
2802	0.00134137
2803	-0.00099368
2804	-0.00561155
2805	0.00490357
2806	0.00361264
2807	0.00220167
2808	-0.00045747
2809	-0.00480939
2810	-0.00061280
2811	0.00238343
2812	-0.01050672
2813	0.00413636
2814	0.00291772
2815	0.00244017
2816	0.00287702
2817	-0.00269968
2818	-0.00449021
2819	0.00313983
2820	-0.00692720
2821	0.00092340
2822	0.00431822
2823	0.00256079
2824	0.00441377
2825	0.00012442
2826	-0.00445864
2827	0.00074119
2828	-0.00184832
2829	-0.00482948
2830	0.00443069
2831	0.00224976
2832	0.00317623
2833	0.00177182
2834	-0.00578536
2835	-0.00017007
2836	0.00299211
2837	-0.00955551
2838	0.00475189
2839	0.00421401
2840	0.00244809
2841	0.00383851
2842	-0.00299150
2843	-0.00390021
2844	0.00160187
2845	-0.00784422
2846	0.00154078
2847	0.00456494
2848	0.00167308
2849	0.00312187
2850	-0.00014865
2851	-0.00584827
2852	0.00094290
2853	-0.00152459
2854	-0.00549843
2855	0.00546493
2856	0.00356451
2857	0.00430064
2858	0.00394381
2859	-0.00515978
2860	-0.00094392
2861	0.00218284
2862	-0.00989023
2863	0.00482770
2864	0.00413913
2865	0.00179592
2866	0.00287643
2867	-0.00219178
2868	-0.00308421
2869	0.00340042
2870	-0.00753846
2871	0.00161947
2872	0.00442408
2873	0.00248067
2874	0.00493154
2875	0.00037707
2876	-0.00506514
2877	0.00128428
2878	-0.00199430
2879	-0.00453979
2880	0.00447285
2881	0.00311528
2882	0.00332533
2883	0.00215487
2884	-0.00490663
2885	-0.01449517
2886	0.00287056
2887	-0.01111021
2888	0.00428591
2889	0.00394454
2890	0.00222030
2891	0.00392689
2892	-0.00353123
2893	-0.00385594
2894	0.00197224
2895	-0.01036816
2896	0.00182552
2897	0.00356168
2898	0.00107359
2899	0.00316654
2900	-0.00006215
2901	-0.00608548
2902	0.00147839
2903	-0.00176436
2904	-0.00426189
2905	0.00470029
2906	0.00289304
2907	0.00378228
2908	0.00341461
2909	-0.00478279
2910	-0.00061945
2911	0.00278871
2912	-0.00879179
2913	0.00393440
2914	0.00240247
2915	0.00273765
2916	0.00371570
2917	-0.00171757
2918	-0.00226197
2919	0.00350034
2920	-0.00803723
2921	0.00253329
2922	0.00478734
2923	0.00232726
2924	0.00633700
2925	-0.00011736
2926	-0.00644449
2927	0.00064879
2928	-0.00325332
2929	-0.00498439
2930	0.00341631
2931	0.00193024
2932	0.00215937
2933	0.00127705
2934	-0.00587687
2935	-0.00097194
2936	0.00197136
2937	-0.01049269
2938	0.00462418
2939	0.00348481
2940	0.00292322
2941	0.00412272
2942	-0.00266052
2943	0.00431649
2944	0.00269252
2945	-0.00797152
2946	0.00278776
2947	0.00342278
2948	0.00221722
2949	0.00296328
2950	-0.00031175
2951	-0.00563487
2952	0.00179494
2953	-0.00041366
2954	-0.00543658
2955	0.00414754
2956	0.00162904
2957	0.00285370
2958	0.00289118
2959	-0.00547133
2960	-0.00169162
2961	-0.00027491
2962	-0.01007236
2963	0.00425944
2964	0.00334512
2965	0.00269148
2966	0.00234346
2967	-0.00262682
2968	-0.00228937
2969	0.00366411
2970	-0.00758226
2971	0.00350432
2972	0.00875193
2973	0.00326164
2974	0.00500266
2975	0.00095678
2976	-0.00476749
2977	0.00157002
2978	-0.00168727
2979	-0.00325168
2980	0.00497052
2981	0.00301745
2982	0.00058747
2983	0.00142947
2984	-0.00471460
2985	-0.00065293
2986	0.00187556
2987	-0.01039999
2988	0.00404499
2989	0.00309260
2990	0.00113831
2991	0.00299271
2992	-0.00476024
2993	-0.00407409
2994	0.00150381
2995	-0.00892876
2996	0.00162016
2997	0.00321700
2998	0.00123176
2999	0.00238447
3000	-0.00065905