	C:\Users\jkuzm\OneDrive - University of Massachusetts\HRSL x UMILL-PUMA Fatigue - Fatigue\Data\F01\FR3_static1.c3d _ImpedanceExport
	FP1
	FREEMOMENT
	ORIGINAL
ITEM	Z
1	3.24146676
2	-7.39758205
3	0.66765994
4	-4.09512329
5	-7.63497066
6	4.44814062
7	2.21515322
8	3.04940677
9	2.66598296
10	-7.50450325
11	-3.99177074
12	0.54595363
13	-12.32383156
14	5.51914263
15	3.60007620
16	3.07843518
17	3.18877077
18	-4.35901594
19	-5.21815968
20	4.40981388
21	-11.45707512
22	4.41587162
23	5.31145191
24	3.56828046
25	5.54767895
26	0.27157637
27	-5.97100973
28	2.36400342
29	-2.20083904
30	1.45550382
31	6.57909632
32	3.59576011
33	4.86869717
34	2.25519013
35	-6.76833105
36	0.93716508
37	2.62548590
38	-11.96219254
39	6.07529163
40	3.32950377
41	2.89110875
42	6.09376574
43	-4.53951883
44	-4.02084160
45	2.89238071
46	-10.62290287
47	3.78571677
48	3.35970259
49	2.79878736
50	4.96362591
51	0.12880832
52	-7.05178261
53	2.48467684
54	-3.80346274
55	-5.72858429
56	4.42201567
57	2.91724324
58	3.32859325
59	1.23365688
60	-8.06567478
61	-1.95641160
62	0.05627709
63	-13.36621666
64	3.90102458
65	3.05267000
66	2.88229561
67	2.62280393
68	-4.13540554
69	-1.10540831
70	3.80930948
71	-11.19849300
72	3.34430146
73	4.87649441
74	2.57496428
75	5.45408726
76	-0.66923761
77	-5.64286423
78	2.05096102
79	-1.71617889
80	-2.61035681
81	5.88661194
82	4.33501148
83	5.13461876
84	3.82456207
85	-4.84816837
86	2.34062481
87	5.30528927
88	-8.84815598
89	6.79987478
90	5.52393675
91	4.29553938
92	5.97279310
93	-3.57232618
94	-3.19759464
95	2.39845538
96	-10.25170422
97	3.24095225
98	4.57610607
99	1.21551609
100	2.94884396
101	-1.83125007
102	-7.51909161
103	1.43298388
104	-5.05857229
105	-5.48314381
106	3.41655111
107	2.21926522
108	3.16972184
109	2.65048909
110	-8.03215885
111	-1.21403348
112	0.79102063
113	-12.63697147
114	5.14757299
115	3.79833269
116	3.83120298
117	0.01445176
118	-3.76992798
119	-3.34743428
120	3.26489687
121	-10.96331692
122	4.38094044
123	5.39258099
124	2.41565728
125	5.30346346
126	-1.10072899
127	-6.10493565
128	1.97431898
129	-4.05952978
130	-4.35546398
131	4.90704346
132	2.86677003
133	3.33197379
134	1.45770407
135	-7.43132305
136	-3.07879257
137	2.78942800
138	-11.38615894
139	6.62837267
140	5.06348085
141	3.75129342
142	6.09934092
143	-3.23508692
144	-1.80200279
145	4.59912920
146	-10.33379555
147	6.05023146
148	6.23921251
149	2.87173271
150	5.06229782
151	0.19165172
152	-5.29444790
153	2.62574720
154	-2.81982875
155	-3.82895803
156	5.75468826
157	2.45187378
158	3.69561100
159	2.02437973
160	-8.35879707
161	-1.36909783
162	1.00507402
163	-13.94270325
164	4.05677366
165	3.27705812
166	3.10983777
167	1.74494517
168	-4.99587250
169	-3.44796824
170	3.26828027
171	-11.20094109
172	4.22554684
173	4.38045454
174	3.38254094
175	8.38203049
176	-0.92161858
177	-6.26915264
178	1.69466019
179	-4.14941549
180	-3.18976045
181	5.29112291
182	3.17356157
183	7.83566666
184	1.98733842
185	-7.17070484
186	1.03329933
187	3.75888681
188	-11.50412655
189	6.02070761
190	4.94079208
191	4.22655582
192	6.25867081
193	-3.12312460
194	-0.78979027
195	3.09530973
196	-9.95767879
197	4.37380791
198	5.21023464
199	3.40900254
200	5.36900282
201	0.22952679
202	-5.07555676
203	3.66014409
204	-3.32380390
205	-4.12510109
206	5.52458906
207	3.67628193
208	5.02068424
209	2.86296964
210	-6.83950281
211	0.02530169
212	1.72458136
213	-12.16525841
214	4.68562317
215	3.83131528
216	3.10740471
217	2.78064775
218	-4.97564459
219	-3.18774009
220	3.60207391
221	-11.24889660
222	3.69297934
223	0.03077616
224	3.14935303
225	5.03514242
226	-1.91115034
227	-6.92583990
228	0.99500096
229	-4.24445677
230	-2.96184325
231	4.85512304
232	1.96038079
233	2.73690724
234	1.58510447
235	-7.04673672
236	1.17230022
237	2.76708579
238	-10.55001640
239	7.05473423
240	5.87101793
241	7.23517179
242	6.75558424
243	-3.95471525
244	-2.91871142
245	3.41701961
246	-10.65696621
247	5.43924046
248	5.40379047
249	3.43811274
250	4.90359831
251	0.09992015
252	-5.66442299
253	3.31688285
254	-3.96446252
255	-3.25499487
256	5.34803200
257	2.82212114
258	4.29242086
259	2.14805007
260	-7.21350908
261	-0.01935796
262	0.38416550
263	-12.36322880
264	5.03553247
265	3.21581674
266	3.03693414
267	2.15572000
268	-4.77061224
269	-2.91176701
270	5.86484718
271	-11.62778282
272	5.76353359
273	5.06384134
274	3.03623509
275	5.88286924
276	-0.60999298
277	-5.37201500
278	2.05312395
279	-4.75920153
280	-2.42613292
281	3.80007505
282	1.82659972
283	3.39252687
284	1.31062818
285	-7.84945726
286	0.22834668
287	2.26592612
288	-10.57198238
289	5.38273001
290	4.84045362
291	3.34494948
292	4.93577480
293	-4.55099344
294	-3.47139192
295	2.57108784
296	-12.18846893
297	5.12060213
298	4.93409634
299	2.73649645
300	-11.41425228
301	-0.80600667
302	-6.22720671
303	2.94984150
304	-4.34418774
305	-3.36008906
306	6.39441204
307	3.42671967
308	5.53514433
309	3.91424704
310	-8.21172905
311	-0.02252473
312	1.51506019
313	-10.36189175
314	6.38209963
315	4.68371868
316	3.53950572
317	3.59097791
318	-3.12416434
319	-2.85560703
320	3.69693565
321	-12.45129395
322	5.10292578
323	4.51067924
324	2.44036222
325	5.34581947
326	-2.12142301
327	-7.35297871
328	0.76504177
329	-9.08979607
330	-3.30675387
331	3.79744840
332	1.31162286
333	3.40024066
334	1.49760473
335	-7.66875219
336	0.41645965
337	1.58136642
338	-11.65153694
339	5.95957041
340	4.25402355
341	4.19769049
342	5.90700817
343	-3.81555438
344	-2.11198831
345	3.76288462
346	-10.81139278
347	5.27403450
348	5.44471693
349	4.14607573
350	4.95398188
351	-0.68054813
352	-5.55569124
353	3.84882474
354	-4.34605217
355	-2.84957647
356	6.00841427
357	3.12219977
358	10.01048756
359	3.04523492
360	-7.30706978
361	0.14858112
362	1.46821368
363	-10.42409325
364	4.83054399
365	3.63169765
366	3.30489087
367	3.40115666
368	-6.63600826
369	-2.22674203
370	3.51853824
371	-11.97679234
372	4.92849731
373	4.52275801
374	3.33649039
375	4.74968386
376	-0.42730865
377	-6.37299967
378	1.15419805
379	-6.56973982
380	-1.62379074
381	5.44236088
382	3.15159822
383	3.87713981
384	1.55660772
385	-6.91806221
386	0.84226739
387	3.04911566
388	-11.36932182
389	5.81678200
390	4.85270929
391	3.12679291
392	5.74355555
393	-4.55018330
394	-2.18164921
395	3.36572075
396	-11.09799480
397	4.00007391
398	5.01756382
399	3.01565433
400	4.52168512
401	-1.01729167
402	-5.39226627
403	3.58645868
404	-5.62558651
405	-4.52402973
406	4.16809034
407	1.36245954
408	3.87432408
409	1.43956208
410	-7.44088507
411	-0.67801374
412	0.91558474
413	-10.45276833
414	5.20514774
415	4.16962051
416	3.85729837
417	2.50189543
418	-5.64963961
419	-1.81475532
420	4.67700672
421	-12.55636883
422	4.76984787
423	5.17005825
424	3.07084322
425	4.69858789
426	-1.48960853
427	-6.02000952
428	2.41350031
429	-4.56338406
430	-0.15189287
431	5.43785715
432	2.66372943
433	5.43250751
434	2.53418708
435	0.75472504
436	3.03738475
437	1.19029009
438	-10.83505917
439	5.60455418
440	3.90793324
441	3.20485973
442	4.60632944
443	-6.02123022
444	-2.60091805
445	3.77646756
446	-12.79864216
447	4.99800110
448	3.62677217
449	2.40461707
450	3.49890709
451	-1.25605452
452	-5.39764786
453	3.07015872
454	-5.54048729
455	-0.41748527
456	5.45946026
457	3.20767403
458	5.28334904
459	2.35292649
460	-7.23911953
461	0.74145043
462	1.09112060
463	-10.01313210
464	11.93207455
465	4.05989981
466	4.40778589
467	3.55512547
468	-4.45793104
469	-0.77373707
470	4.67248487
471	-11.63155365
472	5.83518553
473	5.69912052
474	0.12603182
475	5.18617630
476	-2.42666912
477	-4.80456543
478	1.61195672
479	-6.55027294
480	-0.52914000
481	4.42477798
482	0.62355548
483	3.63526464
484	-0.12407365
485	-8.21626282
486	0.42833847
487	1.08561099
488	-10.85573387
489	5.48157215
490	4.26920509
491	3.70801902
492	4.60541344
493	-2.22659278
494	-2.25732207
495	3.13001323
496	-11.31965446
497	5.33450413
498	5.54365587
499	3.36307335
500	5.24170780
501	-1.21195650
502	-6.07939672
503	1.85740781
504	-5.62731695
505	-1.24142599
506	5.88792753
507	2.73250747
508	5.22146511
509	2.19649673
510	-8.24655914
511	-3.67985630
512	0.75996286
513	-11.01643181
514	4.70521450
515	2.75130439
516	3.14382863
517	1.91504383
518	-6.96653700
519	-3.04295707
520	2.29969049
521	-14.24850750
522	3.59809542
523	3.18576097
524	2.54421782
525	5.03706360
526	-2.30704236
527	-5.77143431
528	2.46516776
529	-5.65485430
530	0.99078149
531	6.43646622
532	5.58686781
533	5.70481539
534	2.05749989
535	-5.37957191
536	3.13456631
537	2.02945375
538	-9.22364616
539	6.51712704
540	4.65596628
541	4.34862423
542	5.75151587
543	-5.43622732
544	-2.18713450
545	1.34682095
546	-13.60316753
547	4.05632305
548	3.20721340
549	0.71852255
550	3.83113337
551	-3.19541621
552	-5.92230797
553	1.98763394
554	-8.05897903
555	-1.26383328
556	5.08389187
557	1.99632847
558	3.49487019
559	1.43831325
560	-7.69106245
561	1.57411098
562	0.51868606
563	-8.81647110
564	5.78109598
565	4.42638350
566	4.22788095
567	2.66149211
568	-5.40355825
569	-4.38979816
570	4.42649460
571	-12.08867836
572	5.75764894
573	5.27922297
574	3.56700850
575	5.58304548
576	-2.39025331
577	-5.21636868
578	1.50869679
579	-6.90963936
580	-2.20791101
581	4.37204695
582	2.42589092
583	4.13429928
584	0.84574151
585	-7.03277683
586	2.14819837
587	0.70961213
588	-10.78347683
589	5.54608631
590	4.99717140
591	4.58160925
592	4.84066772
593	-4.83959627
594	-1.58465672
595	3.24219322
596	-12.56774521
597	5.49212742
598	3.74107814
599	-0.39214066
600	3.22739577
601	-1.84209538
602	-5.01370764
603	3.58961773
604	-6.17245626
605	-0.20301904
606	5.39313984
607	2.74862576
608	4.65458822
609	3.76119351
610	-7.78008938
611	0.36095050
612	0.01658149
613	-9.18881989
614	4.91911602
615	2.88792014
616	2.66416812
617	2.20404816
618	-5.63416433
619	-1.80721378
620	4.20891190
621	-12.39800549
622	5.66856861
623	5.05666065
624	2.41047072
625	5.24676275
626	-2.78235793
627	-5.14543486
628	-1.53155875
629	-6.96657419
630	0.97132170
631	4.94359207
632	1.90739822
633	4.74120426
634	1.05138791
635	-7.19010925
636	1.17017448
637	1.00316882
638	-7.02919722
639	5.70765781
640	3.99924088
641	3.87077546
642	4.22140646
643	-5.63000393
644	-2.25384974
645	1.72192764
646	-9.46433067
647	5.31704521
648	3.65059686
649	2.84472823
650	3.62615800
651	-1.54461312
652	-4.84492540
653	3.67758203
654	-7.41859055
655	1.20466888
656	5.74386072
657	2.27769613
658	5.35979748
659	1.48197258
660	-7.48535347
661	0.70448166
662	-0.12100850
663	-8.58433437
664	4.65445423
665	3.13944221
666	2.87715840
667	1.32677424
668	-5.83580351
669	-0.95604146
670	3.55566955
671	-12.63508987
672	5.18080807
673	4.79367018
674	2.14747667
675	5.41630745
676	-3.05730700
677	-6.48320007
678	2.54084182
679	-7.73466063
680	1.50369966
681	4.80404997
682	2.27506542
683	4.06494522
684	1.22325301
685	-7.54917049
686	-7.48465109
687	0.99541813
688	-9.27592468
689	6.59162188
690	4.93813658
691	4.68464279
692	4.11251974
693	-5.76684427
694	-2.21528745
695	2.15262485
696	-14.35858250
697	5.17850018
698	4.13062334
699	3.43909669
700	3.29196095
701	-2.80517292
702	-4.85956335
703	3.02306581
704	-5.48543501
705	0.75732553
706	4.50672960
707	2.85447598
708	4.55455780
709	0.96237242
710	-7.76315212
711	0.36899567
712	-0.55474567
713	-7.46624708
714	4.64006615
715	4.37143135
716	4.41478586
717	2.20811939
718	-6.12059593
719	-0.60386634
720	4.07884884
721	-13.10197353
722	5.69781971
723	4.72076607
724	4.74446058
725	6.17304754
726	-3.15112972
727	-3.99505901
728	3.66049767
729	-7.58576107
730	1.96784461
731	4.69352007
732	1.94830549
733	5.65904379
734	1.18925357
735	-6.37485838
736	2.15717006
737	0.53934842
738	-8.88468838
739	5.83920574
740	3.16022348
741	3.55111432
742	3.39398694
743	-7.51415968
744	-2.40136075
745	1.92584264
746	-13.48631382
747	5.78355598
748	4.03487110
749	2.49143147
750	3.00056982
751	-3.04965353
752	-4.69254446
753	3.56746721
754	-7.72995281
755	2.51130128
756	5.62983990
757	3.27858710
758	5.46988583
759	1.20657837
760	-7.16551781
761	0.79374951
762	-0.10000717
763	-13.65219688
764	6.20238447
765	3.53458858
766	4.14265823
767	2.27245069
768	-5.92219543
769	-0.57594502
770	3.80121279
771	-13.22009277
772	5.50709963
773	2.85946727
774	3.09282064
775	5.53983593
776	-2.93831587
777	-4.86808348
778	1.41508794
779	-9.15813732
780	2.47011495
781	6.37412024
782	1.62849939
783	3.67316723
784	0.75743502
785	-6.58239651
786	2.19498014
787	-0.59846604
788	-7.99391556
789	4.80671501
790	3.92034388
791	3.40536523
792	0.87309074
793	-6.71452379
794	-1.27407956
795	2.76042962
796	-12.58286953
797	5.79447556
798	4.30062675
799	3.52760077
800	3.18144488
801	-2.47314882
802	-2.79231095
803	3.74800873
804	-8.40134239
805	2.44398022
806	5.78608274
807	2.57197285
808	5.38772058
809	0.80422807
810	-7.83599997
811	0.91546762
812	-0.07595072
813	-6.87335587
814	4.49074984
815	3.64012003
816	3.90713501
817	2.19288325
818	-6.70064640
819	-0.69760472
820	4.11659765
821	-11.30071926
822	5.78427172
823	5.18010950
824	3.35333133
825	5.35125446
826	-3.12793541
827	-4.78773069
828	2.88204479
829	-8.07170963
830	2.56676555
831	7.61771631
832	2.79288459
833	5.12839222
834	0.86940396
835	-6.91884375
836	2.25546265
837	0.36642465
838	-8.34502506
839	5.22637177
840	3.51081157
841	3.37825394
842	4.87313604
843	-6.15010118
844	-0.82580203
845	2.99693370
846	-12.25676727
847	5.60112190
848	4.65357971
849	3.08406830
850	5.76904917
851	-1.91013002
852	-3.64215326
853	3.52698517
854	-9.10382271
855	2.40996122
856	4.66758919
857	2.81565189
858	4.70689678
859	-0.20926633
860	-8.52292061
861	0.69649118
862	-1.85078108
863	-7.44380140
864	4.45874405
865	2.74392796
866	3.42708015
867	1.99465287
868	-8.21627235
869	-1.12448871
870	2.23100400
871	-13.35262489
872	5.99321651
873	5.05520439
874	3.34198189
875	5.64266396
876	-3.39086676
877	-3.55480862
878	3.33758283
879	-5.50428343
880	3.48310757
881	5.88077307
882	3.16321492
883	5.66506672
884	1.11073327
885	-6.63641310
886	2.29413247
887	-0.58352441
888	-7.49907017
889	5.93368053
890	4.33388758
891	3.94459844
892	3.99628282
893	-7.29476833
894	-1.98681819
895	2.17575932
896	-13.21194649
897	3.25298619
898	11.37258244
899	3.72789073
900	3.53709006
901	-3.26344967
902	-3.67389417
903	3.44771242
904	-9.22605991
905	3.31255651
906	5.47799492
907	3.54919958
908	8.46222878
909	1.54318118
910	-6.30789614
911	2.06982636
912	-0.97814810
913	-5.56150007
914	5.90843296
915	3.26018953
916	3.68040490
917	2.40044951
918	-6.81215000
919	-0.07318379
920	3.55817151
921	-13.44370079
922	5.26021004
923	4.07883263
924	2.64077377
925	5.10003424
926	-3.27714252
927	4.11927938
928	2.14629340
929	-9.36833954
930	2.68492961
931	4.24174404
932	-0.15855047
933	3.19869399
934	-0.62927908
935	-7.45166683
936	1.35063112
937	-1.17071974
938	-7.79644680
939	5.20741177
940	3.14288139
941	3.49207067
942	3.49830008
943	-6.47729397
944	-0.73093069
945	0.97361499
946	-11.94976044
947	5.32578516
948	4.78981924
949	4.24492693
950	4.46622801
951	-1.52882636
952	-2.10946822
953	4.78033686
954	-8.79980755
955	4.45724392
956	12.05185223
957	4.06302214
958	7.08056593
959	1.13007355
960	-5.59652376
961	2.20374393
962	-1.05529904
963	-5.40177107
964	5.31759977
965	2.62975097
966	1.59140491
967	1.61015844
968	-7.50512362
969	-1.66740549
970	1.77768564
971	-14.26972675
972	4.47059345
973	3.28308272
974	0.57826066
975	4.15609264
976	-3.31109166
977	-5.18325567
978	2.35749078
979	-11.11944580
980	2.93147993
981	4.53800774
982	2.46050143
983	4.35900307
984	0.50643015
985	-9.01597500
986	2.51178503
987	-1.78588140
988	-6.85638189
989	6.85667467
990	4.04572296
991	4.62626171
992	4.20342779
993	-5.86821842
994	-0.02739751
995	2.35204005
996	-12.92549706
997	5.24229479
998	4.44639635
999	2.80425167
1000	3.01910043
1001	-2.86247373
1002	-3.27205062
1003	4.51580763
1004	-9.72641373
1005	5.05383062
1006	5.08732986
1007	3.29213643
1008	6.05453157
1009	0.50528967
1010	-5.98686981
1011	1.85538554
1012	-1.71485746
1013	-3.02913070
1014	5.83791065
1015	3.83285904
1016	4.88308096
1017	2.79773760
1018	-6.88620043
1019	0.43237048
1020	3.82165074
1021	-12.70836544
1022	5.92205095
1023	4.81897974
1024	4.23708057
1025	5.13039446
1026	-4.49916983
1027	-4.55249691
1028	2.18225718
1029	-10.42563629
1030	3.71322632
1031	5.40695381
1032	-0.04911031
1033	3.52443719
1034	-0.17552592
1035	-6.45082951
1036	1.72187686
1037	-2.87311673
1038	-6.51281929
1039	4.32869530
1040	2.90778756
1041	3.16334724
1042	2.45536900
1043	-9.39031982
1044	-2.12901616
1045	1.22099268
1046	-12.86919308
1047	4.98728514
1048	3.67561221
1049	4.02371120
1050	4.14633417
1051	-3.54956174
1052	-3.23699427
1053	4.71359301
1054	-10.09279346
1055	4.50339746
1056	5.90326214
1057	3.13119173
1058	5.53666162
1059	-0.15497652
1060	-6.59053993
1061	0.32393974
1062	-5.81976891
1063	-5.06836843
1064	5.68738031
1065	3.29937339
1066	4.18383789
1067	2.40280294
1068	-6.13194466
1069	0.28831270
1070	4.01656103
1071	-11.17671394
1072	7.30241871
1073	5.18018007
1074	3.88814735
1075	5.91983414
1076	-3.75266719
1077	-3.33606863
1078	2.92255902
1079	-10.41810417
1080	4.65843630
1081	4.52162170
1082	2.09043956
1083	3.68920040
1084	-0.99497437
1085	-7.21168470
1086	1.89204586
1087	-4.32956314
1088	-5.92809439
1089	4.26646233
1090	2.08454108
1091	10.16036987
1092	1.75916171
1093	-8.62191486
1094	-2.41159034
1095	0.69310218
1096	-13.52735519
1097	3.87260628
1098	2.77880406
1099	2.88734317
1100	3.18351769
1101	-2.02948332
1102	-2.83008766
1103	3.42062330
1104	-10.89841366
1105	4.93011141
1106	5.62417650
1107	4.34785700
1108	6.64052153
1109	1.66964769
1110	-5.13509321
1111	3.15934110
1112	-1.24954152
1113	-2.26968169
1114	6.48882389
1115	5.84330988
1116	5.89171171
1117	3.55508590
1118	-5.56746531
1119	2.35248303
1120	4.93740034
1121	-12.03207302
1122	5.76680899
1123	4.98828077
1124	3.83370662
1125	5.85990477
1126	-4.13617325
1127	-3.47099137
1128	2.40818238
1129	-11.84236813
1130	2.01618981
1131	3.99233079
1132	1.64375710
1133	2.81264424
1134	-1.69278288
1135	-8.11652088
1136	1.38288701
1137	-5.17925739
1138	-5.63221025
1139	3.86045432
1140	1.55367196
1141	3.02423453
1142	2.19298410
1143	-7.63759661
1144	-0.85128969
1145	1.80052090
1146	-11.26461220
1147	5.97033072
1148	3.49143910
1149	-1.36558759
1150	3.63529491
1151	-3.87430596
1152	-2.37723780
1153	4.40975142
1154	-10.72423077
1155	5.70572805
1156	5.74652004
1157	3.94487929
1158	4.64249754
1159	-1.80591202
1160	-6.62521982
1161	1.52507663
1162	-3.72281003
1163	-3.57911611
1164	5.34244251
1165	2.83411813
1166	4.51650763
1167	3.82886171
1168	-6.60455179
1169	0.96618849
1170	3.67434835
1171	-11.95909977
1172	6.14530754
1173	4.12448263
1174	3.13720465
1175	5.70411921
1176	-4.24226809
1177	-4.30017805
1178	1.48357666
1179	-11.23544502
1180	3.70995522
1181	4.30555201
1182	2.48065233
1183	4.22972822
1184	-0.25896204
1185	-6.53488207
1186	2.94316030
1187	-3.52570677
1188	-2.65652657
1189	5.09407139
1190	2.76360512
1191	4.31409264
1192	2.45247602
1193	-7.05359745
1194	-1.03580940
1195	1.63945401
1196	-11.08502293
1197	5.56978273
1198	4.49129200
1199	3.42289495
1200	2.40743470
1201	-4.58504248
1202	-3.18830013
1203	3.36930418
1204	-12.22871971
1205	3.45669198
1206	3.66806769
1207	3.02587914
1208	4.79352999
1209	-2.21796131
1210	-7.59004498
1211	1.06446147
1212	-4.14964962
1213	-3.10100460
1214	4.77542830
1215	2.59655619
1216	5.42220974
1217	1.75164831
1218	-7.67471218
1219	1.16603196
1220	3.71554947
1221	-12.21735668
1222	7.36425352
1223	5.68646717
1224	5.76445246
1225	6.73790741
1226	-11.86624432
1227	-1.95668280
1228	3.83814192
1229	-9.70795441
1230	5.50678205
1231	5.89658117
1232	3.99722242
1233	5.16106701
1234	0.15185627
1235	-6.00974941
1236	1.84933639
1237	-4.97586393
1238	-1.87343371
1239	5.24268913
1240	2.82791615
1241	4.30416107
1242	2.55863333
1243	-7.81316614
1244	-0.15407845
1245	0.92386770
1246	-12.60449314
1247	4.48609972
1248	2.74740863
1249	2.08545828
1250	2.07340598
1251	-5.21715117
1252	-3.20793056
1253	4.43803692
1254	-12.02333832
1255	1.32512748
1256	4.27537251
1257	2.47234082
1258	5.03040791
1259	-1.19265497
1260	-6.18509722
1261	1.81590939
1262	-3.13540864
1263	-2.25759697
1264	6.45992327
1265	5.59305668
1266	6.00487423
1267	3.37294078
1268	-5.20040083
1269	2.79574060
1270	4.34576702
1271	-9.13227749
1272	7.57176399
1273	3.83527493
1274	5.12734890
1275	7.09342718
1276	-3.50196838
1277	-2.74623370
1278	2.97292376
1279	-11.11018658
1280	4.47298813
1281	4.67708540
1282	1.90094876
1283	4.55957317
1284	4.23514223
1285	-6.52129745
1286	2.96837211
1287	-4.96610641
1288	-2.74853849
1289	5.17863274
1290	3.49541783
1291	4.55243826
1292	2.34960508
1293	-7.36253595
1294	1.08309698
1295	0.56837857
1296	-12.36959934
1297	4.88355207
1298	3.13541889
1299	2.48812056
1300	3.09055233
1301	-3.86835623
1302	-3.40632248
1303	3.80895185
1304	-11.36295128
1305	6.07457590
1306	6.01879644
1307	4.27653456
1308	6.73587418
1309	-0.48522148
1310	-4.91345787
1311	2.98752189
1312	-3.85468149
1313	5.50096893
1314	5.79308367
1315	1.95683074
1316	4.13139486
1317	1.59712863
1318	-8.11298943
1319	0.30527619
1320	1.39654672
1321	-11.71550941
1322	5.87858057
1323	2.78682661
1324	2.69232059
1325	4.59270191
1326	-5.21717691
1327	-3.22819304
1328	2.91566896
1329	-11.50440693
1330	4.61389399
1331	3.17515898
1332	2.11328793
1333	3.46906281
1334	-1.26748633
1335	-6.43582010
1336	3.79394293
1337	-4.83658695
1338	0.11229207
1339	6.50958586
1340	4.80751276
1341	5.33637428
1342	5.90164852
1343	-6.79473257
1344	1.13350272
1345	2.96355844
1346	-9.96768856
1347	6.52335596
1348	5.22288227
1349	4.26674700
1350	3.76578808
1351	-5.86641264
1352	-3.95368814
1353	3.86156201
1354	-12.92157364
1355	4.00315380
1356	3.76858401
1357	1.92052436
1358	4.39175653
1359	-1.96734083
1360	-8.08548546
1361	11.32008743
1362	-6.15742588
1363	-4.36840534
1364	3.79229546
1365	0.89003646
1366	3.59326696
1367	1.08290744
1368	-7.71939850
1369	1.14523101
1370	2.34395981
1371	-10.66384411
1372	6.21574688
1373	5.20607901
1374	4.41193914
1375	5.18897247
1376	-3.97588730
1377	-2.13251686
1378	3.61048150
1379	-11.57527733
1380	6.77267075
1381	6.15517759
1382	4.37329817
1383	5.60435534
1384	0.05693773
1385	-5.01764679
1386	4.06736517
1387	-4.44378090
1388	0.39232510
1389	6.75747490
1390	10.71407413
1391	4.76944494
1392	2.60190344
1393	-7.05636549
1394	0.14539166
1395	0.70254570
1396	-11.90154934
1397	4.73943090
1398	3.08273029
1399	2.93951416
1400	-0.47609031
1401	-6.74514437
1402	-3.03210044
1403	3.46630716
1404	-13.85828495
1405	4.65588474
1406	4.34326553
1407	2.54168677
1408	5.56298590
1409	-1.48188245
1410	-6.01568413
1411	1.93129635
1412	-6.07118845
1413	-1.02685654
1414	5.33678532
1415	3.16512132
1416	3.98326564
1417	2.22008014
1418	-7.39108610
1419	1.32821786
1420	2.82657862
1421	-9.96649933
1422	5.72221804
1423	4.67076492
1424	4.78767395
1425	5.22931671
1426	-4.70557833
1427	-1.62489033
1428	3.17917013
1429	-13.20451355
1430	4.22672701
1431	4.29563332
1432	2.43696666
1433	3.35765266
1434	-1.61454928
1435	-5.81935167
1436	2.96693563
1437	-3.65238094
1438	-0.58871317
1439	4.44368124
1440	2.98924780
1441	4.33249044
1442	2.11600876
1443	-6.69434118
1444	0.46575892
1445	1.33922076
1446	-9.73459244
1447	5.17655563
1448	0.00722683
1449	2.65520811
1450	3.98092413
1451	-4.04032707
1452	-1.03443110
1453	4.67488337
1454	-11.37385559
1455	5.00297785
1456	5.13160801
1457	3.36324215
1458	8.51947403
1459	-1.44866693
1460	-5.06100845
1461	2.15849018
1462	-6.20773649
1463	-1.55773187
1464	5.13935184
1465	1.06511092
1466	5.31786251
1467	0.97037089
1468	-7.61295605
1469	0.93346959
1470	1.74339616
1471	-10.50895500
1472	5.41700983
1473	3.54034972
1474	3.25006175
1475	3.54113889
1476	-5.26369333
1477	1.17587054
1478	2.59327269
1479	-12.46716309
1480	4.42244959
1481	4.24327803
1482	3.29928184
1483	3.48884106
1484	-1.59414303
1485	-5.94063854
1486	3.12325954
1487	-5.38700962
1488	0.19616753
1489	5.93665648
1490	3.89517164
1491	5.29939365
1492	2.71821809
1493	-6.84084415
1494	1.07151556
1495	3.87862873
1496	-12.18445683
1497	5.23893976
1498	3.85718632
1499	3.93132877
1500	3.58634281
1501	-4.91854954
1502	-1.55300891
1503	4.83306551
1504	-12.31567860
1505	5.12288713
1506	2.17518997
1507	3.22183919
1508	5.11971331
1509	-2.26949930
1510	-5.83804083
1511	1.74675250
1512	-7.34206629
1513	-1.25724411
1514	3.86035132
1515	1.07259405
1516	2.54172659
1517	0.15871742
1518	-8.06195927
1519	0.24002938
1520	0.33119377
1521	-9.68348789
1522	5.19448090
1523	3.29724264
1524	3.09399772
1525	-3.26190186
1526	-6.56058884
1527	-2.81929064
1528	3.46823621
1529	-12.23738480
1530	5.99802399
1531	5.25279999
1532	3.63229871
1533	4.44941187
1534	-1.42374396
1535	-5.86262846
1536	3.63198733
1537	-7.49321461
1538	1.04230893
1539	5.33829498
1540	3.30471492
1541	4.91636610
1542	2.23517346
1543	-7.66169930
1544	-0.71086490
1545	-0.68332297
1546	-9.11888218
1547	4.95637226
1548	2.78631735
1549	3.48604560
1550	2.49477410
1551	-5.84191227
1552	-2.41244721
1553	3.69520235
1554	-20.42461395
1555	4.63649607
1556	4.13357973
1557	2.17418432
1558	5.40371895
1559	-2.46571326
1560	-5.72047424
1561	1.91967440
1562	-7.17152882
1563	-0.32186440
1564	6.51055765
1565	2.31401753
1566	4.80062485
1567	1.88370669
1568	-7.05492640
1569	1.74772692
1570	0.43694484
1571	-10.23193836
1572	5.66568327
1573	3.80676341
1574	4.10270452
1575	4.00182104
1576	-6.51331615
1577	-2.91232443
1578	2.15462780
1579	-12.80849171
1580	4.70701694
1581	3.23671603
1582	3.09587455
1583	6.83096027
1584	-2.50074601
1585	-4.82336998
1586	3.25910020
1587	-7.27748728
1588	0.78685868
1589	5.18229914
1590	3.70647144
1591	4.92343521
1592	1.50013781
1593	-8.23124886
1594	1.02564657
1595	0.72892320
1596	-9.41915226
1597	5.69645834
1598	3.77672720
1599	3.68727469
1600	3.07957077
1601	-5.96778965
1602	-0.63612634
1603	4.36233616
1604	-12.58630180
1605	5.19128847
1606	4.69935322
1607	3.07451391
1608	5.32923460
1609	-2.96392941
1610	-5.65430975
1611	1.15970838
1612	-6.96461582
1613	-0.46526736
1614	4.47022009
1615	1.33452618
1616	4.03020477
1617	1.02176738
1618	-7.39485979
1619	0.92645311
1620	0.13703974
1621	-9.14403915
1622	4.75689936
1623	4.15301228
1624	3.10290432
1625	3.63096166
1626	-6.60064411
1627	-2.07708955
1628	2.63096452
1629	-13.21105194
1630	3.15199709
1631	4.00101042
1632	3.18311214
1633	3.94072843
1634	-1.90575063
1635	-4.73271894
1636	3.36462140
1637	-8.11042595
1638	1.01089513
1639	5.18924332
1640	2.43412328
1641	0.89703703
1642	1.13678026
1643	-7.71475363
1644	0.75446218
1645	0.34063569
1646	-8.83697224
1647	4.77913809
1648	3.25672460
1649	2.91967154
1650	2.49292469
1651	-3.76254535
1652	-1.07994998
1653	3.89756227
1654	-12.25446129
1655	5.52597237
1656	4.68536711
1657	2.47870207
1658	5.41331100
1659	-2.12961674
1660	-1.64919591
1661	2.08155537
1662	-7.68166256
1663	0.81984955
1664	5.23507786
1665	2.02669120
1666	3.40703511
1667	0.25695258
1668	-7.71586370
1669	1.66044712
1670	2.20360661
1671	-8.18093014
1672	5.09415531
1673	3.30330515
1674	2.90128255
1675	3.58730006
1676	-6.98265553
1677	-2.46464252
1678	2.04812860
1679	-12.69577885
1680	5.81372929
1681	4.21775579
1682	2.78669405
1683	2.83130717
1684	-2.77468944
1685	-5.09239101
1686	3.42732334
1687	-8.69512081
1688	0.47873145
1689	10.19437790
1690	3.68165016
1691	5.05133295
1692	0.85450715
1693	-6.50085115
1694	1.36630619
1695	0.49766049
1696	-8.45090199
1697	6.33043528
1698	3.87436676
1699	6.51617956
1700	2.81456161
1701	-6.01697969
1702	-1.46961033
1703	3.71606350
1704	-13.07117176
1705	5.12333632
1706	3.98863459
1707	-0.22071321
1708	4.42568779
1709	-4.22688866
1710	-5.80037642
1711	0.81142199
1712	-8.81615067
1713	0.19903842
1714	4.21028090
1715	1.10897219
1716	3.83507204
1717	0.27380928
1718	-8.98054028
1719	0.96910763
1720	0.10960630
1721	-7.63760138
1722	5.91005611
1723	3.23230219
1724	4.20982933
1725	3.71543503
1726	-7.16717672
1727	-2.69765401
1728	3.59143066
1729	-13.15246105
1730	4.67155409
1731	3.20626736
1732	2.68872094
1733	2.48968434
1734	-3.17909360
1735	-5.86229467
1736	1.80519104
1737	-9.48548508
1738	0.45710835
1739	4.82968330
1740	2.26727819
1741	4.48840809
1742	0.05815770
1743	-7.87887430
1744	0.17620413
1745	-1.03972399
1746	-7.26569033
1747	7.67673874
1748	3.92379999
1749	3.33032179
1750	2.65377712
1751	-4.57847691
1752	-0.32117242
1753	3.61326575
1754	-13.09955025
1755	5.92436647
1756	4.73307514
1757	4.78118801
1758	6.41215754
1759	-2.26590109
1760	-4.38681841
1761	3.03954673
1762	-8.57579136
1763	2.07810712
1764	4.53101921
1765	-0.85820848
1766	4.90774155
1767	-0.11790272
1768	-7.23046255
1769	1.07811093
1770	-1.47743332
1771	-7.92579079
1772	4.65043974
1773	2.15215611
1774	3.06178212
1775	2.98364282
1776	-2.07787275
1777	-2.26221132
1778	1.61711442
1779	-13.43999577
1780	4.19168997
1781	2.86265540
1782	3.31104279
1783	2.76882243
1784	-3.41498327
1785	-4.66640234
1786	2.84797263
1787	-9.12434292
1788	1.82408178
1789	5.04384232
1790	3.17858028
1791	4.91215563
1792	0.99661291
1793	-7.33889532
1794	1.89433885
1795	-0.88072449
1796	-6.67320013
1797	5.62855339
1798	3.54124355
1799	4.00204945
1800	3.18984652
1801	-6.13045120
1802	-0.26189721
1803	3.76448178
1804	-11.85086536
1805	6.36639404
1806	5.20359564
1807	3.50603127
1808	5.35256577
1809	-3.03402066
1810	-4.38311529
1811	2.10816622
1812	-9.48652458
1813	2.45874667
1814	4.79260826
1815	0.09326335
1816	3.99815536
1817	0.51415259
1818	-7.15777445
1819	1.64464867
1820	-1.81187499
1821	-6.99884081
1822	5.78109980
1823	4.34462833
1824	-0.42655882
1825	4.78923845
1826	-6.40049601
1827	-1.83145618
1828	1.97933638
1829	-13.10431576
1830	4.92839956
1831	3.65637970
1832	3.23542738
1833	2.06522369
1834	-4.77958536
1835	-4.87213373
1836	4.01958942
1837	-9.94103622
1838	2.49746537
1839	5.43425798
1840	2.63251901
1841	5.48307228
1842	-0.12797435
1843	-6.88959551
1844	2.36826444
1845	-1.19115639
1846	-6.48502254
1847	4.77553463
1848	1.42534566
1849	4.63737440
1850	2.72676587
1851	-7.49200249
1852	0.40117577
1853	2.63970494
1854	-12.64031982
1855	5.47439528
1856	4.92996120
1857	3.41179633
1858	5.47725296
1859	-3.71484613
1860	-4.61161375
1861	2.40055180
1862	-9.12299347
1863	2.67168307
1864	4.93091917
1865	3.68098640
1866	4.83222389
1867	0.92863047
1868	-6.95155001
1869	2.42589617
1870	-2.00956297
1871	-3.17358637
1872	6.14194441
1873	3.92819071
1874	4.36984825
1875	3.45978618
1876	-7.69985342
1877	-1.66459548
1878	2.02682471
1879	-13.51206493
1880	4.48879290
1881	3.67989039
1882	3.57892275
1883	2.48924088
1884	-3.86221290
1885	-4.78854418
1886	3.16708684
1887	-9.99683380
1888	2.39713430
1889	5.20422363
1890	1.77155638
1891	6.09699392
1892	0.55077696
1893	-6.53455544
1894	1.44243979
1895	-2.34690285
1896	-5.81171227
1897	5.11811876
1898	3.43982673
1899	3.73972583
1900	3.01031208
1901	-6.52662277
1902	-2.44082093
1903	3.98972535
1904	-11.89264584
1905	5.41853189
1906	4.99337721
1907	3.75076485
1908	5.86121655
1909	-3.43779087
1910	-4.47511911
1911	1.08051491
1912	-9.13540363
1913	2.69182372
1914	4.89927483
1915	3.03036308
1916	3.65412784
1917	0.45072672
1918	-5.68883181
1919	2.07199907
1920	-1.64148009
1921	-6.56087112
1922	5.36073065
1923	4.22689772
1924	4.07174444
1925	4.07812834
1926	-6.43511534
1927	-1.30185771
1928	2.20747113
1929	-13.08998966
1930	4.48246765
1931	3.23872948
1932	1.66835439
1933	2.89137268
1934	-3.97205043
1935	-4.40630436
1936	4.00181532
1937	-10.59768581
1938	2.69837165
1939	5.72607565
1940	4.11105490
1941	5.03490782
1942	0.85115808
1943	-5.60359001
1944	1.20938957
1945	-2.04371142
1946	-5.26879263
1947	5.67192364
1948	3.67576337
1949	2.99881792
1950	3.27311158
1951	-6.38842344
1952	-0.47281671
1953	3.19283319
1954	-11.11122894
1955	5.99888945
1956	4.88221788
1957	3.18408656
1958	6.36467505
1959	-0.66640824
1960	-2.25418615
1961	2.73594499
1962	-9.56536961
1963	3.14396906
1964	4.82201576
1965	2.32476759
1966	4.52879095
1967	0.58882648
1968	-5.41093493
1969	6.19401836
1970	-2.03999662
1971	-4.89493608
1972	5.42754936
1973	3.55744267
1974	4.48531675
1975	3.31411791
1976	-6.99432564
1977	-0.79651904
1978	2.63345242
1979	-11.55574322
1980	5.74258137
1981	3.75978398
1982	3.34283042
1983	3.40375686
1984	-4.08653355
1985	-3.87485886
1986	4.50652599
1987	-10.56187248
1988	7.37133694
1989	5.07157898
1990	1.95321023
1991	4.81814909
1992	-1.11711013
1993	-7.03848457
1994	0.73580158
1995	-2.58714581
1996	-4.55326509
1997	4.60511017
1998	0.71488792
1999	4.55792093
2000	2.22762394
2001	-7.28379488
2002	-0.51594460
2003	3.11371279
2004	-11.62232876
2005	6.27870560
2006	3.59670734
2007	4.17703247
2008	3.83754110
2009	-3.63016987
2010	-3.68923211
2011	3.87873697
2012	-9.33734989
2013	4.43167257
2014	5.82786417
2015	2.19520092
2016	4.64783478
2017	2.13971066
2018	-6.73664665
2019	2.08583283
2020	-3.09217548
2021	-4.51362944
2022	5.41992569
2023	2.90654445
2024	3.52368855
2025	2.75761819
2026	-6.62770557
2027	-4.01739931
2028	1.85499811
2029	-12.78181076
2030	4.74296331
2031	3.39284062
2032	2.16223073
2033	3.13558292
2034	-4.50244951
2035	-7.64358807
2036	3.43592787
2037	-11.08738708
2038	3.20359325
2039	4.61092901
2040	2.86951947
2041	4.60917187
2042	-0.31775871
2043	-6.39766741
2044	1.97414112
2045	-2.17226315
2046	-5.15672970
2047	5.14070702
2048	2.61278844
2049	4.57706928
2050	2.02782249
2051	-6.04826736
2052	-0.72553837
2053	2.88289189
2054	-12.10785961
2055	5.66179609
2056	4.31825733
2057	3.18270159
2058	4.47358799
2059	-5.07457018
2060	-3.63544488
2061	2.02646041
2062	-10.40435314
2063	3.71893954
2064	5.91784573
2065	2.41207647
2066	5.27469158
2067	-0.81021714
2068	-6.24426985
2069	2.69345665
2070	-3.77016664
2071	-3.65325236
2072	6.11890602
2073	4.10646534
2074	6.54485464
2075	4.28610706
2076	-6.26558542
2077	-0.44795731
2078	2.32099414
2079	-11.29054832
2080	6.07827854
2081	4.61027908
2082	4.08872986
2083	3.59172130
2084	-3.34774542
2085	-0.65807641
2086	4.08808565
2087	-11.15550041
2088	3.70229673
2089	4.83981514
2090	2.34749413
2091	5.02086067
2092	-1.01471186
2093	-7.31274605
2094	0.98637611
2095	-3.76402211
2096	-4.36432600
2097	5.17400694
2098	2.35407043
2099	3.50410318
2100	1.70044231
2101	-7.25888777
2102	0.09299859
2103	2.40338182
2104	-14.01923084
2105	6.30020332
2106	4.40443373
2107	3.75131464
2108	5.58585358
2109	-4.18172646
2110	-3.28096294
2111	3.10768056
2112	-10.20144367
2113	4.61268377
2114	4.78791523
2115	4.05195189
2116	4.07363939
2117	0.53708029
2118	-5.55407572
2119	3.06770396
2120	-3.24487185
2121	-2.01790667
2122	5.17815781
2123	0.30089438
2124	4.06377745
2125	3.04312730
2126	-7.76019239
2127	-0.33341873
2128	2.61090279
2129	-12.03713989
2130	5.56862020
2131	4.37606049
2132	3.70609546
2133	6.25773668
2134	-3.20154667
2135	-2.59589219
2136	4.43246984
2137	-11.43647671
2138	4.40855360
2139	5.70246220
2140	1.76698768
2141	5.70229053
2142	-1.34038234
2143	-6.80871296
2144	1.48824906
2145	-4.22103310
2146	-3.81914735
2147	5.33654785
2148	2.55453134
2149	4.05858374
2150	2.50078464
2151	-6.40999413
2152	6.95210838
2153	2.58045650
2154	-12.45168686
2155	5.18855524
2156	4.06041956
2157	3.34356070
2158	4.74069452
2159	-4.65514183
2160	-3.34404778
2161	2.51763344
2162	-10.14253330
2163	4.05969810
2164	4.51887226
2165	3.48668289
2166	4.37737656
2167	-0.42968085
2168	-5.53582716
2169	2.53089213
2170	-1.59470940
2171	-2.27875590
2172	5.74987745
2173	3.61163211
2174	3.55528688
2175	2.37637019
2176	-7.61858749
2177	-1.03291452
2178	0.92404407
2179	-11.67611885
2180	5.38155842
2181	4.94103718
2182	2.48199773
2183	2.74542689
2184	-3.87020087
2185	-2.07221317
2186	4.90976048
2187	-11.05091381
2188	4.73727417
2189	6.10921526
2190	2.66736770
2191	4.29179049
2192	-0.68387640
2193	-6.72517586
2194	2.08083940
2195	-3.53930449
2196	-1.48539424
2197	6.12446690
2198	2.96172833
2199	4.95483494
2200	2.79265261
2201	-6.90706778
2202	0.69785327
2203	2.34713268
2204	-10.93747425
2205	5.49777937
2206	4.28220463
2207	3.41901493
2208	4.55493307
2209	-5.27402830
2210	-16.69649696
2211	2.64714551
2212	-12.09601212
2213	3.37870741
2214	3.38235068
2215	2.15091991
2216	3.06799197
2217	-1.55317235
2218	-5.93565607
2219	1.92066658
2220	-7.52893353
2221	-3.20188951
2222	5.34704876
2223	3.57488799
2224	5.26346874
2225	2.91203761
2226	-6.56348801
2227	-0.15598956
2228	1.57660329
2229	-9.75320625
2230	5.84366846
2231	4.08308697
2232	3.68800116
2233	3.46868491
2234	-3.88166070
2235	-1.65295589
2236	4.68155432
2237	-10.71913433
2238	3.83806252
2239	3.83105636
2240	4.07443190
2241	5.85941315
2242	-0.24390954
2243	-5.39252806
2244	2.81459165
2245	-3.95240021
2246	-2.93502164
2247	4.01353931
2248	2.49940562
2249	5.79512978
2250	1.14652526
2251	-8.06810188
2252	-0.76655394
2253	1.73860264
2254	-11.04163742
2255	5.10707283
2256	3.55172443
2257	4.26451826
2258	6.21827984
2259	-5.01871920
2260	-3.79759169
2261	3.00126100
2262	-10.68682575
2263	4.03251362
2264	5.54527855
2265	3.39689803
2266	3.83158517
2267	-0.37563759
2268	-4.13240957
2269	3.05942082
2270	-4.81369209
2271	-1.12775815
2272	5.83977938
2273	3.65898633
2274	4.54210711
2275	2.32458949
2276	-7.43566561
2277	-0.35419777
2278	1.97045672
2279	-11.02408028
2280	5.07407427
2281	4.23389149
2282	3.51753545
2283	2.86582375
2284	-4.78478575
2285	-2.68973541
2286	3.80037093
2287	-9.23010159
2288	4.65655184
2289	4.74777460
2290	3.49000812
2291	5.93203449
2292	-1.22371221
2293	-5.21902180
2294	2.03789115
2295	-4.48791552
2296	-0.62121278
2297	5.67457533
2298	3.47478032
2299	4.21200275
2300	2.32527685
2301	-7.77453709
2302	0.77157021
2303	1.98240221
2304	-9.73246002
2305	0.26251957
2306	3.87413025
2307	1.81526256
2308	3.98542547
2309	-5.37388563
2310	-3.35636282
2311	2.35123730
2312	-11.44704819
2313	3.38869858
2314	4.20977926
2315	3.48681760
2316	-0.97463429
2317	-2.35733342
2318	-5.56438875
2319	2.96862197
2320	-5.58575916
2321	-1.26357627
2322	4.48586321
2323	3.27939725
2324	5.14346457
2325	2.52848125
2326	-5.59935474
2327	-0.79918975
2328	0.74224025
2329	-10.99644279
2330	4.92082453
2331	3.07995892
2332	2.75755811
2333	3.33443141
2334	-6.16341829
2335	-2.73361516
2336	4.92813253
2337	-11.35634422
2338	5.04173899
2339	5.99107122
2340	3.54542065
2341	6.50204611
2342	-0.22033809
2343	-4.80254602
2344	2.23059106
2345	1.66632378
2346	0.18667912
2347	6.18616533
2348	4.03183651
2349	4.20782375
2350	2.23623919
2351	-7.26078749
2352	1.01586843
2353	1.39434397
2354	-11.20761299
2355	6.10641909
2356	3.90146804
2357	3.13322902
2358	4.73360586
2359	-5.29389954
2360	-3.35162258
2361	2.02965140
2362	-12.12559700
2363	1.58203161
2364	3.63332319
2365	0.82418591
2366	2.87527466
2367	-2.76473761
2368	-6.28234482
2369	2.53327656
2370	-6.70179701
2371	-2.53492689
2372	4.91267586
2373	2.72413087
2374	12.31781483
2375	1.42245460
2376	-7.54884481
2377	-0.12467770
2378	0.87342763
2379	-10.80920315
2380	4.84880400
2381	4.35256720
2382	5.17972708
2383	3.13646269
2384	-6.96580648
2385	-1.95475996
2386	4.97543001
2387	-11.04237175
2388	5.41068220
2389	6.15097761
2390	2.87071848
2391	6.50550652
2392	-1.74815154
2393	-5.17915249
2394	1.99677896
2395	-6.14102030
2396	-1.26186335
2397	4.73761654
2398	2.48012614
2399	3.33172965
2400	1.32166207
2401	-7.80003977
2402	-0.44725409
2403	1.27853382
2404	-11.05029964
2405	5.78022337
2406	4.31787682
2407	4.23817825
2408	4.76696682
2409	-4.78952980
2410	-2.99918270
2411	3.17373872
2412	-11.58870602
2413	4.36798000
2414	4.69729996
2415	3.32044005
2416	4.13363123
2417	-1.15333593
2418	-5.11143970
2419	3.38663864
2420	-5.95318079
2421	-2.99021530
2422	4.54114962
2423	3.27230906
2424	4.84918213
2425	2.14505363
2426	-8.61300278
2427	-0.69987184
2428	-0.14744411
2429	-11.66128063
2430	4.65262127
2431	2.22952986
2432	-0.15249012
2433	2.69289947
2434	-6.00347328
2435	-2.58130622
2436	3.67992973
2437	-12.37746334
2438	3.62709713
2439	5.15046978
2440	3.94200563
2441	6.13914871
2442	-0.94667321
2443	-4.61898327
2444	3.51387596
2445	-5.90929174
2446	-0.07917969
2447	6.68414640
2448	3.32214785
2449	4.91757822
2450	2.66567159
2451	-3.56790948
2452	1.76961136
2453	1.65261245
2454	-9.51579571
2455	6.12097406
2456	4.01775408
2457	4.13232088
2458	4.54950380
2459	-5.54246378
2460	-1.99458790
2461	-0.20162253
2462	-13.08619213
2463	4.21701670
2464	3.89544392
2465	1.59592187
2466	3.29131818
2467	-2.35376668
2468	-7.13266230
2469	4.67489290
2470	-7.18152332
2471	-1.34626472
2472	4.18608093
2473	2.10007000
2474	4.06870937
2475	1.20424747
2476	-7.70950794
2477	-0.46259558
2478	0.42889947
2479	-10.13865566
2480	0.90977436
2481	3.39271212
2482	4.00536966
2483	3.38289833
2484	-4.85494995
2485	-0.79705560
2486	4.55286598
2487	-11.57239819
2488	5.27475786
2489	4.97479296
2490	2.12898850
2491	5.15620995
2492	-2.63176274
2493	-4.96535206
2494	1.94569111
2495	-7.30652714
2496	-0.53779471
2497	4.26263189
2498	3.57317281
2499	3.25917506
2500	1.22935081
2501	-6.91067314
2502	0.69049239
2503	0.78026223
2504	-9.00206757
2505	5.60380936
2506	3.70945859
2507	3.94834328
2508	3.39362788
2509	-10.10712051
2510	-2.79215956
2511	3.55859494
2512	-11.35901070
2513	4.99921656
2514	4.74461699
2515	3.26582289
2516	3.39183021
2517	-2.56393719
2518	-6.34275723
2519	2.63210702
2520	-7.29571676
2521	-0.97713774
2522	5.64755487
2523	1.42433703
2524	4.36499119
2525	1.43944371
2526	-7.98068285
2527	-0.26664028
2528	-1.33486080
2529	-10.62558174
2530	4.82696295
2531	3.33791232
2532	3.06683350
2533	3.36319137
2534	-6.11259556
2535	-1.99164724
2536	4.17938566
2537	-12.00771999
2538	0.77494746
2539	5.05095673
2540	3.80896020
2541	6.02847528
2542	-1.65981948
2543	-4.58845854
2544	2.15393567
2545	-7.38217878
2546	-0.49010620
2547	4.40239620
2548	3.97915936
2549	3.85394263
2550	1.10181129
2551	-7.21858215
2552	1.10574305
2553	0.76019734
2554	-8.01878548
2555	5.49339676
2556	4.23110008
2557	6.11764812
2558	4.72867823
2559	-4.73090172
2560	-1.66583467
2561	3.00058627
2562	-11.31532288
2563	5.69459677
2564	4.74044418
2565	2.18421555
2566	4.73438072
2567	-0.91469520
2568	-4.85083866
2569	4.08208942
2570	-6.87045288
2571	1.25007308
2572	5.79568624
2573	2.31540656
2574	5.10331059
2575	1.18280554
2576	-7.47711372
2577	-1.16658366
2578	-0.50031328
2579	-9.07117176
2580	4.93904686
2581	2.53564334
2582	2.84249377
2583	2.36335278
2584	-6.75482988
2585	-2.14296913
2586	5.34687185
2587	-13.10533142
2588	4.87233973
2589	5.08783960
2590	2.43433022
2591	5.01014519
2592	-3.86564994
2593	-5.62899399
2594	1.60555506
2595	-8.46803379
2596	1.21358001
2597	5.08691692
2598	3.66236329
2599	4.23796844
2600	1.72182441
2601	-6.49113274
2602	1.59002042
2603	0.20384717
2604	-8.84203529
2605	6.09534740
2606	4.39895296
2607	5.01404953
2608	4.89609528
2609	-4.93918514
2610	-1.59905434
2611	4.04391718
2612	-12.52178478
2613	5.16750193
2614	4.68585157
2615	2.25541687
2616	3.37094784
2617	-2.45669627
2618	-4.81850958
2619	2.67061710
2620	-8.39110947
2621	-1.42690086
2622	4.66798735
2623	1.89957523
2624	3.56645179
2625	0.06707262
2626	-7.76700115
2627	0.13411693
2628	-0.56528986
2629	-8.18773556
2630	4.74898052
2631	2.05770898
2632	3.55208707
2633	0.81671351
2634	-5.96428013
2635	-0.71771920
2636	4.28410769
2637	-12.07277203
2638	5.39381409
2639	5.22138309
2640	3.66854596
2641	6.05994654
2642	-2.55986524
2643	-4.40332127
2644	3.84440732
2645	-7.91375017
2646	1.60427260
2647	4.87237167
2648	3.98793697
2649	4.56579065
2650	0.38873670
2651	-7.26191807
2652	0.92176706
2653	-1.32299876
2654	-7.90952158
2655	5.70930147
2656	3.37552023
2657	3.84301090
2658	2.97772741
2659	-6.18091869
2660	-2.81051993
2661	3.55324268
2662	-13.20349693
2663	5.09843302
2664	5.73241663
2665	2.34190345
2666	4.05338621
2667	-1.64154589
2668	-4.91066837
2669	4.05806446
2670	-8.37077236
2671	0.62467372
2672	6.11598444
2673	1.33883965
2674	4.71760845
2675	1.04213464
2676	-6.66130447
2677	0.87118018
2678	-1.04322875
2679	-8.62385082
2680	6.19607830
2681	3.12513828
2682	5.05271387
2683	4.16458035
2684	-5.94044685
2685	-1.28214586
2686	3.41585374
2687	-12.24006271
2688	4.89400673
2689	4.73375416
2690	2.87538838
2691	2.89333653
2692	-3.70811152
2693	-6.37378883
2694	2.51802969
2695	-9.08339787
2696	1.11094677
2697	4.29863358
2698	3.36387873
2699	3.88291287
2700	0.13231349
2701	-7.50060511
2702	-1.25675714
2703	-0.27152428
2704	-7.16850996
2705	5.72109270
2706	3.89880490
2707	3.36961293
2708	4.30098009
2709	-6.09839582
2710	-1.44006062
2711	3.30352473
2712	-11.15435219
2713	5.43696213
2714	4.37497187
2715	3.22465634
2716	3.63255191
2717	-2.12142086
2718	-4.46521616
2719	4.65000582
2720	-9.09765339
2721	0.55389112
2722	5.30261564
2723	2.25793505
2724	5.33769846
2725	1.59889984
2726	-7.41532707
2727	0.12291346
2728	-1.11161816
2729	-7.15945101
2730	4.32691574
2731	3.52234221
2732	4.32021141
2733	2.02475691
2734	-6.08835888
2735	-0.54925704
2736	3.02092099
2737	-12.61335659
2738	5.44496584
2739	4.50653267
2740	3.44832468
2741	5.93771791
2742	-2.84877872
2743	-3.98292708
2744	2.41716480
2745	-9.07087898
2746	2.63197351
2747	5.45535803
2748	3.67277694
2749	3.96178317
2750	3.86878085
2751	-7.18745565
2752	2.01817656
2753	-0.03727506
2754	-5.55991936
2755	5.99114370
2756	4.77479506
2757	3.99109197
2758	4.21626663
2759	-5.07218504
2760	1.83382905
2761	3.48728371
2762	-12.49850273
2763	5.00202370
2764	3.92225766
2765	3.21541858
2766	2.66058087
2767	-2.55941916
2768	-2.35290933
2769	3.00699997
2770	-8.00871849
2771	1.55985117
2772	5.71895885
2773	3.47796655
2774	4.60091877
2775	0.60406989
2776	-6.66778612
2777	1.15803528
2778	-0.74027121
2779	-5.35730076
2780	5.04434395
2781	3.93607521
2782	4.23194838
2783	2.94909811
2784	-6.45693064
2785	-1.47884274
2786	3.88635659
2787	-12.28715515
2788	5.35558271
2789	4.62964106
2790	3.32354522
2791	5.46498871
2792	-3.31583762
2793	-4.64285517
2794	1.86775100
2795	-8.55990601
2796	0.55014455
2797	4.68038940
2798	2.98680401
2799	1.79151165
2800	0.40827727
2801	-6.59077024
2802	1.62886405
2803	-1.20664680
2804	-6.81424093
2805	5.95452976
2806	4.38692331
2807	2.67354655
2808	-0.55552006
2809	-5.84016895
2810	-0.74413836
2811	2.89426231
2812	-12.75858116
2813	5.02288055
2814	3.54306579
2815	2.96316218
2816	3.49363637
2817	-3.27829242
2818	-5.45257950
2819	3.81277490
2820	-8.41186714
2821	1.12131143
2822	5.24372005
2823	3.10963678
2824	5.35974741
2825	0.15108924
2826	-5.41424036
2827	0.90004313
2828	-2.24446225
2829	-5.86455345
2830	5.38029480
2831	2.73193955
2832	3.85697579
2833	2.15156841
2834	-7.02530479
2835	-0.20652393
2836	3.63339448
2837	-11.60349751
2838	5.77034044
2839	5.11717272
2840	2.97277951
2841	4.66119623
2842	-3.63265467
2843	-4.73612022
2844	1.94518685
2845	-9.52543259
2846	1.87101316
2847	5.54331827
2848	2.03165770
2849	3.79096842
2850	-0.18051514
2851	-7.10170269
2852	1.14498377
2853	-1.85134411
2854	-6.67688227
2855	6.63620472
2856	4.32847834
2857	5.22237968
2858	4.78907251
2859	-6.26564884
2860	-1.14622986
2861	2.65068102
2862	-12.00995636
2863	5.86240244
2864	5.02624559
2865	2.18083048
2866	3.49292088
2867	-2.66153431
2868	-3.74523091
2869	4.12921000
2870	-9.15413761
2871	1.96656275
2872	5.37227488
2873	3.01234126
2874	5.98849583
2875	0.45788753
2876	-6.15072203
2877	1.55953932
2878	-2.42172432
2879	-5.51277733
2880	5.43149853
2881	3.78295898
2882	4.03802633
2883	2.61671615
2884	-5.95824194
2885	-17.60185432
2886	3.48579454
2887	-13.49140167
2888	5.20448828
2889	4.78995085
2890	2.69616032
2891	4.76852655
2892	-4.28806067
2893	-4.68236160
2894	2.39494610
2895	-12.59032249
2896	2.21677446
2897	4.32503843
2898	1.30368173
2899	3.84521055
2900	-0.07546617
2901	-7.38975286
2902	1.79525149
2903	-2.14250898
2904	-5.17531967
2905	5.70767832
2906	3.51309657
2907	4.59291363
2908	4.14644527
2909	-5.80786753
2910	-0.75221974
2911	3.38639808
2912	-10.67609596
2913	4.77764416
2914	2.91737866
2915	3.32440066
2916	4.51206493
2917	-2.08568621
2918	-2.74676156
2919	4.25054693
2920	-9.75980854
2921	3.07623649
2922	5.81339121
2923	2.82604957
2924	7.69517565
2925	-0.14251131
2926	-7.82570076
2927	0.78784430
2928	-3.95059109
2929	-6.05266714
2930	4.14851046
2931	2.34393287
2932	2.62217569
2933	1.55075812
2934	-7.13643169
2935	-1.18025076
2936	2.39387178
2937	-12.74153996
2938	5.61525345
2939	4.23168898
2940	3.54973960
2941	5.00631714
2942	-3.23073506
2943	5.24162197
2944	3.26959872
2945	-9.68002224
2946	3.38524747
2947	4.15636539
2948	2.69242358
2949	3.59838319
2950	-0.37856987
2951	-6.84255981
2952	2.17964458
2953	-0.50231320
2954	-6.60178137
2955	5.03646326
2956	1.97818482
2957	3.46531677
2958	3.51083875
2959	-6.64396906
2960	-2.05417132
2961	-0.33382499
2962	-12.23111629
2963	5.17234039
2964	4.06206512
2965	3.26833391
2966	2.84571934
2967	-3.18980837
2968	-2.78004122
2969	4.44941998
2970	-9.20733547
2971	4.25538683
2972	10.62769318
2973	3.96069169
2974	6.07486153
2975	1.16183841
2976	-5.78928900
2977	1.90651584
2978	-2.04889417
2979	-3.94859791
2980	6.03582859
2981	3.66416430
2982	0.71337551
2983	1.73584342
2984	-5.72506142
2985	-0.79286480
2986	2.27754331
2987	-12.62896538
2988	4.91193104
2989	3.75542402
2990	1.38227737
2991	3.63412404
2992	-5.78048372
2993	-4.94726753
2994	1.82611799
2995	-10.84242058
2996	1.96739531
2997	3.90649009
2998	1.49575901
2999	2.89551806
3000	-0.80030537