	C:\Users\jkuzm\OneDrive - University of Massachusetts\HRSL x UMILL-PUMA Fatigue - Fatigue\Data\F01\FR3_static1.c3d _ImpedanceExport
	FP1
	FREEMOMENT
	ORIGINAL
ITEM	Y
1	-0.01602880
2	0.03658046
3	-0.00330153
4	0.02025006
5	0.03775433
6	-0.02199570
7	-0.01095376
8	-0.01507908
9	-0.01318308
10	0.03710918
11	0.01973899
12	-0.00269970
13	0.06094038
14	-0.02729173
15	-0.01780209
16	-0.01522262
17	-0.01576822
18	0.02155499
19	0.02580339
20	-0.02180618
21	0.05665434
22	-0.02183614
23	-0.02626471
24	-0.01764487
25	-0.02743284
26	-0.00134292
27	0.02952617
28	-0.01168981
29	0.01088298
30	-0.00719735
31	-0.03253311
32	-0.01778075
33	-0.02407532
34	-0.01115174
35	0.03346886
36	-0.00463421
37	-0.01298282
38	0.05915210
39	-0.03004184
40	-0.01646413
41	-0.01429631
42	-0.03013319
43	0.02244756
44	0.01988274
45	-0.01430259
46	0.05252942
47	-0.01872007
48	-0.01661346
49	-0.01383978
50	-0.02454474
51	-0.00063695
52	0.03487051
53	-0.01228653
54	0.01880782
55	0.02832740
56	-0.02186652
57	-0.01442554
58	-0.01645963
59	-0.00610034
60	0.03988413
61	0.00967430
62	-0.00027829
63	0.06609489
64	-0.01929026
65	-0.01509521
66	-0.01425273
67	-0.01296956
68	0.02044926
69	0.00546616
70	-0.01883673
71	0.05537567
72	-0.01653731
73	-0.02411388
74	-0.01273300
75	-0.02697003
76	0.00330933
77	0.02790352
78	-0.01014184
79	0.00848637
80	0.01290801
81	-0.02910883
82	-0.02143629
83	-0.02539029
84	-0.01891216
85	0.02397381
86	-0.01157421
87	-0.02623424
88	0.04375343
89	-0.03362485
90	-0.02731543
91	-0.02124110
92	-0.02953499
93	0.01766487
94	0.01581185
95	-0.01186017
96	0.05069387
97	-0.01602625
98	-0.02262848
99	-0.00601063
100	-0.01458180
101	0.00905539
102	0.03718132
103	-0.00708599
104	0.02501424
105	0.02711371
106	-0.01689458
107	-0.01097409
108	-0.01567402
109	-0.01310646
110	0.03971839
111	0.00600330
112	-0.00391153
113	0.06248883
114	-0.02545434
115	-0.01878246
116	-0.01894500
117	-0.00007146
118	0.01864200
119	0.01655280
120	-0.01614466
121	0.05421274
122	-0.02166341
123	-0.02666589
124	-0.01194523
125	-0.02622521
126	0.00544302
127	0.03018843
128	-0.00976285
129	0.02007405
130	0.02153743
131	-0.02426494
132	-0.01417595
133	-0.01647635
134	-0.00720823
135	0.03674731
136	0.01522439
137	-0.01379350
138	0.05630366
139	-0.03277678
140	-0.02503851
141	-0.01854985
142	-0.03016076
143	0.01599725
144	0.00891076
145	-0.02274233
146	0.05109980
147	-0.02991792
148	-0.03085241
149	-0.01420049
150	-0.02503266
151	-0.00094770
152	0.02618063
153	-0.01298411
154	0.01394383
155	0.01893390
156	-0.02845648
157	-0.01212432
158	-0.01827451
159	-0.01001040
160	0.04133359
161	0.00677008
162	-0.00497001
163	0.06894557
164	-0.02006043
165	-0.01620479
166	-0.01537790
167	-0.00862862
168	0.02470420
169	0.01704993
170	-0.01616139
171	0.05538777
172	-0.02089500
173	-0.02166100
174	-0.01672640
175	-0.04144848
176	0.00455733
177	0.03100047
178	-0.00837996
179	0.02051853
180	0.01577311
181	-0.02616419
182	-0.01569301
183	-0.03874676
184	-0.00982723
185	0.03545857
186	-0.00510958
187	-0.01858740
188	0.05688700
189	-0.02977192
190	-0.02443183
191	-0.02089998
192	-0.03094864
193	0.01544361
194	0.00390545
195	-0.01530606
196	0.04923994
197	-0.02162814
198	-0.02576420
199	-0.01685725
200	-0.02654929
201	-0.00113499
202	0.02509823
203	-0.01809912
204	0.01643595
205	0.02039830
206	-0.02731866
207	-0.01817892
208	-0.02482689
209	-0.01415716
210	0.03382080
211	-0.00012511
212	-0.00852792
213	0.06015624
214	-0.02317004
215	-0.01894555
216	-0.01536587
217	-0.01375008
218	0.02460417
219	0.01576312
220	-0.01781197
221	0.05562491
222	-0.01826149
223	-0.00015219
224	-0.01557330
225	-0.02489838
226	0.00945049
227	0.03424773
228	-0.00492020
229	0.02098850
230	0.01464608
231	-0.02400820
232	-0.00969393
233	-0.01353379
234	-0.00783822
235	0.03484556
236	-0.00579693
237	-0.01368302
238	0.05216900
239	-0.03488510
240	-0.02903172
241	-0.03577735
242	-0.03340583
243	0.01955575
244	0.01443280
245	-0.01689689
246	0.05269786
247	-0.02689662
248	-0.02672132
249	-0.01700120
250	-0.02424791
251	-0.00049410
252	0.02801013
253	-0.01640172
254	0.01960395
255	0.01609569
256	-0.02644560
257	-0.01395517
258	-0.02122568
259	-0.01062194
260	0.03567024
261	0.00009572
262	-0.00189967
263	0.06113519
264	-0.02490031
265	-0.01590196
266	-0.01501740
267	-0.01065987
268	0.02359030
269	0.01439846
270	-0.02900121
271	0.05749847
272	-0.02850022
273	-0.02504030
274	-0.01501394
275	-0.02909032
276	0.00301637
277	0.02656419
278	-0.01015254
279	0.02353388
280	0.01199704
281	-0.01879107
282	-0.00903239
283	-0.01677578
284	-0.00648095
285	0.03881495
286	-0.00112916
287	-0.01120483
288	0.05227762
289	-0.02661718
290	-0.02393566
291	-0.01654051
292	-0.02440702
293	0.02250430
294	0.01716576
295	-0.01271383
296	0.06027102
297	-0.02532097
298	-0.02439872
299	-0.01353176
300	0.05644258
301	0.00398564
302	0.03079305
303	-0.01458673
304	0.02148167
305	0.01661538
306	-0.03161987
307	-0.01694486
308	-0.02737085
309	-0.01935564
310	0.04060635
311	0.00011138
312	-0.00749185
313	0.05123874
314	-0.03155898
315	-0.02316062
316	-0.01750258
317	-0.01775710
318	0.01544875
319	0.01412075
320	-0.01828106
321	0.06157067
322	-0.02523357
323	-0.02230495
324	-0.01206740
325	-0.02643466
326	0.01049027
327	0.03635990
328	-0.00378307
329	0.04494833
330	0.01635164
331	-0.01877808
332	-0.00648587
333	-0.01681392
334	-0.00740554
335	0.03792138
336	-0.00205936
337	-0.00781973
338	0.05761593
339	-0.02946961
340	-0.02103581
341	-0.02075725
342	-0.02920969
343	0.01886762
344	0.01044362
345	-0.01860717
346	0.05346148
347	-0.02607968
348	-0.02692370
349	-0.02050202
350	-0.02449705
351	0.00336526
352	0.02747246
353	-0.01903214
354	0.02149088
355	0.01409093
356	-0.02971114
357	-0.01543903
358	-0.04950108
359	-0.01505845
360	0.03613288
361	-0.00073472
362	-0.00726020
363	0.05154632
364	-0.02388666
365	-0.01795846
366	-0.01634243
367	-0.01681845
368	0.03281454
369	0.01101106
370	-0.01739889
371	0.05922429
372	-0.02437103
373	-0.02236468
374	-0.01649868
375	-0.02348681
376	0.00211301
377	0.03151398
378	-0.00570742
379	0.03248684
380	0.00802952
381	-0.02691204
382	-0.01558440
383	-0.01917215
384	-0.00769730
385	0.03420927
386	-0.00416495
387	-0.01507764
388	0.05622040
389	-0.02876353
390	-0.02399627
391	-0.01546174
392	-0.02840143
393	0.02250030
394	0.01078808
395	-0.01664322
396	0.05487871
397	-0.01978005
398	-0.02481146
399	-0.01491217
400	-0.02235938
401	0.00503043
402	0.02666433
403	-0.01773475
404	0.02781808
405	0.02237097
406	-0.02061088
407	-0.00673726
408	-0.01915823
409	-0.00711852
410	0.03679459
411	0.00335272
412	-0.00452749
413	0.05168812
414	-0.02573905
415	-0.02061845
416	-0.01907404
417	-0.01237168
418	0.02793702
419	0.00897382
420	-0.02312743
421	0.06209026
422	-0.02358652
423	-0.02556553
424	-0.01518508
425	-0.02323415
426	0.00736600
427	0.02976847
428	-0.01193457
429	0.02256558
430	0.00075110
431	-0.02688978
432	-0.01317193
433	-0.02686332
434	-0.01253136
435	-0.00373206
436	-0.01501963
437	-0.00588589
438	0.05357851
439	-0.02771408
440	-0.01932442
441	-0.01584778
442	-0.02277794
443	0.02977451
444	0.01286133
445	-0.01867433
446	0.06328828
447	-0.02471472
448	-0.01793410
449	-0.01189064
450	-0.01730182
451	0.00621109
452	0.02669095
453	-0.01518169
454	0.02739727
455	0.00206443
456	-0.02699660
457	-0.01586170
458	-0.02612575
459	-0.01163504
460	0.03579688
461	-0.00366641
462	-0.00539551
463	0.04951415
464	-0.05900317
465	-0.02007588
466	-0.02179615
467	-0.01757981
468	0.02204412
469	0.00382607
470	-0.02310507
471	0.05751712
472	-0.02885453
473	-0.02818170
474	-0.00062322
475	-0.02564523
476	0.01199969
477	0.02375820
478	-0.00797100
479	0.03239058
480	0.00261656
481	-0.02188018
482	-0.00308343
483	-0.01797610
484	0.00061353
485	0.04062878
486	-0.00211810
487	-0.00536826
488	0.05368075
489	-0.02710594
490	-0.02111088
491	-0.01833586
492	-0.02277341
493	0.01101033
494	0.01116228
495	-0.01547767
496	0.05597480
497	-0.02637870
498	-0.02741294
499	-0.01663013
500	-0.02591983
501	0.00599303
502	0.03006214
503	-0.00918473
504	0.02782664
505	0.00613875
506	-0.02911534
507	-0.01351203
508	-0.02581973
509	-0.01086150
510	0.04077859
511	0.01819660
512	-0.00375796
513	0.05447539
514	-0.02326692
515	-0.01360498
516	-0.01554599
517	-0.00946974
518	0.03444898
519	0.01504718
520	-0.01137179
521	0.07045775
522	-0.01779230
523	-0.01575334
524	-0.01258096
525	-0.02490788
526	0.01140814
527	0.02853929
528	-0.01219006
529	0.02796281
530	-0.00489934
531	-0.03182782
532	-0.02762662
533	-0.02820986
534	-0.01017417
535	0.02660156
536	-0.01550018
537	-0.01003549
538	0.04561020
539	-0.03222668
540	-0.02302339
541	-0.02150360
542	-0.02844079
543	0.02688172
544	0.01081521
545	-0.00665992
546	0.06726659
547	-0.02005820
548	-0.01585942
549	-0.00355304
550	-0.01894465
551	0.01580108
552	0.02928535
553	-0.00982869
554	0.03985102
555	0.00624956
556	-0.02513944
557	-0.00987169
558	-0.01728186
559	-0.00711235
560	0.03803170
561	-0.00778385
562	-0.00256486
563	0.04359675
564	-0.02858707
565	-0.02188812
566	-0.02090654
567	-0.01316087
568	0.02672017
569	0.02170721
570	-0.02188867
571	0.05977757
572	-0.02847112
573	-0.02610534
574	-0.01763858
575	-0.02760772
576	0.01181962
577	0.02579453
578	-0.00746039
579	0.03416763
580	0.01091795
581	-0.02161943
582	-0.01199584
583	-0.02044378
584	-0.00418212
585	0.03477653
586	-0.01062267
587	-0.00350898
588	0.05332344
589	-0.02742496
590	-0.02471062
591	-0.02265570
592	-0.02393672
593	0.02393142
594	0.00783600
595	-0.01603239
596	0.06214651
597	-0.02715814
598	-0.01849934
599	0.00193910
600	-0.01595922
601	0.00910902
602	0.02479239
603	-0.01775038
604	0.03052231
605	0.00100391
606	-0.02666865
607	-0.01359174
608	-0.02301657
609	-0.01859881
610	0.03847193
611	-0.00178487
612	-0.00008199
613	0.04543799
614	-0.02432464
615	-0.01428054
616	-0.01317410
617	-0.01089884
618	0.02786050
619	0.00893653
620	-0.02081274
621	0.06130716
622	-0.02803063
623	-0.02500479
624	-0.01191959
625	-0.02594483
626	0.01375854
627	0.02544377
628	0.00757344
629	0.03444916
630	-0.00480311
631	-0.02444567
632	-0.00943193
633	-0.02344488
634	-0.00519903
635	0.03555452
636	-0.00578642
637	-0.00496059
638	0.03475883
639	-0.02822392
640	-0.01977593
641	-0.01914068
642	-0.02087452
643	0.02783993
644	0.01114511
645	-0.00851480
646	0.04680037
647	-0.02629237
648	-0.01805191
649	-0.01406696
650	-0.01793107
651	0.00763799
652	0.02395778
653	-0.01818535
654	0.03668435
655	-0.00595699
656	-0.02840294
657	-0.01126303
658	-0.02650378
659	-0.00732824
660	0.03701448
661	-0.00348361
662	0.00059838
663	0.04244886
664	-0.02301591
665	-0.01552430
666	-0.01422732
667	-0.00656079
668	0.02885759
669	0.00472755
670	-0.01758251
671	0.06247953
672	-0.02561869
673	-0.02370432
674	-0.01061910
675	-0.02678321
676	0.01511814
677	0.03205891
678	-0.01256426
679	0.03824729
680	-0.00743568
681	-0.02375565
682	-0.01125002
683	-0.02010083
684	-0.00604889
685	0.03733005
686	0.03701101
687	-0.00492226
688	0.04586872
689	-0.03259505
690	-0.02441870
691	-0.02316519
692	-0.02033609
693	0.02851659
694	0.01095442
695	-0.01064456
696	0.07100206
697	-0.02560728
698	-0.02042561
699	-0.01700606
700	-0.01627849
701	0.01387136
702	0.02403016
703	-0.01494882
704	0.02712504
705	-0.00374492
706	-0.02228542
707	-0.01411516
708	-0.02252193
709	-0.00475886
710	0.03838817
711	-0.00182465
712	0.00274317
713	0.03692000
714	-0.02294476
715	-0.02161638
716	-0.02183077
717	-0.01091898
718	0.03026587
719	0.00298607
720	-0.02016959
721	0.06478823
722	-0.02817527
723	-0.02334382
724	-0.02346098
725	-0.03052523
726	0.01558209
727	0.01975525
728	-0.01810087
729	0.03751099
730	-0.00973084
731	-0.02320909
732	-0.00963422
733	-0.02798353
734	-0.00588077
735	0.03152317
736	-0.01066704
737	-0.00266704
738	0.04393408
739	-0.02887441
740	-0.01562706
741	-0.01755998
742	-0.01678300
743	0.03715693
744	0.01187454
745	-0.00952314
746	0.06668876
747	-0.02859923
748	-0.01995212
749	-0.01231993
750	-0.01483758
751	0.01508030
752	0.02320426
753	-0.01764084
754	0.03822401
755	-0.01241819
756	-0.02783911
757	-0.01621236
758	-0.02704816
759	-0.00596644
760	0.03543292
761	-0.00392503
762	0.00049453
763	0.06750904
764	-0.03067030
765	-0.01747826
766	-0.02048512
767	-0.01123709
768	0.02928479
769	0.00284800
770	-0.01879670
771	0.06537232
772	-0.02723217
773	-0.01413984
774	-0.01529375
775	-0.02739405
776	0.01452974
777	0.02407229
778	-0.00699750
779	0.04528627
780	-0.01221452
781	-0.03151952
782	-0.00805280
783	-0.01816352
784	-0.00374546
785	0.03254943
786	-0.01085400
787	0.00295937
788	0.03952928
789	-0.02376883
790	-0.01938579
791	-0.01683926
792	-0.00431737
793	0.03320279
794	0.00630022
795	-0.01365011
796	0.06222130
797	-0.02865322
798	-0.02126626
799	-0.01744371
800	-0.01573199
801	0.01222953
802	0.01380776
803	-0.01853361
804	0.04154398
805	-0.01208529
806	-0.02861172
807	-0.01271820
808	-0.02664186
809	-0.00397684
810	0.03874840
811	-0.00452692
812	0.00037557
813	0.03398820
814	-0.02220641
815	-0.01800011
816	-0.01932047
817	-0.01084364
818	0.03313417
819	0.00344960
820	-0.02035625
821	0.05588117
822	-0.02860277
823	-0.02561523
824	-0.01658196
825	-0.02646153
826	0.01546739
827	0.02367495
828	-0.01425148
829	0.03991397
830	-0.01269245
831	-0.03766901
832	-0.01381059
833	-0.02535949
834	-0.00429913
835	0.03421314
836	-0.01115309
837	-0.00181194
838	0.04126549
839	-0.02584400
840	-0.01736069
841	-0.01670520
842	-0.02409727
843	0.03041176
844	0.00408353
845	-0.01481960
846	0.06060875
847	-0.02769711
848	-0.02301159
849	-0.01525048
850	-0.02852749
851	0.00944544
852	0.01801016
853	-0.01744066
854	0.04501769
855	-0.01191707
856	-0.02308086
857	-0.01392318
858	-0.02327523
859	0.00103481
860	0.04214517
861	-0.00344409
862	0.00915197
863	0.03680901
864	-0.02204814
865	-0.01356851
866	-0.01694664
867	-0.00986340
868	0.04062882
869	0.00556051
870	-0.01103214
871	0.06602768
872	-0.02963598
873	-0.02499759
874	-0.01652584
875	-0.02790253
876	0.01676757
877	0.01757825
878	-0.01650408
879	0.02721825
880	-0.01722369
881	-0.02907996
882	-0.01564185
883	-0.02801331
884	-0.00549249
885	0.03281654
886	-0.01134430
887	0.00288548
888	0.03708231
889	-0.02934158
890	-0.02143073
891	-0.01950573
892	-0.01976130
893	0.03607206
894	0.00982466
895	-0.01075896
896	0.06533204
897	-0.01608576
898	-0.05623653
899	-0.01843413
900	-0.01749063
901	0.01613750
902	0.01816712
903	-0.01704867
904	0.04562214
905	-0.01638033
906	-0.02708825
907	-0.01755051
908	-0.04184505
909	-0.00763091
910	0.03119205
911	-0.01023513
912	0.00483687
913	0.02750118
914	-0.02921673
915	-0.01612138
916	-0.01819931
917	-0.01187003
918	0.03368555
919	0.00036189
920	-0.01759488
921	0.06647804
922	-0.02601132
923	-0.02016951
924	-0.01305842
925	-0.02521927
926	0.01620521
927	-0.02036951
928	-0.01061325
929	0.04632570
930	-0.01327677
931	-0.02097509
932	0.00078402
933	-0.01581729
934	0.00311174
935	0.03684790
936	-0.00667876
937	0.00578912
938	0.03855282
939	-0.02575024
940	-0.01554130
941	-0.01726802
942	-0.01729882
943	0.03202971
944	0.00361439
945	-0.00481445
946	0.05909062
947	-0.02633559
948	-0.02368528
949	-0.02099083
950	-0.02208515
951	0.00755993
952	0.01043115
953	-0.02363839
954	0.04351436
955	-0.02204072
956	-0.05959546
957	-0.02009132
958	-0.03501284
959	-0.00558812
960	0.02767437
961	-0.01089734
962	0.00521837
963	0.02671133
964	-0.02629511
965	-0.01300391
966	-0.00786937
967	-0.00796211
968	0.03711225
969	0.00824519
970	-0.00879052
971	0.07056268
972	-0.02210673
973	-0.01623459
974	-0.00285945
975	-0.02055155
976	0.01637309
977	0.02563079
978	-0.01165761
979	0.05498478
980	-0.01449594
981	-0.02244009
982	-0.01216699
983	-0.02155493
984	-0.00250426
985	0.04458329
986	-0.01242058
987	0.00883104
988	0.03390427
989	-0.03390572
990	-0.02000578
991	-0.02287650
992	-0.02078562
993	0.02901788
994	0.00013548
995	-0.01163065
996	0.06391557
997	-0.02592273
998	-0.02198708
999	-0.01386680
1000	-0.01492921
1001	0.01415471
1002	0.01618003
1003	-0.02233031
1004	0.04809635
1005	-0.02499080
1006	-0.02515645
1007	-0.01627935
1008	-0.02993918
1009	-0.00249862
1010	0.02960460
1011	-0.00917474
1012	0.00847984
1013	0.01497881
1014	-0.02886801
1015	-0.01895319
1016	-0.02414645
1017	-0.01383459
1018	0.03405172
1019	-0.00213804
1020	-0.01889776
1021	0.06284187
1022	-0.02928407
1023	-0.02382948
1024	-0.02095203
1025	-0.02536940
1026	0.02224804
1027	0.02251174
1028	-0.01079109
1029	0.05155395
1030	-0.01836161
1031	-0.02673696
1032	0.00024285
1033	-0.01742806
1034	0.00086796
1035	0.03189884
1036	-0.00851454
1037	0.01420734
1038	0.03220538
1039	-0.02140506
1040	-0.01437878
1041	-0.01564250
1042	-0.01214161
1043	0.04643439
1044	0.01052782
1045	-0.00603771
1046	0.06363714
1047	-0.02466173
1048	-0.01817561
1049	-0.01989694
1050	-0.02050330
1051	0.01755230
1052	0.01600668
1053	-0.02330835
1054	0.04990807
1055	-0.02226895
1056	-0.02919117
1057	-0.01548350
1058	-0.02737835
1059	0.00076635
1060	0.03258970
1061	-0.00160186
1062	0.02877830
1063	0.02506268
1064	-0.02812365
1065	-0.01631514
1066	-0.02068875
1067	-0.01188167
1068	0.03032198
1069	-0.00142568
1070	-0.01986158
1071	0.05526797
1072	-0.03610989
1073	-0.02561558
1074	-0.01922658
1075	-0.02927311
1076	0.01855664
1077	0.01649660
1078	-0.01445182
1079	0.05151671
1080	-0.02303560
1081	-0.02235906
1082	-0.01033706
1083	-0.01824281
1084	0.00492007
1085	0.03566121
1086	-0.00935602
1087	0.02140935
1088	0.02931396
1089	-0.02109732
1090	-0.01030789
1091	-0.05024223
1092	-0.00869892
1093	0.04263469
1094	0.01192512
1095	-0.00342734
1096	0.06689171
1097	-0.01914973
1098	-0.01374097
1099	-0.01427768
1100	-0.01574224
1101	0.01003563
1102	0.01399456
1103	-0.01691471
1104	0.05389180
1105	-0.02437901
1106	-0.02781111
1107	-0.02149981
1108	-0.03283686
1109	-0.00825628
1110	0.02539263
1111	-0.01562269
1112	0.00617888
1113	0.01122340
1114	-0.03208672
1115	-0.02889471
1116	-0.02913405
1117	-0.01757962
1118	0.02753068
1119	-0.01163284
1120	-0.02441506
1121	0.05949765
1122	-0.02851642
1123	-0.02466666
1124	-0.01895738
1125	-0.02897677
1126	0.02045305
1127	0.01716378
1128	-0.01190827
1129	0.05855958
1130	-0.00996990
1131	-0.01974176
1132	-0.00812825
1133	-0.01390830
1134	0.00837068
1135	0.04013555
1136	-0.00683827
1137	0.02561102
1138	0.02785083
1139	-0.01908964
1140	-0.00768279
1141	-0.01495460
1142	-0.01084413
1143	0.03776731
1144	0.00420956
1145	-0.00890343
1146	0.05570262
1147	-0.02952282
1148	-0.01726489
1149	0.00675272
1150	-0.01797625
1151	0.01915814
1152	0.01175525
1153	-0.02180587
1154	0.05303048
1155	-0.02821438
1156	-0.02841609
1157	-0.01950712
1158	-0.02295678
1159	0.00893009
1160	0.03276119
1161	-0.00754138
1162	0.01840900
1163	0.01769845
1164	-0.02641796
1165	-0.01401449
1166	-0.02233377
1167	-0.01893342
1168	0.03265899
1169	-0.00477773
1170	-0.01816936
1171	0.05913681
1172	-0.03038806
1173	-0.02039524
1174	-0.01551323
1175	-0.02820642
1176	0.02097768
1177	0.02126404
1178	-0.00733617
1179	0.05555839
1180	-0.01834544
1181	-0.02129062
1182	-0.01226663
1183	-0.02091567
1184	0.00128055
1185	0.03231448
1186	-0.01455369
1187	0.01743434
1188	0.01313632
1189	-0.02518978
1190	-0.01366581
1191	-0.02133285
1192	-0.01212730
1193	0.03487948
1194	0.00512200
1195	-0.00810697
1196	0.05481457
1197	-0.02754214
1198	-0.02220909
1199	-0.01692595
1200	-0.01190457
1201	0.02267268
1202	0.01576589
1203	-0.01666094
1204	0.06047006
1205	-0.01709307
1206	-0.01813831
1207	-0.01496273
1208	-0.02370363
1209	0.01096764
1210	0.03753217
1211	-0.00526368
1212	0.02051969
1213	0.01533422
1214	-0.02361412
1215	-0.01283977
1216	-0.02681240
1217	-0.00866176
1218	0.03795085
1219	-0.00576594
1220	-0.01837310
1221	0.06041387
1222	-0.03641565
1223	-0.02811913
1224	-0.02850476
1225	-0.03331842
1226	0.05867764
1227	0.00967564
1228	-0.01897931
1229	0.04800507
1230	-0.02723060
1231	-0.02915813
1232	-0.01976595
1233	-0.02552107
1234	-0.00075092
1235	0.02971774
1236	-0.00914482
1237	0.02460526
1238	0.00926398
1239	-0.02592468
1240	-0.01398382
1241	-0.02128374
1242	-0.01265224
1243	0.03863549
1244	0.00076191
1245	-0.00456845
1246	0.06232823
1247	-0.02218341
1248	-0.01358572
1249	-0.01031243
1250	-0.01025283
1251	0.02579840
1252	0.01586296
1253	-0.02194574
1254	0.05945446
1255	-0.00655265
1256	-0.02114138
1257	-0.01222553
1258	-0.02487497
1259	0.00589759
1260	0.03058482
1261	-0.00897953
1262	0.01550435
1263	0.01116364
1264	-0.03194381
1265	-0.02765722
1266	-0.02969363
1267	-0.01667893
1268	0.02571557
1269	-0.01382472
1270	-0.02148948
1271	0.04515839
1272	-0.03744178
1273	-0.01896513
1274	-0.02535434
1275	-0.03507644
1276	0.01731696
1277	0.01357991
1278	-0.01470087
1279	0.05493900
1280	-0.02211857
1281	-0.02312782
1282	-0.00940004
1283	-0.02254673
1284	-0.02094245
1285	0.03224730
1286	-0.01467837
1287	0.02455701
1288	0.01359131
1289	-0.02560793
1290	-0.01728457
1291	-0.02251145
1292	-0.01161861
1293	0.03640716
1294	-0.00535583
1295	-0.00281059
1296	0.06116670
1297	-0.02414878
1298	-0.01550440
1299	-0.01230356
1300	-0.01528254
1301	0.01912872
1302	0.01684400
1303	-0.01883497
1304	0.05618890
1305	-0.03003830
1306	-0.02976247
1307	-0.02114713
1308	-0.03330837
1309	0.00239938
1310	0.02429666
1311	-0.01477306
1312	0.01906110
1313	-0.02720186
1314	-0.02864634
1315	-0.00967637
1316	-0.02042942
1317	-0.00789768
1318	0.04011809
1319	-0.00150957
1320	-0.00690581
1321	0.05793227
1322	-0.02906912
1323	-0.01378064
1324	-0.01331331
1325	-0.02271055
1326	0.02579853
1327	0.01596316
1328	-0.01441775
1329	0.05688839
1330	-0.02281534
1331	-0.01570091
1332	-0.01045004
1333	-0.01715424
1334	0.00626762
1335	0.03182463
1336	-0.01876075
1337	0.02391654
1338	-0.00055528
1339	-0.03218939
1340	-0.02377277
1341	-0.02638795
1342	-0.02918319
1343	0.03359942
1344	-0.00560508
1345	-0.01465456
1346	0.04928944
1347	-0.03225748
1348	-0.02582674
1349	-0.02109873
1350	-0.01862153
1351	0.02900895
1352	0.01955068
1353	-0.01909512
1354	0.06389616
1355	-0.01979528
1356	-0.01863535
1357	-0.00949684
1358	-0.02171689
1359	0.00972835
1360	0.03998209
1361	-0.05597694
1362	0.03044799
1363	0.02160142
1364	-0.01875260
1365	-0.00440116
1366	-0.01776842
1367	-0.00535489
1368	0.03817182
1369	-0.00566308
1370	-0.01159070
1371	0.05273187
1372	-0.03073638
1373	-0.02574365
1374	-0.02181669
1375	-0.02565906
1376	0.01966045
1377	0.01054513
1378	-0.01785355
1379	0.05723884
1380	-0.03349032
1381	-0.03043687
1382	-0.02162562
1383	-0.02771310
1384	-0.00028155
1385	0.02481187
1386	-0.02011280
1387	0.02197415
1388	-0.00194002
1389	-0.03341518
1390	-0.05298026
1391	-0.02358453
1392	-0.01286621
1393	0.03489317
1394	-0.00071895
1395	-0.00347403
1396	0.05885223
1397	-0.02343611
1398	-0.01524386
1399	-0.01453567
1400	0.00235423
1401	0.03335421
1402	0.01499350
1403	-0.01714062
1404	0.06852813
1405	-0.02302298
1406	-0.02147711
1407	-0.01256844
1408	-0.02750853
1409	0.00732779
1410	0.02974709
1411	-0.00955011
1412	0.03002155
1413	0.00507772
1414	-0.02638998
1415	-0.01565128
1416	-0.01969694
1417	-0.01097812
1418	0.03654834
1419	-0.00656793
1420	-0.01397721
1421	0.04928356
1422	-0.02829592
1423	-0.02309657
1424	-0.02367467
1425	-0.02585856
1426	0.02326871
1427	0.00803495
1428	-0.01572075
1429	0.06529528
1430	-0.02090083
1431	-0.02124157
1432	-0.01205061
1433	-0.01660333
1434	0.00798382
1435	0.02877624
1436	-0.01467126
1437	0.01806074
1438	0.00291114
1439	-0.02197365
1440	-0.01478160
1441	-0.02142382
1442	-0.01046350
1443	0.03310299
1444	-0.00230314
1445	-0.00662234
1446	0.04813679
1447	-0.02559766
1448	-0.00003574
1449	-0.01312979
1450	-0.01968536
1451	0.01997910
1452	0.00511518
1453	-0.02311693
1454	0.05624282
1455	-0.02473933
1456	-0.02537540
1457	-0.01663097
1458	-0.04212813
1459	0.00716354
1460	0.02502629
1461	-0.01067356
1462	0.03069677
1463	0.00770286
1464	-0.02541369
1465	-0.00526689
1466	-0.02629641
1467	-0.00479841
1468	0.03764547
1469	-0.00461593
1470	-0.00862096
1471	0.05196596
1472	-0.02678669
1473	-0.01750675
1474	-0.01607130
1475	-0.01751065
1476	0.02602855
1477	-0.00581459
1478	-0.01282353
1479	0.06164914
1480	-0.02186866
1481	-0.02098268
1482	-0.01631469
1483	-0.01725204
1484	0.00788291
1485	0.02937599
1486	-0.01544427
1487	0.02663834
1488	-0.00097003
1489	-0.02935630
1490	-0.01926132
1491	-0.02620509
1492	-0.01344137
1493	0.03382744
1494	-0.00529856
1495	-0.01917951
1496	0.06025118
1497	-0.02590614
1498	-0.01907348
1499	-0.01944011
1500	-0.01773418
1501	0.02432184
1502	0.00767951
1503	-0.02389913
1504	0.06090006
1505	-0.02533227
1506	-0.01075614
1507	-0.01593174
1508	-0.02531658
1509	0.01122249
1510	0.02886865
1511	-0.00863755
1512	0.03630594
1513	0.00621697
1514	-0.01908913
1515	-0.00530389
1516	-0.01256864
1517	-0.00078485
1518	0.03986575
1519	-0.00118693
1520	-0.00163773
1521	0.04788408
1522	-0.02568630
1523	-0.01630460
1524	-0.01529958
1525	0.01612985
1526	0.03244159
1527	0.01394117
1528	-0.01715015
1529	0.06051290
1530	-0.02965976
1531	-0.02597468
1532	-0.01796143
1533	-0.02200199
1534	0.00704030
1535	0.02899024
1536	-0.01795989
1537	0.03705336
1538	-0.00515414
1539	-0.02639745
1540	-0.01634155
1541	-0.02431104
1542	-0.01105276
1543	0.03788650
1544	0.00351517
1545	0.00337898
1546	0.04509215
1547	-0.02450887
1548	-0.01377812
1549	-0.01723822
1550	-0.01233646
1551	0.02888780
1552	0.01192936
1553	-0.01827249
1554	0.10099811
1555	-0.02292711
1556	-0.02044023
1557	-0.01075117
1558	-0.02672096
1559	0.01219276
1560	0.02828730
1561	-0.00949264
1562	0.03546264
1563	0.00159159
1564	-0.03219419
1565	-0.01144264
1566	-0.02373871
1567	-0.00931478
1568	0.03488605
1569	-0.00864237
1570	-0.00216066
1571	0.05059613
1572	-0.02801636
1573	-0.01882415
1574	-0.02028755
1575	-0.01978869
1576	0.03220784
1577	0.01440122
1578	-0.01065446
1579	0.06333698
1580	-0.02327583
1581	-0.01600531
1582	-0.01530886
1583	-0.03377856
1584	0.01236599
1585	0.02385118
1586	-0.01611600
1587	0.03598660
1588	-0.00389095
1589	-0.02562606
1590	-0.01832821
1591	-0.02434600
1592	-0.00741806
1593	0.04070288
1594	-0.00507174
1595	-0.00360447
1596	0.04657697
1597	-0.02816854
1598	-0.01867562
1599	-0.01823328
1600	-0.01522824
1601	0.02951025
1602	0.00314559
1603	-0.02157141
1604	0.06223827
1605	-0.02567051
1606	-0.02323793
1607	-0.01520323
1608	-0.02635264
1609	0.01465640
1610	0.02796012
1611	-0.00573467
1612	0.03443948
1613	0.00230071
1614	-0.02210489
1615	-0.00659913
1616	-0.01992904
1617	-0.00505256
1618	0.03656700
1619	-0.00458124
1620	-0.00067765
1621	0.04521656
1622	-0.02352249
1623	-0.02053632
1624	-0.01534362
1625	-0.01795482
1626	0.03263966
1627	0.01027104
1628	-0.01300991
1629	0.06532761
1630	-0.01558638
1631	-0.01978468
1632	-0.01574024
1633	-0.01948659
1634	0.00942379
1635	0.02340292
1636	-0.01663779
1637	0.04010542
1638	-0.00499880
1639	-0.02566040
1640	-0.01203655
1641	-0.00443578
1642	-0.00562129
1643	0.03814885
1644	-0.00373076
1645	-0.00168442
1646	0.04369813
1647	-0.02363246
1648	-0.01610425
1649	-0.01443755
1650	-0.01232732
1651	0.01860549
1652	0.00534027
1653	-0.01927314
1654	0.06059735
1655	-0.02732550
1656	-0.02316877
1657	-0.01225699
1658	-0.02676840
1659	0.01053079
1660	0.00815514
1661	-0.01029313
1662	0.03798522
1663	-0.00405409
1664	-0.02588705
1665	-0.01002183
1666	-0.01684752
1667	-0.00127061
1668	0.03815434
1669	-0.00821078
1670	-0.01089666
1671	0.04045405
1672	-0.02519020
1673	-0.01633458
1674	-0.01434661
1675	-0.01773892
1676	0.03452868
1677	0.01218746
1678	-0.01012783
1679	0.06277963
1680	-0.02874843
1681	-0.02085647
1682	-0.01377998
1683	-0.01400059
1684	0.01372062
1685	0.02518147
1686	-0.01694784
1687	0.04299669
1688	-0.00236729
1689	-0.05041039
1690	-0.01820547
1691	-0.02497844
1692	-0.00422547
1693	0.03214620
1694	-0.00675628
1695	-0.00246089
1696	0.04178904
1697	-0.03130350
1698	-0.01915844
1699	-0.03222200
1700	-0.01391779
1701	0.02975349
1702	0.00726711
1703	-0.01837564
1704	0.06463591
1705	-0.02533449
1706	-0.01972348
1707	0.00109141
1708	-0.02188468
1709	0.02090163
1710	0.02868240
1711	-0.00401242
1712	0.04359517
1713	-0.00098423
1714	-0.02081951
1715	-0.00548378
1716	-0.01896413
1717	-0.00135397
1718	0.04440806
1719	-0.00479216
1720	-0.00054199
1721	0.03776734
1722	-0.02922476
1723	-0.01598348
1724	-0.02081728
1725	-0.01837253
1726	0.03544112
1727	0.01333969
1728	-0.01775934
1729	0.06503788
1730	-0.02310047
1731	-0.01585474
1732	-0.01329551
1733	-0.01231129
1734	0.01572037
1735	0.02898858
1736	-0.00892653
1737	0.04690498
1738	-0.00226036
1739	-0.02388240
1740	-0.01121151
1741	-0.02219482
1742	-0.00028759
1743	0.03896041
1744	-0.00087132
1745	0.00514135
1746	0.03592826
1747	-0.03796087
1748	-0.01940288
1749	-0.01646818
1750	-0.01312272
1751	0.02264021
1752	0.00158817
1753	-0.01786731
1754	0.06477625
1755	-0.02929552
1756	-0.02340468
1757	-0.02364260
1758	-0.03170761
1759	0.01120470
1760	0.02169247
1761	-0.01503032
1762	0.04240661
1763	-0.01027608
1764	-0.02240553
1765	0.00424377
1766	-0.02426840
1767	0.00058302
1768	0.03575407
1769	-0.00533117
1770	0.00730579
1771	0.03919241
1772	-0.02299606
1773	-0.01064224
1774	-0.01514027
1775	-0.01475388
1776	0.01027492
1777	0.01118646
1778	-0.00799650
1779	0.06645972
1780	-0.02072758
1781	-0.01415560
1782	-0.01637284
1783	-0.01369161
1784	0.01688682
1785	0.02307499
1786	-0.01408300
1787	0.04511916
1788	-0.00901994
1789	-0.02494140
1790	-0.01571783
1791	-0.02429022
1792	-0.00492817
1793	0.03629026
1794	-0.00936736
1795	0.00435511
1796	0.03299845
1797	-0.02783275
1798	-0.01751117
1799	-0.01978982
1800	-0.01577354
1801	0.03031460
1802	0.00129506
1803	-0.01861507
1804	0.05860160
1805	-0.03148132
1806	-0.02573137
1807	-0.01733705
1808	-0.02646802
1809	0.01500299
1810	0.02167416
1811	-0.01042472
1812	0.04691012
1813	-0.01215831
1814	-0.02369907
1815	-0.00046118
1816	-0.01977056
1817	-0.00254244
1818	0.03539463
1819	-0.00813266
1820	0.00895958
1821	0.03460872
1822	-0.02858708
1823	-0.02148385
1824	0.00210930
1825	-0.02368241
1826	0.03164995
1827	0.00905641
1828	-0.00978766
1829	0.06479981
1830	-0.02437055
1831	-0.01808051
1832	-0.01599893
1833	-0.01021237
1834	0.02363467
1835	0.02409232
1836	-0.01987655
1837	0.04915764
1838	-0.01234977
1839	-0.02687198
1840	-0.01301760
1841	-0.02711336
1842	0.00063282
1843	0.03406851
1844	-0.01171088
1845	0.00589017
1846	0.03206792
1847	-0.02361464
1848	-0.00704822
1849	-0.02293145
1850	-0.01348364
1851	0.03704736
1852	-0.00198378
1853	-0.01305313
1854	0.06250539
1855	-0.02707045
1856	-0.02437827
1857	-0.01687106
1858	-0.02708458
1859	0.01836962
1860	0.02280407
1861	-0.01187054
1862	0.04511248
1863	-0.01321126
1864	-0.02438301
1865	-0.01820219
1866	-0.02389497
1867	-0.00459200
1868	0.03437487
1869	-0.01199587
1870	0.00993713
1871	0.01569313
1872	-0.03037143
1873	-0.01942459
1874	-0.02160856
1875	-0.01710837
1876	0.03807517
1877	0.00823129
1878	-0.01002249
1879	0.06681610
1880	-0.02219673
1881	-0.01819677
1882	-0.01769749
1883	-0.01230910
1884	0.01909834
1885	0.02367898
1886	-0.01566100
1887	0.04943356
1888	-0.01185364
1889	-0.02573448
1890	-0.00876021
1891	-0.03014916
1892	-0.00272355
1893	0.03231286
1894	-0.00713275
1895	0.01160525
1896	0.02873846
1897	-0.02530869
1898	-0.01700967
1899	-0.01849265
1900	-0.01488576
1901	0.03227364
1902	0.01206967
1903	-0.01972888
1904	0.05880820
1905	-0.02679421
1906	-0.02469186
1907	-0.01854724
1908	-0.02898325
1909	0.01699960
1910	0.02212911
1911	-0.00534306
1912	0.04517385
1913	-0.01331086
1914	-0.02422653
1915	-0.01498491
1916	-0.01806937
1917	-0.00222881
1918	0.02813083
1919	-0.01024587
1920	0.00811699
1921	0.03244299
1922	-0.02650839
1923	-0.02090168
1924	-0.02013445
1925	-0.02016602
1926	0.03182114
1927	0.00643758
1928	-0.01091577
1929	0.06472897
1930	-0.02216545
1931	-0.01601526
1932	-0.00824988
1933	-0.01429761
1934	0.01964148
1935	0.02178883
1936	-0.01978866
1937	0.05240472
1938	-0.01334324
1939	-0.02831499
1940	-0.02032884
1941	-0.02489722
1942	-0.00420891
1943	0.02770931
1944	-0.00598034
1945	0.01010599
1946	0.02605376
1947	-0.02804722
1948	-0.01817636
1949	-0.01482892
1950	-0.01618528
1951	0.03159025
1952	0.00233804
1953	-0.01578831
1954	0.05494415
1955	-0.02966404
1956	-0.02414218
1957	-0.01574506
1958	-0.03147282
1959	0.00329534
1960	0.01114677
1961	-0.01352903
1962	0.04730000
1963	-0.01554668
1964	-0.02384449
1965	-0.01149579
1966	-0.02239452
1967	-0.00291170
1968	0.02675665
1969	-0.03062893
1970	0.01008762
1971	0.02420507
1972	-0.02683880
1973	-0.01759128
1974	-0.02217954
1975	-0.01638805
1976	0.03458639
1977	0.00393872
1978	-0.01302222
1979	0.05714224
1980	-0.02839661
1981	-0.01859184
1982	-0.01653003
1983	-0.01683131
1984	0.02020759
1985	0.01916087
1986	-0.02228442
1987	0.05222763
1988	-0.03645068
1989	-0.02507856
1990	-0.00965847
1991	-0.02382537
1992	0.00552402
1993	0.03480475
1994	-0.00363848
1995	0.01279323
1996	0.02251554
1997	-0.02277191
1998	-0.00353506
1999	-0.02253856
2000	-0.01101543
2001	0.03601779
2002	0.00255131
2003	-0.01539706
2004	0.05747150
2005	-0.03104770
2006	-0.01778544
2007	-0.02065510
2008	-0.01897634
2009	0.01795090
2010	0.01824296
2011	-0.01918005
2012	0.04617246
2013	-0.02191427
2014	-0.02881833
2015	-0.01085510
2016	-0.02298318
2017	-0.01058070
2018	0.03331219
2019	-0.01031428
2020	0.01529056
2021	0.02231954
2022	-0.02680111
2023	-0.01437263
2024	-0.01742436
2025	-0.01363620
2026	0.03277348
2027	0.01986572
2028	-0.00917282
2029	0.06320505
2030	-0.02345358
2031	-0.01677733
2032	-0.01069206
2033	-0.01550521
2034	0.02226426
2035	0.03779694
2036	-0.01699039
2037	0.05482626
2038	-0.01584152
2039	-0.02280068
2040	-0.01418955
2041	-0.02279199
2042	0.00157129
2043	0.03163596
2044	-0.00976197
2045	0.01074167
2046	0.02549962
2047	-0.02542039
2048	-0.01292003
2049	-0.02263325
2050	-0.01002742
2051	0.02990820
2052	0.00358773
2053	-0.01425567
2054	0.05987241
2055	-0.02799713
2056	-0.02135344
2057	-0.01573821
2058	-0.02212154
2059	0.02509335
2060	0.01797699
2061	-0.01002069
2062	0.05144871
2063	-0.01838986
2064	-0.02926328
2065	-0.01192753
2066	-0.02608293
2067	0.00400646
2068	0.03087742
2069	-0.01331893
2070	0.01864318
2071	0.01806504
2072	-0.03025751
2073	-0.02030615
2074	-0.03236379
2075	-0.02119446
2076	0.03098283
2077	0.00221511
2078	-0.01147713
2079	0.05583087
2080	-0.03005661
2081	-0.02279747
2082	-0.02021845
2083	-0.01776078
2084	0.01655434
2085	0.00325414
2086	-0.02021526
2087	0.05516307
2088	-0.01830757
2089	-0.02393251
2090	-0.01160817
2091	-0.02482776
2092	0.00501767
2093	0.03616095
2094	-0.00487755
2095	0.01861279
2096	0.02158125
2097	-0.02558506
2098	-0.01164069
2099	-0.01732751
2100	-0.00840855
2101	0.03589463
2102	-0.00045987
2103	-0.01188453
2104	0.06932399
2105	-0.03115401
2106	-0.02177958
2107	-0.01854995
2108	-0.02762161
2109	0.02067831
2110	0.01622410
2111	-0.01536724
2112	0.05044533
2113	-0.02280936
2114	-0.02367586
2115	-0.02003658
2116	-0.02014383
2117	-0.00265582
2118	0.02746447
2119	-0.01516955
2120	0.01604564
2121	0.00997839
2122	-0.02560558
2123	-0.00148790
2124	-0.02009506
2125	-0.01504802
2126	0.03837354
2127	0.00164873
2128	-0.01291071
2129	0.05952271
2130	-0.02753639
2131	-0.02163927
2132	-0.01832635
2133	-0.03094402
2134	0.01583140
2135	0.01283648
2136	-0.02191821
2137	0.05655248
2138	-0.02179995
2139	-0.02819823
2140	-0.00873761
2141	-0.02819738
2142	0.00662808
2143	0.03366855
2144	-0.00735927
2145	0.02087268
2146	0.01888538
2147	-0.02638881
2148	-0.01263196
2149	-0.02006938
2150	-0.01236618
2151	0.03169692
2152	-0.03437763
2153	-0.01276015
2154	0.06157261
2155	-0.02565700
2156	-0.02007845
2157	-0.01653364
2158	-0.02344236
2159	0.02301931
2160	0.01653605
2161	-0.01244950
2162	0.05015403
2163	-0.02007489
2164	-0.02234547
2165	-0.01724137
2166	-0.02164578
2167	0.00212474
2168	0.02737423
2169	-0.01251506
2170	0.00788571
2171	0.01126827
2172	-0.02843269
2173	-0.01785924
2174	-0.01758061
2175	-0.01175096
2176	0.03767332
2177	0.00510768
2178	-0.00456933
2179	0.05773748
2180	-0.02661138
2181	-0.02443304
2182	-0.01227328
2183	-0.01357592
2184	0.01913784
2185	0.01024693
2186	-0.02427838
2187	0.05464590
2188	-0.02342545
2189	-0.03020959
2190	-0.01318992
2191	-0.02122257
2192	0.00338171
2193	0.03325547
2194	-0.01028959
2195	0.01750158
2196	0.00734516
2197	-0.03028501
2198	-0.01464551
2199	-0.02450127
2200	-0.01380945
2201	0.03415491
2202	-0.00345083
2203	-0.01160639
2204	0.05408495
2205	-0.02718609
2206	-0.02117516
2207	-0.01690676
2208	-0.02252379
2209	0.02607965
2210	0.08256286
2211	-0.01308993
2212	0.05981383
2213	-0.01670744
2214	-0.01672546
2215	-0.01063613
2216	-0.01517098
2217	0.00768031
2218	0.02935135
2219	-0.00949754
2220	0.03722998
2221	0.01583309
2222	-0.02644074
2223	-0.01767754
2224	-0.02602744
2225	-0.01439980
2226	0.03245593
2227	0.00077136
2228	-0.00779618
2229	0.04822884
2230	-0.02889648
2231	-0.02019054
2232	-0.01823688
2233	-0.01715237
2234	0.01919451
2235	0.00817374
2236	-0.02314992
2237	0.05300528
2238	-0.01897892
2239	-0.01894427
2240	-0.02014775
2241	-0.02897434
2242	0.00120611
2243	0.02666563
2244	-0.01391793
2245	0.01954431
2246	0.01451345
2247	-0.01984664
2248	-0.01235936
2249	-0.02865646
2250	-0.00566948
2251	0.03989613
2252	0.00379055
2253	-0.00859725
2254	0.05460003
2255	-0.02525407
2256	-0.01756300
2257	-0.02108771
2258	-0.03074890
2259	0.02481717
2260	0.01877879
2261	-0.01484100
2262	0.05284551
2263	-0.01994046
2264	-0.02742097
2265	-0.01679739
2266	-0.01894689
2267	0.00185750
2268	0.02043444
2269	-0.01512860
2270	0.02380333
2271	0.00557667
2272	-0.02887725
2273	-0.01809340
2274	-0.02246036
2275	-0.01149491
2276	0.03676878
2277	0.00175148
2278	-0.00974375
2279	0.05451321
2280	-0.02509090
2281	-0.02093626
2282	-0.01739394
2283	-0.01417127
2284	0.02366039
2285	0.01330053
2286	-0.01879254
2287	0.04564213
2288	-0.02302628
2289	-0.02347737
2290	-0.01725782
2291	-0.02933344
2292	0.00605116
2293	0.02580765
2294	-0.01007721
2295	0.02219239
2296	0.00307185
2297	-0.02806033
2298	-0.01718251
2299	-0.02082802
2300	-0.01149831
2301	0.03844447
2302	-0.00381535
2303	-0.00980282
2304	0.04812625
2305	-0.00129814
2306	-0.01915727
2307	-0.00897633
2308	-0.01970761
2309	0.02657344
2310	0.01659695
2311	-0.01162668
2312	0.05660475
2313	-0.01675685
2314	-0.02081703
2315	-0.01724204
2316	0.00481949
2317	0.01165683
2318	0.02751546
2319	-0.01467960
2320	0.02762114
2321	0.00624829
2322	-0.02218224
2323	-0.01621636
2324	-0.02543403
2325	-0.01250314
2326	0.02768837
2327	0.00395193
2328	-0.00367032
2329	0.05437655
2330	-0.02433309
2331	-0.01523015
2332	-0.01363591
2333	-0.01648850
2334	0.03047762
2335	0.01351751
2336	-0.02436923
2337	0.05615623
2338	-0.02493100
2339	-0.02962537
2340	-0.01753183
2341	-0.03215211
2342	0.00108955
2343	0.02374821
2344	-0.01103010
2345	-0.00823984
2346	-0.00092311
2347	-0.03059010
2348	-0.01993711
2349	-0.02080736
2350	-0.01105803
2351	0.03590402
2352	-0.00502339
2353	-0.00689492
2354	0.05542077
2355	-0.03019576
2356	-0.01929245
2357	-0.01549357
2358	-0.02340731
2359	0.02617792
2360	0.01657351
2361	-0.01003647
2362	0.05996012
2363	-0.00782302
2364	-0.01796650
2365	-0.00407553
2366	-0.01421801
2367	0.01367141
2368	0.03106570
2369	-0.01252685
2370	0.03313986
2371	0.01253501
2372	-0.02429279
2373	-0.01347061
2374	-0.06091062
2375	-0.00703393
2376	0.03732844
2377	0.00061652
2378	-0.00431903
2379	0.05345066
2380	-0.02397695
2381	-0.02152310
2382	-0.02561334
2383	-0.01550956
2384	0.03444536
2385	0.00966613
2386	-0.02460311
2387	0.05460366
2388	-0.02675540
2389	-0.03041610
2390	-0.01419548
2391	-0.03216922
2392	0.00864447
2393	0.02561050
2394	-0.00987391
2395	0.03036686
2396	0.00623981
2397	-0.02342714
2398	-0.01226403
2399	-0.01647514
2400	-0.00653552
2401	0.03857058
2402	0.00221164
2403	-0.00632225
2404	0.05464286
2405	-0.02858275
2406	-0.02135156
2407	-0.02095746
2408	-0.02357228
2409	0.02368385
2410	0.01483072
2411	-0.01569389
2412	0.05730524
2413	-0.02159932
2414	-0.02322778
2415	-0.01641931
2416	-0.02044048
2417	0.00570315
2418	0.02527567
2419	-0.01674666
2420	0.02943801
2421	0.01478638
2422	-0.02245563
2423	-0.01618131
2424	-0.02397883
2425	-0.01060712
2426	0.04259062
2427	0.00346081
2428	0.00072910
2429	0.05766411
2430	-0.02300685
2431	-0.01102485
2432	0.00075405
2433	-0.01331618
2434	0.02968670
2435	0.01276436
2436	-0.01819696
2437	0.06120558
2438	-0.01793571
2439	-0.02546867
2440	-0.01949291
2441	-0.03035761
2442	0.00468122
2443	0.02284051
2444	-0.01737584
2445	0.02922098
2446	0.00039154
2447	-0.03305258
2448	-0.01642776
2449	-0.02431704
2450	-0.01318154
2451	0.01764303
2452	-0.00875059
2453	-0.00817204
2454	0.04705486
2455	-0.03026773
2456	-0.01986748
2457	-0.02043400
2458	-0.02249694
2459	0.02740705
2460	0.00986308
2461	0.00099701
2462	0.06471018
2463	-0.02085282
2464	-0.01926266
2465	-0.00789171
2466	-0.01627531
2467	0.01163919
2468	0.03527045
2469	-0.02311698
2470	0.03551207
2471	0.00665717
2472	-0.02069984
2473	-0.01038468
2474	-0.02011945
2475	-0.00595491
2476	0.03812291
2477	0.00228750
2478	-0.00212087
2479	0.05013485
2480	-0.00449876
2481	-0.01677669
2482	-0.01980624
2483	-0.01672817
2484	0.02400735
2485	0.00394138
2486	-0.02251356
2487	0.05722460
2488	-0.02608326
2489	-0.02459996
2490	-0.01052768
2491	-0.02549705
2492	0.01301386
2493	0.02455327
2494	-0.00962129
2495	0.03613020
2496	0.00265935
2497	-0.02107838
2498	-0.01766906
2499	-0.01611636
2500	-0.00607904
2501	0.03417273
2502	-0.00341443
2503	-0.00385834
2504	0.04451451
2505	-0.02771040
2506	-0.01834298
2507	-0.01952425
2508	-0.01678122
2509	0.04997892
2510	0.01380701
2511	-0.01759697
2512	0.05616942
2513	-0.02472073
2514	-0.02346176
2515	-0.01614924
2516	-0.01677233
2517	0.01267847
2518	0.03136443
2519	-0.01301556
2520	0.03607674
2521	0.00483187
2522	-0.02792671
2523	-0.00704323
2524	-0.02158454
2525	-0.00711794
2526	0.03946385
2527	0.00131852
2528	0.00660078
2529	0.05254267
2530	-0.02386895
2531	-0.01650571
2532	-0.01516525
2533	-0.01663072
2534	0.03022631
2535	0.00984854
2536	-0.02066673
2537	0.05937723
2538	-0.00383205
2539	-0.02497658
2540	-0.01883501
2541	-0.02981034
2542	0.00820768
2543	0.02268957
2544	-0.01065104
2545	0.03650429
2546	0.00242354
2547	-0.02176950
2548	-0.01967663
2549	-0.01905744
2550	-0.00544837
2551	0.03569532
2552	-0.00546781
2553	-0.00375912
2554	0.03965226
2555	-0.02716441
2556	-0.02092246
2557	-0.03025129
2558	-0.02338294
2559	0.02339394
2560	0.00823742
2561	-0.01483766
2562	0.05595338
2563	-0.02815933
2564	-0.02344112
2565	-0.01080077
2566	-0.02341114
2567	0.00452310
2568	0.02398702
2569	-0.02018561
2570	0.03397385
2571	-0.00618151
2572	-0.02865921
2573	-0.01144950
2574	-0.02523547
2575	-0.00584888
2576	0.03697374
2577	0.00576866
2578	0.00247401
2579	0.04485623
2580	-0.02442320
2581	-0.01253856
2582	-0.01405591
2583	-0.01168659
2584	0.03340210
2585	0.01059681
2586	-0.02643986
2587	0.06480483
2588	-0.02409334
2589	-0.02515897
2590	-0.01203757
2591	-0.02477477
2592	0.01911533
2593	0.02783493
2594	-0.00793934
2595	0.04187376
2596	-0.00600106
2597	-0.02515440
2598	-0.01811010
2599	-0.02095642
2600	-0.00851429
2601	0.03209814
2602	-0.00786253
2603	-0.00100801
2604	0.04372317
2605	-0.03014101
2606	-0.02175247
2607	-0.02479408
2608	-0.02421081
2609	0.02442388
2610	0.00790720
2611	-0.01999685
2612	0.06191924
2613	-0.02555289
2614	-0.02317117
2615	-0.01115286
2616	-0.01666907
2617	0.01214817
2618	0.02382715
2619	-0.01320599
2620	0.04149337
2621	0.00705591
2622	-0.02308283
2623	-0.00939325
2624	-0.01763582
2625	-0.00033167
2626	0.03840721
2627	-0.00066320
2628	0.00279531
2629	0.04048771
2630	-0.02348333
2631	-0.01017521
2632	-0.01756479
2633	-0.00403858
2634	0.02949290
2635	0.00354906
2636	-0.02118457
2637	0.05969891
2638	-0.02667199
2639	-0.02581933
2640	-0.01814067
2641	-0.02996596
2642	0.01265833
2643	0.02177408
2644	-0.01901029
2645	0.03913287
2646	-0.00793300
2647	-0.02409350
2648	-0.01972003
2649	-0.02257748
2650	-0.00192227
2651	0.03590961
2652	-0.00455807
2653	0.00654212
2654	0.03911196
2655	-0.02823205
2656	-0.01669168
2657	-0.01900339
2658	-0.01472463
2659	0.03056416
2660	0.01389780
2661	-0.01757050
2662	0.06529025
2663	-0.02521135
2664	-0.02834635
2665	-0.01158053
2666	-0.02004367
2667	0.00811732
2668	0.02428287
2669	-0.02006681
2670	0.04139281
2671	-0.00308896
2672	-0.03024306
2673	-0.00662046
2674	-0.02332820
2675	-0.00515327
2676	0.03293963
2677	-0.00430792
2678	0.00515868
2679	0.04264426
2680	-0.03063912
2681	-0.01545356
2682	-0.02498527
2683	-0.02059352
2684	0.02937504
2685	0.00634011
2686	-0.01689113
2687	0.06052615
2688	-0.02420048
2689	-0.02340804
2690	-0.01421857
2691	-0.01430732
2692	0.01833632
2693	0.03151789
2694	-0.01245146
2695	0.04491669
2696	-0.00549354
2697	-0.02125640
2698	-0.01663411
2699	-0.01920070
2700	-0.00065428
2701	0.03708990
2702	0.00621457
2703	0.00134267
2704	0.03544772
2705	-0.02829035
2706	-0.01927928
2707	-0.01666247
2708	-0.02126801
2709	0.03015609
2710	0.00712099
2711	-0.01633567
2712	0.05515739
2713	-0.02688535
2714	-0.02163389
2715	-0.01594567
2716	-0.01796268
2717	0.01049026
2718	0.02208014
2719	-0.02299391
2720	0.04498718
2721	-0.00273895
2722	-0.02622102
2723	-0.01116531
2724	-0.02639450
2725	-0.00790643
2726	0.03666821
2727	-0.00060780
2728	0.00549686
2729	0.03540292
2730	-0.02139626
2731	-0.01741770
2732	-0.02136310
2733	-0.01001226
2734	0.03010646
2735	0.00271603
2736	-0.01493822
2737	0.06237205
2738	-0.02692493
2739	-0.02228445
2740	-0.01705169
2741	-0.02936155
2742	0.01408699
2743	0.01969526
2744	-0.01195269
2745	0.04485478
2746	-0.01301490
2747	-0.02697632
2748	-0.01816159
2749	-0.01959071
2750	-0.01913082
2751	0.03554140
2752	-0.00997972
2753	0.00018432
2754	0.02749337
2755	-0.02962573
2756	-0.02361098
2757	-0.01973564
2758	-0.02084910
2759	0.02508156
2760	-0.00906814
2761	-0.01724434
2762	0.06180411
2763	-0.02473461
2764	-0.01939525
2765	-0.01589999
2766	-0.01315636
2767	0.01265613
2768	0.01163495
2769	-0.01486938
2770	0.03960248
2771	-0.00771334
2772	-0.02827980
2773	-0.01719827
2774	-0.02275118
2775	-0.00298708
2776	0.03297168
2777	-0.00572639
2778	0.00366058
2779	0.02649143
2780	-0.02494388
2781	-0.01946358
2782	-0.02092665
2783	-0.01458306
2784	0.03192901
2785	0.00731276
2786	-0.01921773
2787	0.06075902
2788	-0.02648293
2789	-0.02289321
2790	-0.01643467
2791	-0.02702394
2792	0.01639656
2793	0.02295855
2794	-0.00923588
2795	0.04232806
2796	-0.00272042
2797	-0.02314416
2798	-0.01476951
2799	-0.00885888
2800	-0.00201890
2801	0.03259084
2802	-0.00805460
2803	0.00596677
2804	0.03369588
2805	-0.02944468
2806	-0.02169299
2807	-0.01322048
2808	0.00274700
2809	0.02887918
2810	0.00367971
2811	-0.01431190
2812	0.06309018
2813	-0.02483775
2814	-0.01752018
2815	-0.01465260
2816	-0.01727576
2817	0.01621090
2818	0.02696258
2819	-0.01885387
2820	0.04159602
2821	-0.00554480
2822	-0.02592978
2823	-0.01537691
2824	-0.02650353
2825	-0.00074712
2826	0.02677299
2827	-0.00445064
2828	0.01109869
2829	0.02899975
2830	-0.02660513
2831	-0.01350923
2832	-0.01907244
2833	-0.01063934
2834	0.03473958
2835	0.00102124
2836	-0.01796685
2837	0.05737838
2838	-0.02853388
2839	-0.02530402
2840	-0.01470016
2841	-0.02304925
2842	0.01796319
2843	0.02341974
2844	-0.00961880
2845	0.04710251
2846	-0.00925201
2847	-0.02741127
2848	-0.01004639
2849	-0.01874604
2850	0.00089263
2851	0.03511736
2852	-0.00566185
2853	0.00915475
2854	0.03301666
2855	-0.03281551
2856	-0.02140398
2857	-0.02582426
2858	-0.02368159
2859	0.03098314
2860	0.00566802
2861	-0.01310741
2862	0.05938829
2863	-0.02898912
2864	-0.02485439
2865	-0.01078404
2866	-0.01727222
2867	0.01316108
2868	0.01851987
2869	-0.02041862
2870	0.04526649
2871	-0.00972450
2872	-0.02656548
2873	-0.01489579
2874	-0.02961264
2875	-0.00226422
2876	0.03041484
2877	-0.00771180
2878	0.01197524
2879	0.02726025
2880	-0.02685833
2881	-0.01870643
2882	-0.01996772
2883	-0.01293945
2884	0.02946304
2885	0.08703978
2886	-0.01723698
2887	0.06671391
2888	-0.02573578
2889	-0.02368593
2890	-0.01333230
2891	-0.02357999
2892	0.02120412
2893	0.02315391
2894	-0.01184282
2895	0.06225815
2896	-0.01096177
2897	-0.02138698
2898	-0.00644660
2899	-0.01901426
2900	0.00037317
2901	0.03654175
2902	-0.00887738
2903	0.01059454
2904	0.02559155
2905	-0.02822402
2906	-0.01737199
2907	-0.02271160
2908	-0.02050385
2909	0.02871945
2910	0.00371967
2911	-0.01674547
2912	0.05279246
2913	-0.02362507
2914	-0.01442621
2915	-0.01643890
2916	-0.02231181
2917	0.01031355
2918	0.01358252
2919	-0.02101862
2920	0.04826149
2921	-0.01521175
2922	-0.02874676
2923	-0.01397459
2924	-0.03805204
2925	0.00070471
2926	0.03869747
2927	-0.00389583
2928	0.01953536
2929	0.02992996
2930	-0.02051406
2931	-0.01159056
2932	-0.01296645
2933	-0.00766838
2934	0.03528909
2935	0.00583625
2936	-0.01183751
2937	0.06300591
2938	-0.02776699
2939	-0.02092537
2940	-0.01755318
2941	-0.02475584
2942	0.01597573
2943	-0.02591941
2944	-0.01616791
2945	0.04786695
2946	-0.01673978
2947	-0.02055290
2948	-0.01331382
2949	-0.01779372
2950	0.00187200
2951	0.03383592
2952	-0.01077817
2953	0.00248390
2954	0.03264529
2955	-0.02490491
2956	-0.00978197
2957	-0.01713572
2958	-0.01736082
2959	0.03285391
2960	0.01015771
2961	0.00165074
2962	0.06048191
2963	-0.02557682
2964	-0.02008659
2965	-0.01616165
2966	-0.01407186
2967	0.01577335
2968	0.01374708
2969	-0.02200203
2970	0.04552955
2971	-0.02104255
2972	-0.05255311
2973	-0.01958531
2974	-0.03003971
2975	-0.00574520
2976	0.02862758
2977	-0.00942757
2978	0.01013162
2979	0.01952551
2980	-0.02984670
2981	-0.01811900
2982	-0.00352759
2983	-0.00858361
2984	0.02830998
2985	0.00392065
2986	-0.01126227
2987	0.06244924
2988	-0.02428911
2989	-0.01857028
2990	-0.00683525
2991	-0.01797046
2992	0.02858404
2993	0.02446385
2994	-0.00903001
2995	0.05361491
2996	-0.00972862
2997	-0.01931729
2998	-0.00739641
2999	-0.01431811
3000	0.00395745