	C:\Users\jkuzm\OneDrive - University of Massachusetts\HRSL x UMILL-PUMA Fatigue - Fatigue\Data\F01\FR3_static1.c3d _ImpedanceExport
	LCAL2
	TARGET
	ORIGINAL
ITEM	Z
1	0.02348984
2	0.02346569
3	0.02349330
4	0.02348449
5	0.02350371
6	0.02350537
7	0.02350909
8	0.02350579
9	0.02349017
10	0.02352723
11	0.02351440
12	0.02355126
13	0.02354465
14	0.02356327
15	0.02355847
16	0.02357136
17	0.02356294
18	0.02354650
19	0.02358311
20	0.02357841
21	0.02360464
22	0.02357349
23	0.02361108
24	0.02357458
25	0.02360927
26	0.02361491
27	0.02362458
28	0.02363857
29	0.02362916
30	0.02362170
31	0.02365850
32	0.02364382
33	0.02368544
34	0.02369249
35	0.02369288
36	0.02373617
37	0.02373251
38	0.02375449
39	0.02374544
40	0.02379248
41	0.02378451
42	0.02378025
43	0.02379261
44	0.02384014
45	0.02382097
46	0.02382316
47	0.02385060
48	0.02387868
49	0.02388577
50	0.02389593
51	0.02388730
52	0.02391211
53	0.02391590
54	0.02394198
55	0.02394305
56	0.02396996
57	0.02399976
58	0.02402411
59	0.02403139
60	0.02402042
61	0.02407330
62	0.02404462
63	0.02405202
64	0.02404623
65	0.02407921
66	0.02411567
67	0.02410308
68	0.02408511
69	0.02407040
70	0.02409646
71	0.02404856
72	0.02407903
73	0.02407043
74	0.02407322
75	0.02406581
76	0.02405604
77	0.02407824
78	0.02406798
79	0.02406419
80	0.02408472
81	0.02406212
82	0.02410259
83	0.02410626
84	0.02405930
85	0.02408092
86	0.02410224
87	0.02406394
88	0.02408550
89	0.02407911
90	0.02404922
91	0.02413428
92	0.02407146
93	0.02407622
94	0.02412166
95	0.02410992
96	0.02410191
97	0.02406971
98	0.02404871
99	0.02410266
100	0.02406275
101	0.02407382
102	0.02410072
103	0.02409959
104	0.02409234
105	0.02414499
106	0.02407818
107	0.02409484
108	0.02411900
109	0.02412102
110	0.02414891
111	0.02409310
112	0.02408383
113	0.02415088
114	0.02416894
115	0.02412789
116	0.02415307
117	0.02411336
118	0.02414534
119	0.02411054
120	0.02411815
121	0.02413755
122	0.02411902
123	0.02417695
124	0.02410423
125	0.02413530
126	0.02413410
127	0.02410846
128	0.02410415
129	0.02409624
130	0.02408652
131	0.02415327
132	0.02413824
133	0.02415193
134	0.02413921
135	0.02413611
136	0.02419668
137	0.02417759
138	0.02414662
139	0.02415497
140	0.02418827
141	0.02418531
142	0.02418182
143	0.02418365
144	0.02417706
145	0.02417518
146	0.02421409
147	0.02424964
148	0.02416502
149	0.02420404
150	0.02413630
151	0.02423664
152	0.02423039
153	0.02421281
154	0.02419915
155	0.02420911
156	0.02420689
157	0.02422644
158	0.02421994
159	0.02421739
160	0.02420886
161	0.02420637
162	0.02416261
163	0.02415822
164	0.02417942
165	0.02420788
166	0.02420093
167	0.02424086
168	0.02424010
169	0.02422615
170	0.02425195
171	0.02419514
172	0.02423522
173	0.02422312
174	0.02422820
175	0.02424337
176	0.02426209
177	0.02425049
178	0.02425963
179	0.02424569
180	0.02426925
181	0.02425764
182	0.02426825
183	0.02423876
184	0.02423139
185	0.02423436
186	0.02421687
187	0.02424892
188	0.02422516
189	0.02423865
190	0.02426065
191	0.02425744
192	0.02429221
193	0.02422789
194	0.02423798
195	0.02425326
196	0.02425932
197	0.02426164
198	0.02427275
199	0.02427324
200	0.02427463
201	0.02429424
202	0.02428246
203	0.02430933
204	0.02428628
205	0.02425612
206	0.02425496
207	0.02429149
208	0.02423804
209	0.02422177
210	0.02429198
211	0.02430816
212	0.02430886
213	0.02431459
214	0.02431936
215	0.02430138
216	0.02429918
217	0.02429892
218	0.02433423
219	0.02434685
220	0.02433009
221	0.02435404
222	0.02439191
223	0.02436384
224	0.02440190
225	0.02439241
226	0.02436612
227	0.02438752
228	0.02441961
229	0.02440565
230	0.02439061
231	0.02438917
232	0.02439650
233	0.02438897
234	0.02442067
235	0.02440348
236	0.02442057
237	0.02439186
238	0.02442517
239	0.02441549
240	0.02440618
241	0.02437993
242	0.02441733
243	0.02441506
244	0.02440730
245	0.02442485
246	0.02445529
247	0.02443985
248	0.02443005
249	0.02445387
250	0.02445724
251	0.02441011
252	0.02445970
253	0.02447503
254	0.02448052
255	0.02446431
256	0.02446610
257	0.02449118
258	0.02448212
259	0.02448173
260	0.02449782
261	0.02445782
262	0.02449161
263	0.02450609
264	0.02450826
265	0.02452590
266	0.02452412
267	0.02453709
268	0.02454176
269	0.02451378
270	0.02452253
271	0.02453613
272	0.02449752
273	0.02452040
274	0.02451512
275	0.02450214
276	0.02453513
277	0.02456174
278	0.02455522
279	0.02454993
280	0.02455649
281	0.02455630
282	0.02455708
283	0.02455966
284	0.02455445
285	0.02457306
286	0.02459096
287	0.02457635
288	0.02458941
289	0.02457319
290	0.02458264
291	0.02461943
292	0.02460484
293	0.02458800
294	0.02461672
295	0.02461603
296	0.02461669
297	0.02461011
298	0.02462774
299	0.02462306
300	0.02461941
301	0.02463409
302	0.02466923
303	0.02461223
304	0.02460314
305	0.02465374
306	0.02468046
307	0.02463887
308	0.02464448
309	0.02464097
310	0.02465154
311	0.02466661
312	0.02467734
313	0.02464831
314	0.02465715
315	0.02464595
316	0.02463860
317	0.02464330
318	0.02464134
319	0.02464393
320	0.02467098
321	0.02463862
322	0.02464853
323	0.02467030
324	0.02463116
325	0.02465493
326	0.02463214
327	0.02465628
328	0.02464046
329	0.02462690
330	0.02463301
331	0.02462624
332	0.02467181
333	0.02464854
334	0.02464143
335	0.02467022
336	0.02465051
337	0.02465150
338	0.02464361
339	0.02465829
340	0.02463249
341	0.02465735
342	0.02464157
343	0.02465764
344	0.02465080
345	0.02467733
346	0.02464542
347	0.02465614
348	0.02466367
349	0.02466504
350	0.02467650
351	0.02468488
352	0.02469336
353	0.02470570
354	0.02471769
355	0.02469158
356	0.02474706
357	0.02474036
358	0.02471028
359	0.02475797
360	0.02472852
361	0.02477283
362	0.02476232
363	0.02475039
364	0.02477760
365	0.02478368
366	0.02479454
367	0.02477720
368	0.02480547
369	0.02482892
370	0.02480371
371	0.02480378
372	0.02481742
373	0.02480830
374	0.02481017
375	0.02482576
376	0.02481287
377	0.02481607
378	0.02482321
379	0.02480982
380	0.02481547
381	0.02485480
382	0.02484260
383	0.02482986
384	0.02484257
385	0.02485006
386	0.02483472
387	0.02483245
388	0.02487906
389	0.02482883
390	0.02484371
391	0.02484549
392	0.02484676
393	0.02486172
394	0.02485515
395	0.02483843
396	0.02479593
397	0.02482601
398	0.02482946
399	0.02479772
400	0.02479625
401	0.02480526
402	0.02478113
403	0.02476970
404	0.02475240
405	0.02471085
406	0.02470810
407	0.02473411
408	0.02471955
409	0.02470444
410	0.02468341
411	0.02468572
412	0.02470409
413	0.02463513
414	0.02467109
415	0.02463879
416	0.02464726
417	0.02461055
418	0.02462877
419	0.02464082
420	0.02464287
421	0.02460919
422	0.02459772
423	0.02460949
424	0.02461684
425	0.02460623
426	0.02457720
427	0.02458316
428	0.02453584
429	0.02455975
430	0.02457979
431	0.02457345
432	0.02460280
433	0.02458378
434	0.02459089
435	0.02460326
436	0.02459659
437	0.02457441
438	0.02457602
439	0.02452701
440	0.02459712
441	0.02454746
442	0.02457214
443	0.02458413
444	0.02456603
445	0.02460918
446	0.02455780
447	0.02456947
448	0.02455538
449	0.02457632
450	0.02457723
451	0.02455628
452	0.02456538
453	0.02454898
454	0.02454995
455	0.02456298
456	0.02456245
457	0.02453616
458	0.02454912
459	0.02457216
460	0.02455144
461	0.02454247
462	0.02455934
463	0.02458642
464	0.02455924
465	0.02456892
466	0.02455451
467	0.02456815
468	0.02455576
469	0.02456203
470	0.02453990
471	0.02454545
472	0.02454055
473	0.02454940
474	0.02456764
475	0.02457209
476	0.02458157
477	0.02455343
478	0.02456035
479	0.02457209
480	0.02457551
481	0.02455791
482	0.02457937
483	0.02457552
484	0.02456005
485	0.02457449
486	0.02456871
487	0.02456096
488	0.02455944
489	0.02458185
490	0.02457419
491	0.02454934
492	0.02457144
493	0.02453629
494	0.02455463
495	0.02455728
496	0.02455242
497	0.02455877
498	0.02457934
499	0.02455067
500	0.02459554
501	0.02457731
502	0.02456416
503	0.02456399
504	0.02453613
505	0.02454520
506	0.02452980
507	0.02454756
508	0.02452681
509	0.02452554
510	0.02451827
511	0.02447993
512	0.02449486
513	0.02445289
514	0.02448089
515	0.02447006
516	0.02445911
517	0.02450250
518	0.02448144
519	0.02448884
520	0.02447638
521	0.02445977
522	0.02446090
523	0.02448358
524	0.02444730
525	0.02444358
526	0.02445007
527	0.02442297
528	0.02442946
529	0.02442758
530	0.02443200
531	0.02442623
532	0.02444445
533	0.02444248
534	0.02443047
535	0.02442627
536	0.02442294
537	0.02440658
538	0.02440793
539	0.02440948
540	0.02438482
541	0.02443345
542	0.02444056
543	0.02441326
544	0.02443960
545	0.02443216
546	0.02443147
547	0.02442982
548	0.02438372
549	0.02440552
550	0.02441059
551	0.02440458
552	0.02439657
553	0.02439081
554	0.02436848
555	0.02438267
556	0.02435177
557	0.02436138
558	0.02436960
559	0.02440597
560	0.02437495
561	0.02437743
562	0.02435179
563	0.02437144
564	0.02436547
565	0.02437995
566	0.02438977
567	0.02438929
568	0.02440219
569	0.02439401
570	0.02439458
571	0.02438633
572	0.02437599
573	0.02435915
574	0.02438912
575	0.02440424
576	0.02441163
577	0.02441314
578	0.02440387
579	0.02439731
580	0.02438884
581	0.02437825
582	0.02439570
583	0.02440936
584	0.02443126
585	0.02435330
586	0.02439322
587	0.02439522
588	0.02437419
589	0.02439500
590	0.02436175
591	0.02436705
592	0.02439326
593	0.02436267
594	0.02437233
595	0.02433826
596	0.02435919
597	0.02429577
598	0.02430825
599	0.02429475
600	0.02430953