	C:\Users\jkuzm\OneDrive - University of Massachusetts\HRSL x UMILL-PUMA Fatigue - Fatigue\Data\F01\FR3_static1.c3d _ImpedanceExport
	RMT5H
	TARGET
	ORIGINAL
ITEM	Z
1	0.02772975
2	0.02770730
3	0.02773781
4	0.02772053
5	0.02767834
6	0.02766226
7	0.02765505
8	0.02767234
9	0.02766681
10	0.02766523
11	0.02764694
12	0.02765488
13	0.02762552
14	0.02765488
15	0.02762547
16	0.02763701
17	0.02763344
18	0.02762846
19	0.02763902
20	0.02764194
21	0.02761576
22	0.02763158
23	0.02762240
24	0.02762312
25	0.02761952
26	0.02761125
27	0.02761887
28	0.02761006
29	0.02765210
30	0.02760690
31	0.02760339
32	0.02761264
33	0.02761710
34	0.02759572
35	0.02759548
36	0.02760345
37	0.02760146
38	0.02762468
39	0.02758755
40	0.02761432
41	0.02760106
42	0.02759563
43	0.02759211
44	0.02760940
45	0.02760200
46	0.02757820
47	0.02759337
48	0.02760477
49	0.02756929
50	0.02759227
51	0.02758486
52	0.02757104
53	0.02757967
54	0.02757466
55	0.02758542
56	0.02758165
57	0.02755365
58	0.02757108
59	0.02756315
60	0.02755539
61	0.02757163
62	0.02755930
63	0.02755675
64	0.02755822
65	0.02756409
66	0.02755331
67	0.02758933
68	0.02757525
69	0.02758062
70	0.02758757
71	0.02757159
72	0.02755396
73	0.02755901
74	0.02756760
75	0.02754430
76	0.02756159
77	0.02755853
78	0.02754852
79	0.02756338
80	0.02756217
81	0.02755284
82	0.02755100
83	0.02754767
84	0.02754257
85	0.02754569
86	0.02755196
87	0.02755205
88	0.02753576
89	0.02755998
90	0.02757723
91	0.02755531
92	0.02756719
93	0.02753896
94	0.02755153
95	0.02754190
96	0.02752315
97	0.02752703
98	0.02753043
99	0.02752820
100	0.02753507
101	0.02754068
102	0.02754567
103	0.02754305
104	0.02756794
105	0.02754789
106	0.02754884
107	0.02755062
108	0.02756670
109	0.02754089
110	0.02757165
111	0.02754378
112	0.02754208
113	0.02754011
114	0.02753828
115	0.02753661
116	0.02755364
117	0.02753767
118	0.02753045
119	0.02752147
120	0.02752302
121	0.02752757
122	0.02752813
123	0.02753367
124	0.02754211
125	0.02756255
126	0.02753535
127	0.02752776
128	0.02753019
129	0.02752837
130	0.02751472
131	0.02749676
132	0.02751445
133	0.02751640
134	0.02752451
135	0.02753726
136	0.02752544
137	0.02752021
138	0.02754126
139	0.02750732
140	0.02752309
141	0.02752181
142	0.02751071
143	0.02752237
144	0.02752950
145	0.02752925
146	0.02751263
147	0.02752639
148	0.02750385
149	0.02752638
150	0.02752032
151	0.02749533
152	0.02753730
153	0.02751428
154	0.02751419
155	0.02752953
156	0.02751982
157	0.02751049
158	0.02754038
159	0.02750374
160	0.02748815
161	0.02752137
162	0.02750662
163	0.02750124
164	0.02751138
165	0.02751157
166	0.02751334
167	0.02751282
168	0.02751728
169	0.02753743
170	0.02751497
171	0.02751716
172	0.02750869
173	0.02750098
174	0.02752312
175	0.02751835
176	0.02754292
177	0.02753302
178	0.02751553
179	0.02750955
180	0.02752774
181	0.02750808
182	0.02752857
183	0.02751556
184	0.02752153
185	0.02751191
186	0.02749948
187	0.02750034
188	0.02751418
189	0.02752022
190	0.02751991
191	0.02753422
192	0.02751338
193	0.02750875
194	0.02750526
195	0.02751701
196	0.02750826
197	0.02751334
198	0.02750905
199	0.02749786
200	0.02751620
201	0.02747887
202	0.02752132
203	0.02751519
204	0.02751257
205	0.02749221
206	0.02748912
207	0.02750616
208	0.02748651
209	0.02749466
210	0.02751022
211	0.02750833
212	0.02750641
213	0.02751199
214	0.02748512
215	0.02748395
216	0.02748620
217	0.02749298
218	0.02745763
219	0.02749009
220	0.02749915
221	0.02749944
222	0.02747768
223	0.02749483
224	0.02748672
225	0.02748374
226	0.02748082
227	0.02749532
228	0.02747128
229	0.02745601
230	0.02748483
231	0.02747012
232	0.02747889
233	0.02749141
234	0.02748137
235	0.02745633
236	0.02750759
237	0.02749114
238	0.02746278
239	0.02744449
240	0.02746782
241	0.02747183
242	0.02747170
243	0.02748127
244	0.02746623
245	0.02747981
246	0.02747531
247	0.02747108
248	0.02745979
249	0.02746880
250	0.02745397
251	0.02745295
252	0.02745837
253	0.02743804
254	0.02744931
255	0.02746655
256	0.02745854
257	0.02747523
258	0.02745666
259	0.02747457
260	0.02745237
261	0.02745549
262	0.02745040
263	0.02744737
264	0.02744663
265	0.02745831
266	0.02746033
267	0.02745870
268	0.02745835
269	0.02747684
270	0.02746966
271	0.02747397
272	0.02743974
273	0.02744681
274	0.02743709
275	0.02743984
276	0.02745678
277	0.02742597
278	0.02745052
279	0.02746580
280	0.02746001
281	0.02744742
282	0.02745079
283	0.02745625
284	0.02744537
285	0.02746099
286	0.02745083
287	0.02749049
288	0.02745613
289	0.02747173
290	0.02747261
291	0.02745368
292	0.02747521
293	0.02745867
294	0.02746417
295	0.02745446
296	0.02742703
297	0.02746249
298	0.02744646
299	0.02745128
300	0.02746859
301	0.02745249
302	0.02746151
303	0.02746419
304	0.02746683
305	0.02747531
306	0.02746251
307	0.02744327
308	0.02745847
309	0.02744717
310	0.02746128
311	0.02745590
312	0.02747320
313	0.02745181
314	0.02745946
315	0.02746077
316	0.02745004
317	0.02743870
318	0.02745657
319	0.02745258
320	0.02742933
321	0.02745854
322	0.02745401
323	0.02747619
324	0.02746564
325	0.02746691
326	0.02743868
327	0.02744184
328	0.02742645
329	0.02742646
330	0.02745356
331	0.02742210
332	0.02741853
333	0.02744176
334	0.02747082
335	0.02746434
336	0.02746800
337	0.02745386
338	0.02745305
339	0.02744213
340	0.02744004
341	0.02743893
342	0.02748253
343	0.02742804
344	0.02743830
345	0.02743487
346	0.02745845
347	0.02746737
348	0.02744617
349	0.02745900
350	0.02744817
351	0.02741287
352	0.02746192
353	0.02743628
354	0.02741079
355	0.02745757
356	0.02744574
357	0.02742795
358	0.02745000
359	0.02742343
360	0.02743541
361	0.02742467
362	0.02741555
363	0.02744569
364	0.02747109
365	0.02746001
366	0.02744462
367	0.02745362
368	0.02744265
369	0.02746121
370	0.02747265
371	0.02745224
372	0.02743253
373	0.02744017
374	0.02741215
375	0.02742571
376	0.02742596
377	0.02745765
378	0.02744448
379	0.02744489
380	0.02743269
381	0.02742986
382	0.02741712
383	0.02742102
384	0.02742174
385	0.02743626
386	0.02743279
387	0.02742247
388	0.02741628
389	0.02745156
390	0.02743969
391	0.02744851
392	0.02744143
393	0.02742847
394	0.02743550
395	0.02742428
396	0.02743197
397	0.02745863
398	0.02743507
399	0.02744534
400	0.02744283
401	0.02744252
402	0.02743531
403	0.02745744
404	0.02744955
405	0.02745829
406	0.02743787
407	0.02745110
408	0.02745821
409	0.02744302
410	0.02747403
411	0.02747100
412	0.02746406
413	0.02744682
414	0.02745128
415	0.02747569
416	0.02744166
417	0.02747579
418	0.02746283
419	0.02750585
420	0.02745270
421	0.02748957
422	0.02751441
423	0.02751349
424	0.02750170
425	0.02749087
426	0.02746134
427	0.02748604
428	0.02749516
429	0.02748299
430	0.02749392
431	0.02750329
432	0.02749988
433	0.02748605
434	0.02751017
435	0.02750323
436	0.02749262
437	0.02748350
438	0.02749367
439	0.02747772
440	0.02748325
441	0.02746923
442	0.02746447
443	0.02746754
444	0.02746654
445	0.02745854
446	0.02745526
447	0.02747243
448	0.02746008
449	0.02747206
450	0.02747025
451	0.02744448
452	0.02743906
453	0.02743564
454	0.02745625
455	0.02745454
456	0.02742661
457	0.02745717
458	0.02746168
459	0.02745231
460	0.02743575
461	0.02746717
462	0.02745879
463	0.02746177
464	0.02746515
465	0.02745898
466	0.02747788
467	0.02747745
468	0.02747081
469	0.02745195
470	0.02746480
471	0.02746131
472	0.02746450
473	0.02744883
474	0.02747149
475	0.02745468
476	0.02746264
477	0.02745013
478	0.02745074
479	0.02748820
480	0.02744251
481	0.02747808
482	0.02744727
483	0.02746505
484	0.02742418
485	0.02744458
486	0.02744239
487	0.02744917
488	0.02744176
489	0.02743670
490	0.02742283
491	0.02743648
492	0.02744456
493	0.02744718
494	0.02745195
495	0.02742771
496	0.02744657
497	0.02743065
498	0.02744841
499	0.02744057
500	0.02742373
501	0.02744176
502	0.02742399
503	0.02744623
504	0.02743067
505	0.02743981
506	0.02743250
507	0.02742401
508	0.02743841
509	0.02746421
510	0.02748695
511	0.02748197
512	0.02746058
513	0.02744143
514	0.02743924
515	0.02744251
516	0.02742854
517	0.02745562
518	0.02746113
519	0.02748071
520	0.02746950
521	0.02746049
522	0.02747563
523	0.02745132
524	0.02747094
525	0.02747084
526	0.02746464
527	0.02746593
528	0.02746999
529	0.02747047
530	0.02746623
531	0.02747980
532	0.02748305
533	0.02748588
534	0.02747565
535	0.02748018
536	0.02747722
537	0.02748179
538	0.02746768
539	0.02747383
540	0.02748801
541	0.02748472
542	0.02749311
543	0.02750849
544	0.02751839
545	0.02751216
546	0.02750281
547	0.02749447
548	0.02747950
549	0.02749882
550	0.02750704
551	0.02750134
552	0.02751436
553	0.02751590
554	0.02748346
555	0.02748425
556	0.02749550
557	0.02749020
558	0.02749880
559	0.02746938
560	0.02749457
561	0.02749282
562	0.02750048
563	0.02750400
564	0.02750838
565	0.02749231
566	0.02749650
567	0.02750549
568	0.02749958
569	0.02749436
570	0.02748990
571	0.02747376
572	0.02748485
573	0.02746100
574	0.02747495
575	0.02746913
576	0.02748662
577	0.02748519
578	0.02747894
579	0.02748089
580	0.02749934
581	0.02749549
582	0.02748031
583	0.02748806
584	0.02749821
585	0.02749870
586	0.02749434
587	0.02751852
588	0.02749786
589	0.02751662
590	0.02750007
591	0.02747582
592	0.02749179
593	0.02749695
594	0.02750005
595	0.02749259
596	0.02749182
597	0.02749618
598	0.02748201
599	0.02749538
600	0.02749585