	C:\Users\jkuzm\OneDrive - University of Massachusetts\HRSL x UMILL-PUMA Fatigue - Fatigue\Data\F01\FR3_static1.c3d _ImpedanceExport
	RCAL2
	TARGET
	ORIGINAL
ITEM	Y
1	0.28277567
2	0.28276381
3	0.28279051
4	0.28277814
5	0.28284371
6	0.28282654
7	0.28282771
8	0.28281459
9	0.28283194
10	0.28282821
11	0.28284067
12	0.28283477
13	0.28286815
14	0.28287485
15	0.28286216
16	0.28284973
17	0.28286099
18	0.28287733
19	0.28287590
20	0.28285268
21	0.28288066
22	0.28286833
23	0.28286597
24	0.28287205
25	0.28289169
26	0.28288808
27	0.28289661
28	0.28288212
29	0.28289503
30	0.28291476
31	0.28290462
32	0.28291574
33	0.28291297
34	0.28290492
35	0.28293821
36	0.28291690
37	0.28291258
38	0.28293958
39	0.28293598
40	0.28293431
41	0.28296125
42	0.28295973
43	0.28294909
44	0.28297722
45	0.28297862
46	0.28298613
47	0.28298584
48	0.28297260
49	0.28301951
50	0.28299570
51	0.28301132
52	0.28301376
53	0.28302318
54	0.28302339
55	0.28303438
56	0.28302655
57	0.28304595
58	0.28305548
59	0.28305948
60	0.28306025
61	0.28306955
62	0.28308675
63	0.28308508
64	0.28306490
65	0.28307739
66	0.28307730
67	0.28307748
68	0.28308627
69	0.28306109
70	0.28307563
71	0.28309026
72	0.28306943
73	0.28308210
74	0.28305531
75	0.28306898
76	0.28308022
77	0.28308034
78	0.28307384
79	0.28307688
80	0.28309196
81	0.28309628
82	0.28308573
83	0.28309974
84	0.28309056
85	0.28310755
86	0.28309217
87	0.28307092
88	0.28309125
89	0.28308362
90	0.28308207
91	0.28307611
92	0.28307509
93	0.28309849
94	0.28309038
95	0.28310254
96	0.28308338
97	0.28308445
98	0.28307891
99	0.28307235
100	0.28307480
101	0.28309527
102	0.28309059
103	0.28309149
104	0.28310716
105	0.28310555
106	0.28308457
107	0.28309482
108	0.28308517
109	0.28308550
110	0.28309336
111	0.28309873
112	0.28310454
113	0.28310251
114	0.28311184
115	0.28308669
116	0.28310457
117	0.28310576
118	0.28308803
119	0.28310964
120	0.28313792
121	0.28312105
122	0.28311759
123	0.28311321
124	0.28311938
125	0.28310323
126	0.28310233
127	0.28312218
128	0.28312230
129	0.28310680
130	0.28311160
131	0.28310892
132	0.28311312
133	0.28312394
134	0.28312609
135	0.28312802
136	0.28313616
137	0.28313893
138	0.28315255
139	0.28313902
140	0.28314650
141	0.28313801
142	0.28314728
143	0.28313532
144	0.28312990
145	0.28313789
146	0.28313917
147	0.28313172
148	0.28314334
149	0.28315440
150	0.28314024
151	0.28315896
152	0.28314146
153	0.28315592
154	0.28314188
155	0.28315070
156	0.28314704
157	0.28314805
158	0.28313878
159	0.28314719
160	0.28312775
161	0.28313318
162	0.28313223
163	0.28314084
164	0.28316298
165	0.28315198
166	0.28316092
167	0.28316450
168	0.28316751
169	0.28314883
170	0.28314322
171	0.28317052
172	0.28314909
173	0.28316432
174	0.28316030
175	0.28316358
176	0.28316975
177	0.28319469
178	0.28317207
179	0.28320253
180	0.28316823
181	0.28316259
182	0.28317028
183	0.28317454
184	0.28317669
185	0.28317428
186	0.28318867
187	0.28319082
188	0.28318137
189	0.28317055
190	0.28319287
191	0.28319108
192	0.28320289
193	0.28319579
194	0.28319535
195	0.28319103
196	0.28319764
197	0.28318512
198	0.28319988
199	0.28318563
200	0.28318688
201	0.28320512
202	0.28319260
203	0.28319749
204	0.28320649
205	0.28321174
206	0.28321800
207	0.28319517
208	0.28320006
209	0.28320724
210	0.28320733
211	0.28320593
212	0.28322271
213	0.28320739
214	0.28321436
215	0.28321201
216	0.28322485
217	0.28322712
218	0.28321770
219	0.28324461
220	0.28322688
221	0.28323048
222	0.28324091
223	0.28322548
224	0.28321362
225	0.28322285
226	0.28324050
227	0.28323230
228	0.28325394
229	0.28325614
230	0.28324255
231	0.28325054
232	0.28324857
233	0.28326371
234	0.28325835
235	0.28328848
236	0.28326592
237	0.28326365
238	0.28326607
239	0.28327763
240	0.28327397
241	0.28328562
242	0.28330269
243	0.28329286
244	0.28331125
245	0.28330070
246	0.28330711
247	0.28329322
248	0.28329811
249	0.28329152
250	0.28332227
251	0.28330570
252	0.28330582
253	0.28330806
254	0.28332108
255	0.28332967
256	0.28332564
257	0.28334486
258	0.28333554
259	0.28333044
260	0.28333774
261	0.28336588
262	0.28334174
263	0.28336459
264	0.28336608
265	0.28338912
266	0.28340560
267	0.28341138
268	0.28341502
269	0.28340963
270	0.28343576
271	0.28340641
272	0.28340960
273	0.28340796
274	0.28342718
275	0.28339812
276	0.28339788
277	0.28340262
278	0.28340048
279	0.28339794
280	0.28341097
281	0.28341442
282	0.28339186
283	0.28338704
284	0.28341791
285	0.28338197
286	0.28341180
287	0.28340468
288	0.28341919
289	0.28339729
290	0.28340751
291	0.28340706
292	0.28341410
293	0.28341824
294	0.28341222
295	0.28343174
296	0.28342193
297	0.28342175
298	0.28343630
299	0.28343177
300	0.28344578
301	0.28342196
302	0.28343925
303	0.28344944
304	0.28345481
305	0.28346708
306	0.28343940
307	0.28344336
308	0.28345639
309	0.28345436
310	0.28345320
311	0.28344822
312	0.28345475
313	0.28345552
314	0.28346780
315	0.28345618
316	0.28346014
317	0.28344291
318	0.28345099
319	0.28346390
320	0.28345552
321	0.28344956
322	0.28343678
323	0.28345200
324	0.28345400
325	0.28343734
326	0.28344759
327	0.28345078
328	0.28343594
329	0.28344756
330	0.28344733
331	0.28346455
332	0.28346407
333	0.28346971
334	0.28346190
335	0.28347754
336	0.28346092
337	0.28346372
338	0.28345361
339	0.28347635
340	0.28346923
341	0.28344399
342	0.28346890
343	0.28345743
344	0.28348830
345	0.28348577
346	0.28347000
347	0.28348842
348	0.28347802
349	0.28347918
350	0.28347522
351	0.28347751
352	0.28348857
353	0.28349230
354	0.28349936
355	0.28349528
356	0.28349623
357	0.28350541
358	0.28349209
359	0.28350610
360	0.28351274
361	0.28351402
362	0.28353170
363	0.28351876
364	0.28350958
365	0.28349128
366	0.28350109
367	0.28349087
368	0.28347743
369	0.28351805
370	0.28351012
371	0.28350085
372	0.28350878
373	0.28350860
374	0.28350723
375	0.28351325
376	0.28350708
377	0.28352702
378	0.28352007
379	0.28350866
380	0.28353354
381	0.28352010
382	0.28350294
383	0.28351915
384	0.28350723
385	0.28353700
386	0.28353220
387	0.28352222
388	0.28352368
389	0.28352609
390	0.28352499
391	0.28353015
392	0.28351995
393	0.28353551
394	0.28353575
395	0.28352123
396	0.28350443
397	0.28352866
398	0.28353503
399	0.28352511
400	0.28352258
401	0.28351229
402	0.28351250
403	0.28352219
404	0.28350726
405	0.28349108
406	0.28348470
407	0.28348181
408	0.28348875
409	0.28345853
410	0.28345925
411	0.28344348
412	0.28344548
413	0.28343546
414	0.28344396
415	0.28342488
416	0.28340495
417	0.28342605
418	0.28342780
419	0.28343582
420	0.28342187
421	0.28341740
422	0.28340533
423	0.28339899
424	0.28339890
425	0.28337350
426	0.28337502
427	0.28338069
428	0.28338239
429	0.28337657
430	0.28339207
431	0.28338882
432	0.28338587
433	0.28338796
434	0.28337416
435	0.28338590
436	0.28338993
437	0.28338581
438	0.28339186
439	0.28340644
440	0.28340980
441	0.28339306
442	0.28339571
443	0.28338730
444	0.28341341
445	0.28339303
446	0.28339082
447	0.28338104
448	0.28340057
449	0.28340989
450	0.28341672
451	0.28340173
452	0.28340778
453	0.28340784
454	0.28340468
455	0.28341198
456	0.28342235
457	0.28341305
458	0.28342587
459	0.28343037
460	0.28341725
461	0.28343505
462	0.28341311
463	0.28340858
464	0.28343064
465	0.28341594
466	0.28342855
467	0.28343964
468	0.28343466
469	0.28341255
470	0.28343832
471	0.28340721
472	0.28343016
473	0.28341720
474	0.28342330
475	0.28343424
476	0.28341225
477	0.28343821
478	0.28343454
479	0.28343931
480	0.28342444
481	0.28342912
482	0.28343758
483	0.28342405
484	0.28342238
485	0.28342605
486	0.28340641
487	0.28340876
488	0.28342640
489	0.28342262
490	0.28342390
491	0.28343701
492	0.28343505
493	0.28343129
494	0.28342855
495	0.28342634
496	0.28341946
497	0.28343913
498	0.28344131
499	0.28343254
500	0.28341079
501	0.28343579
502	0.28342399
503	0.28343180
504	0.28341886
505	0.28342429
506	0.28341907
507	0.28341004
508	0.28341910
509	0.28340772
510	0.28341135
511	0.28340557
512	0.28340688
513	0.28339848
514	0.28340429
515	0.28340062
516	0.28339466
517	0.28339279
518	0.28337353
519	0.28336924
520	0.28336611
521	0.28338039
522	0.28336918
523	0.28336886
524	0.28334990
525	0.28335965
526	0.28334442
527	0.28335625
528	0.28333712
529	0.28333506
530	0.28335860
531	0.28334117
532	0.28334802
533	0.28335533
534	0.28332731
535	0.28333452
536	0.28333455
537	0.28332084
538	0.28333524
539	0.28330943
540	0.28331873
541	0.28331807
542	0.28329617
543	0.28330931
544	0.28329608
545	0.28329098
546	0.28329322
547	0.28329131
548	0.28330418
549	0.28330773
550	0.28329170
551	0.28329021
552	0.28328526
553	0.28328654
554	0.28327307
555	0.28328028
556	0.28329033
557	0.28330293
558	0.28327990
559	0.28329754
560	0.28327397
561	0.28327787
562	0.28327611
563	0.28329253
564	0.28329706
565	0.28327811
566	0.28331074
567	0.28329846
568	0.28327879
569	0.28329161
570	0.28329387
571	0.28332382
572	0.28331250
573	0.28331494
574	0.28333801
575	0.28332511
576	0.28334251
577	0.28334138
578	0.28334212
579	0.28334621
580	0.28336325
581	0.28334665
582	0.28334153
583	0.28333881
584	0.28331569
585	0.28332448
586	0.28332743
587	0.28330883
588	0.28330579
589	0.28331077
590	0.28329617
591	0.28331071
592	0.28331459
593	0.28330588
594	0.28330851
595	0.28327945
596	0.28328112
597	0.28329721
598	0.28327343
599	0.28328246
600	0.28328437