	C:\Users\jkuzm\OneDrive - University of Massachusetts\HRSL x UMILL-PUMA Fatigue - Fatigue\Data\F01\FR3_static1.c3d _ImpedanceExport
	LTOE
	TARGET
	ORIGINAL
ITEM	Z
1	0.05105456
2	0.05104220
3	0.05105243
4	0.05104377
5	0.05099546
6	0.05099165
7	0.05099084
8	0.05096701
9	0.05095805
10	0.05095529
11	0.05093719
12	0.05093605
13	0.05095260
14	0.05093797
15	0.05095370
16	0.05093802
17	0.05091846
18	0.05091006
19	0.05088610
20	0.05089178
21	0.05088046
22	0.05086877
23	0.05088014
24	0.05091495
25	0.05088532
26	0.05086932
27	0.05089648
28	0.05087656
29	0.05086486
30	0.05085933
31	0.05080964
32	0.05083604
33	0.05084575
34	0.05081599
35	0.05082595
36	0.05081616
37	0.05079434
38	0.05080391
39	0.05078673
40	0.05077396
41	0.05077627
42	0.05074721
43	0.05072816
44	0.05074530
45	0.05072416
46	0.05072284
47	0.05070087
48	0.05069642
49	0.05066390
50	0.05065352
51	0.05063464
52	0.05065436
53	0.05063244
54	0.05059266
55	0.05060767
56	0.05059560
57	0.05062479
58	0.05058349
59	0.05059961
60	0.05058542
61	0.05057130
62	0.05058536
63	0.05056240
64	0.05057072
65	0.05053647
66	0.05053919
67	0.05056174
68	0.05051847
69	0.05050669
70	0.05051810
71	0.05049758
72	0.05051845
73	0.05048005
74	0.05050157
75	0.05048150
76	0.05047544
77	0.05047939
78	0.05047382
79	0.05050052
80	0.05047689
81	0.05048279
82	0.05047521
83	0.05047132
84	0.05046858
85	0.05046773
86	0.05047179
87	0.05046983
88	0.05046737
89	0.05046070
90	0.05046964
91	0.05047958
92	0.05046510
93	0.05048018
94	0.05046789
95	0.05048300
96	0.05045743
97	0.05047215
98	0.05045892
99	0.05044172
100	0.05047490
101	0.05044207
102	0.05047635
103	0.05047406
104	0.05046687
105	0.05048028
106	0.05047265
107	0.05045970
108	0.05046175
109	0.05047763
110	0.05045397
111	0.05046818
112	0.05045500
113	0.05047705
114	0.05045147
115	0.05044489
116	0.05043253
117	0.05043460
118	0.05041440
119	0.05043587
120	0.05044704
121	0.05042883
122	0.05044528
123	0.05046064
124	0.05045385
125	0.05045493
126	0.05042763
127	0.05047093
128	0.05043657
129	0.05046122
130	0.05043161
131	0.05041130
132	0.05043521
133	0.05041353
134	0.05042100
135	0.05045496
136	0.05043009
137	0.05042538
138	0.05040447
139	0.05042779
140	0.05040353
141	0.05039706
142	0.05039834
143	0.05038594
144	0.05039373
145	0.05037905
146	0.05038870
147	0.05037195
148	0.05040062
149	0.05036865
150	0.05036924
151	0.05038597
152	0.05036201
153	0.05036278
154	0.05034602
155	0.05039150
156	0.05037248
157	0.05039546
158	0.05037795
159	0.05036278
160	0.05036836
161	0.05039535
162	0.05034787
163	0.05036183
164	0.05034149
165	0.05035307
166	0.05036755
167	0.05036035
168	0.05034805
169	0.05034351
170	0.05031776
171	0.05034323
172	0.05031504
173	0.05031431
174	0.05029798
175	0.05029435
176	0.05029697
177	0.05030135
178	0.05032809
179	0.05031369
180	0.05034704
181	0.05031854
182	0.05032659
183	0.05030479
184	0.05029324
185	0.05030632
186	0.05031087
187	0.05031317
188	0.05030118
189	0.05032302
190	0.05029697
191	0.05028275
192	0.05030481
193	0.05029302
194	0.05030784
195	0.05025688
196	0.05024515
197	0.05024932
198	0.05028297
199	0.05026918
200	0.05029793
201	0.05029876
202	0.05029238
203	0.05026319
204	0.05025240
205	0.05023124
206	0.05023067
207	0.05027981
208	0.05023978
209	0.05021889
210	0.05024563
211	0.05024441
212	0.05026530
213	0.05025370
214	0.05021560
215	0.05020873
216	0.05019565
217	0.05021599
218	0.05018716
219	0.05017778
220	0.05017686
221	0.05016970
222	0.05018379
223	0.05017782
224	0.05016940
225	0.05016862
226	0.05015335
227	0.05013503
228	0.05015672
229	0.05014883
230	0.05013164
231	0.05013081
232	0.05013787
233	0.05013149
234	0.05013658
235	0.05014276
236	0.05013147
237	0.05012813
238	0.05011033
239	0.05011469
240	0.05009812
241	0.05009001
242	0.05010302
243	0.05010078
244	0.05007612
245	0.05011078
246	0.05008978
247	0.05010108
248	0.05008066
249	0.05006770
250	0.05005134
251	0.05003591
252	0.05003048
253	0.05003018
254	0.05006072
255	0.05004366
256	0.05003654
257	0.05003875
258	0.05000420
259	0.05001561
260	0.04998118
261	0.04998002
262	0.04997540
263	0.04994651
264	0.04996616
265	0.04997045
266	0.04996210
267	0.04999250
268	0.04997900
269	0.04995929
270	0.05000838
271	0.04997687
272	0.04998752
273	0.04997370
274	0.04996742
275	0.04994312
276	0.04994718
277	0.04998177
278	0.04995830
279	0.04995459
280	0.04995818
281	0.04995041
282	0.04994591
283	0.04993863
284	0.04992962
285	0.04990978
286	0.04990916
287	0.04991104
288	0.04991042
289	0.04991983
290	0.04991596
291	0.04992201
292	0.04991997
293	0.04990083
294	0.04991676
295	0.04988807
296	0.04990481
297	0.04987566
298	0.04989260
299	0.04989035
300	0.04990792
301	0.04990079
302	0.04990515
303	0.04989047
304	0.04989456
305	0.04987471
306	0.04990080
307	0.04987839
308	0.04988918
309	0.04989608
310	0.04989266
311	0.04989174
312	0.04988521
313	0.04990433
314	0.04988676
315	0.04989051
316	0.04989647
317	0.04986837
318	0.04986186
319	0.04984331
320	0.04987760
321	0.04986996
322	0.04987165
323	0.04989973
324	0.04987581
325	0.04985926
326	0.04987298
327	0.04988648
328	0.04986541
329	0.04988789
330	0.04987410
331	0.04989130
332	0.04989316
333	0.04987781
334	0.04989136
335	0.04990324
336	0.04987301
337	0.04987419
338	0.04987322
339	0.04987767
340	0.04987480
341	0.04988712
342	0.04987094
343	0.04988564
344	0.04989863
345	0.04985845
346	0.04985597
347	0.04983793
348	0.04986034
349	0.04984682
350	0.04983015
351	0.04981778
352	0.04978029
353	0.04980532
354	0.04980285
355	0.04982250
356	0.04980624
357	0.04980315
358	0.04982657
359	0.04978522
360	0.04978024
361	0.04977576
362	0.04976853
363	0.04975506
364	0.04977883
365	0.04978590
366	0.04976961
367	0.04978124
368	0.04975512
369	0.04974237
370	0.04974264
371	0.04972662
372	0.04973353
373	0.04973121
374	0.04971486
375	0.04972480
376	0.04972137
377	0.04973411
378	0.04973022
379	0.04972339
380	0.04973025
381	0.04973493
382	0.04971257
383	0.04972875
384	0.04971533
385	0.04973890
386	0.04972731
387	0.04973014
388	0.04973090
389	0.04972703
390	0.04972071
391	0.04972222
392	0.04972609
393	0.04971313
394	0.04971138
395	0.04970346
396	0.04969931
397	0.04971704
398	0.04972052
399	0.04969969
400	0.04972045
401	0.04974926
402	0.04972611
403	0.04975819
404	0.04973723
405	0.04975862
406	0.04977164
407	0.04974955
408	0.04977974
409	0.04976194
410	0.04976905
411	0.04979705
412	0.04977508
413	0.04982203
414	0.04981228
415	0.04982755
416	0.04982235
417	0.04981689
418	0.04983155
419	0.04983263
420	0.04984470
421	0.04985321
422	0.04989627
423	0.04985752
424	0.04988184
425	0.04987193
426	0.04987907
427	0.04987209
428	0.04988918
429	0.04988991
430	0.04989910
431	0.04991173
432	0.04990266
433	0.04990717
434	0.04990755
435	0.04989861
436	0.04991289
437	0.04988881
438	0.04989802
439	0.04990382
440	0.04990572
441	0.04992128
442	0.04990999
443	0.04991607
444	0.04992393
445	0.04991873
446	0.04991561
447	0.04993187
448	0.04992650
449	0.04990476
450	0.04991768
451	0.04990058
452	0.04989891
453	0.04992190
454	0.04994351
455	0.04995433
456	0.04995188
457	0.04994033
458	0.04993379
459	0.04994567
460	0.04993489
461	0.04994344
462	0.04995023
463	0.04994456
464	0.04994807
465	0.04994240
466	0.04994944
467	0.04996232
468	0.04997273
469	0.04996691
470	0.04995788
471	0.04993857
472	0.04993016
473	0.04995007
474	0.04996707
475	0.04995901
476	0.04996435
477	0.04994922
478	0.04995883
479	0.04995298
480	0.04996412
481	0.04995672
482	0.04994472
483	0.04996378
484	0.04995845
485	0.04995278
486	0.04998054
487	0.04996699
488	0.04999452
489	0.04995491
490	0.05000681
491	0.04997790
492	0.04995123
493	0.04996110
494	0.04997433
495	0.04994372
496	0.04996599
497	0.04996508
498	0.04996618
499	0.04995574
500	0.05000272
501	0.04997943
502	0.04999275
503	0.04998800
504	0.04998390
505	0.04999849
506	0.05000011
507	0.04998578
508	0.05000094
509	0.05001133
510	0.05002183
511	0.05001689
512	0.05001689
513	0.05000377
514	0.05000544
515	0.05003584
516	0.05001917
517	0.05002750
518	0.05001272
519	0.05003196
520	0.05000199
521	0.05005139
522	0.05004600
523	0.05003644
524	0.05003333
525	0.05003622
526	0.05003511
527	0.05004480
528	0.05004657
529	0.05006953
530	0.05006428
531	0.05007727
532	0.05006031
533	0.05008468
534	0.05005183
535	0.05007687
536	0.05005369
537	0.05006983
538	0.05009402
539	0.05004546
540	0.05011543
541	0.05008625
542	0.05010254
543	0.05011423
544	0.05010133
545	0.05008632
546	0.05012853
547	0.05009598
548	0.05013167
549	0.05012127
550	0.05013247
551	0.05013509
552	0.05014579
553	0.05015792
554	0.05015295
555	0.05015107
556	0.05015499
557	0.05015579
558	0.05015599
559	0.05012316
560	0.05013301
561	0.05014472
562	0.05013371
563	0.05012828
564	0.05013516
565	0.05017954
566	0.05015085
567	0.05018176
568	0.05015219
569	0.05014944
570	0.05015881
571	0.05014509
572	0.05015520
573	0.05014845
574	0.05013238
575	0.05015933
576	0.05016673
577	0.05015169
578	0.05017498
579	0.05016083
580	0.05017059
581	0.05014615
582	0.05015917
583	0.05015203
584	0.05016916
585	0.05016194
586	0.05016344
587	0.05019426
588	0.05018530
589	0.05018904
590	0.05018856
591	0.05018622
592	0.05019579
593	0.05020181
594	0.05018344
595	0.05018187
596	0.05021084
597	0.05020500
598	0.05020959
599	0.05022203
600	0.05022300