	C:\Users\jkuzm\OneDrive - University of Massachusetts\HRSL x UMILL-PUMA Fatigue - Fatigue\Data\F01\FR3_static1.c3d _ImpedanceExport
	LMT1H
	TARGET
	ORIGINAL
ITEM	X
1	0.14473687
2	0.14473958
3	0.14474550
4	0.14475480
5	0.14490424
6	0.14492962
7	0.14494456
8	0.14495189
9	0.14495692
10	0.14494927
11	0.14494988
12	0.14495796
13	0.14495273
14	0.14494890
15	0.14496368
16	0.14495881
17	0.14496267
18	0.14494705
19	0.14494808
20	0.14494617
21	0.14494140
22	0.14493851
23	0.14493865
24	0.14492665
25	0.14493898
26	0.14492647
27	0.14492543
28	0.14491583
29	0.14491908
30	0.14490657
31	0.14489867
32	0.14489985
33	0.14490223
34	0.14488621
35	0.14487021
36	0.14487320
37	0.14487743
38	0.14487153
39	0.14486067
40	0.14487371
41	0.14485340
42	0.14486462
43	0.14485508
44	0.14485244
45	0.14485027
46	0.14484254
47	0.14485340
48	0.14484777
49	0.14482702
50	0.14483796
51	0.14481729
52	0.14482252
53	0.14481686
54	0.14481583
55	0.14481093
56	0.14480354
57	0.14480653
58	0.14480342
59	0.14479204
60	0.14479673
61	0.14481051
62	0.14480495
63	0.14479542
64	0.14479858
65	0.14478749
66	0.14480153
67	0.14480756
68	0.14479594
69	0.14479354
70	0.14479196
71	0.14478944
72	0.14479452
73	0.14481047
74	0.14479212
75	0.14480050
76	0.14477678
77	0.14478377
78	0.14477149
79	0.14478439
80	0.14478171
81	0.14478713
82	0.14478891
83	0.14478567
84	0.14477821
85	0.14478537
86	0.14478201
87	0.14477901
88	0.14478348
89	0.14478657
90	0.14478542
91	0.14479387
92	0.14479312
93	0.14477667
94	0.14476506
95	0.14478654
96	0.14478876
97	0.14477977
98	0.14477676
99	0.14478152
100	0.14478226
101	0.14476936
102	0.14477712
103	0.14479023
104	0.14476621
105	0.14478265
106	0.14477143
107	0.14477065
108	0.14477520
109	0.14478888
110	0.14476916
111	0.14476198
112	0.14478268
113	0.14477959
114	0.14477783
115	0.14479153
116	0.14479588
117	0.14478315
118	0.14479108
119	0.14478652
120	0.14476115
121	0.14477819
122	0.14477336
123	0.14478652
124	0.14478566
125	0.14479321
126	0.14477541
127	0.14479649
128	0.14479110
129	0.14478998
130	0.14478476
131	0.14478923
132	0.14479308
133	0.14478344
134	0.14477602
135	0.14478691
136	0.14476837
137	0.14478575
138	0.14478703
139	0.14479248
140	0.14479668
141	0.14477709
142	0.14477748
143	0.14477178
144	0.14478379
145	0.14478174
146	0.14477199
147	0.14477332
148	0.14477378
149	0.14478320
150	0.14477636
151	0.14474924
152	0.14476889
153	0.14476629
154	0.14475407
155	0.14477657
156	0.14475916
157	0.14476463
158	0.14475913
159	0.14476229
160	0.14476749
161	0.14476804
162	0.14475746
163	0.14475504
164	0.14476071
165	0.14478728
166	0.14475906
167	0.14474945
168	0.14475340
169	0.14474539
170	0.14475942
171	0.14474252
172	0.14476594
173	0.14474273
174	0.14474387
175	0.14475797
176	0.14473981
177	0.14474076
178	0.14474086
179	0.14475596
180	0.14474672
181	0.14474636
182	0.14474501
183	0.14473450
184	0.14472684
185	0.14472942
186	0.14473662
187	0.14473505
188	0.14473589
189	0.14472844
190	0.14474674
191	0.14474510
192	0.14473069
193	0.14473316
194	0.14474864
195	0.14473721
196	0.14473906
197	0.14472742
198	0.14473161
199	0.14472309
200	0.14471957
201	0.14471346
202	0.14469959
203	0.14471810
204	0.14471814
205	0.14472242
206	0.14472874
207	0.14470637
208	0.14472601
209	0.14470863
210	0.14470917
211	0.14472273
212	0.14470686
213	0.14471394
214	0.14469811
215	0.14470422
216	0.14471382
217	0.14470051
218	0.14470915
219	0.14470291
220	0.14469016
221	0.14469498
222	0.14468499
223	0.14468497
224	0.14468586
225	0.14468713
226	0.14468990
227	0.14468744
228	0.14467342
229	0.14468822
230	0.14467794
231	0.14468312
232	0.14468785
233	0.14467193
234	0.14468789
235	0.14468592
236	0.14468046
237	0.14467758
238	0.14468102
239	0.14468271
240	0.14468615
241	0.14470036
242	0.14467888
243	0.14468922
244	0.14469610
245	0.14469808
246	0.14468433
247	0.14467689
248	0.14468414
249	0.14467894
250	0.14467545
251	0.14467269
252	0.14470129
253	0.14466512
254	0.14467649
255	0.14466642
256	0.14467162
257	0.14466894
258	0.14467782
259	0.14468439
260	0.14467502
261	0.14467871
262	0.14466324
263	0.14469109
264	0.14467758
265	0.14468478
266	0.14467333
267	0.14466940
268	0.14466661
269	0.14466551
270	0.14467415
271	0.14467664
272	0.14467137
273	0.14467612
274	0.14468534
275	0.14466465
276	0.14467289
277	0.14466660
278	0.14466368
279	0.14465387
280	0.14464334
281	0.14464232
282	0.14466071
283	0.14463270
284	0.14465082
285	0.14464326
286	0.14464818
287	0.14464897
288	0.14467184
289	0.14465667
290	0.14466457
291	0.14465877
292	0.14464888
293	0.14463830
294	0.14465794
295	0.14463708
296	0.14465258
297	0.14465809
298	0.14465219
299	0.14464611
300	0.14463688
301	0.14463298
302	0.14463794
303	0.14465867
304	0.14463899
305	0.14463329
306	0.14464784
307	0.14465484
308	0.14464569
309	0.14465159
310	0.14463314
311	0.14466099
312	0.14464587
313	0.14462040
314	0.14463533
315	0.14464164
316	0.14464977
317	0.14461811
318	0.14464103
319	0.14465500
320	0.14463335
321	0.14466000
322	0.14465263
323	0.14463307
324	0.14463346
325	0.14461856
326	0.14464895
327	0.14463302
328	0.14462949
329	0.14465693
330	0.14464258
331	0.14463346
332	0.14463826
333	0.14464465
334	0.14464444
335	0.14462927
336	0.14463803
337	0.14465000
338	0.14464156
339	0.14463930
340	0.14465173
341	0.14464782
342	0.14463815
343	0.14464039
344	0.14463560
345	0.14463800
346	0.14462712
347	0.14463565
348	0.14463341
349	0.14464383
350	0.14461949
351	0.14462824
352	0.14463070
353	0.14463775
354	0.14463019
355	0.14462802
356	0.14460301
357	0.14462513
358	0.14461006
359	0.14460874
360	0.14460914
361	0.14461219
362	0.14461082
363	0.14461631
364	0.14459094
365	0.14459403
366	0.14459315
367	0.14461242
368	0.14459060
369	0.14458366
370	0.14461435
371	0.14460009
372	0.14458638
373	0.14458477
374	0.14460315
375	0.14458698
376	0.14461228
377	0.14459288
378	0.14460224
379	0.14460413
380	0.14459565
381	0.14458011
382	0.14459091
383	0.14460689
384	0.14458500
385	0.14460745
386	0.14457422
387	0.14457938
388	0.14458463
389	0.14456843
390	0.14457755
391	0.14457925
392	0.14460738
393	0.14459707
394	0.14459215
395	0.14459550
396	0.14460349
397	0.14461678
398	0.14462124
399	0.14463086
400	0.14460804
401	0.14461368
402	0.14461426
403	0.14464030
404	0.14461868
405	0.14463414
406	0.14461760
407	0.14463072
408	0.14464587
409	0.14460836
410	0.14462659
411	0.14464197
412	0.14463802
413	0.14464474
414	0.14463039
415	0.14464286
416	0.14463969
417	0.14464769
418	0.14464180
419	0.14463151
420	0.14462207
421	0.14464211
422	0.14464936
423	0.14463866
424	0.14463913
425	0.14464109
426	0.14464012
427	0.14463723
428	0.14465460
429	0.14465922
430	0.14464784
431	0.14463830
432	0.14467181
433	0.14467001
434	0.14464684
435	0.14465670
436	0.14465176
437	0.14463748
438	0.14465201
439	0.14464822
440	0.14465502
441	0.14465784
442	0.14463855
443	0.14463827
444	0.14463560
445	0.14462923
446	0.14462361
447	0.14466368
448	0.14464028
449	0.14465755
450	0.14464109
451	0.14465286
452	0.14464730
453	0.14464769
454	0.14464039
455	0.14464258
456	0.14465344
457	0.14464584
458	0.14464650
459	0.14464997
460	0.14462689
461	0.14463966
462	0.14463808
463	0.14464305
464	0.14464805
465	0.14462258
466	0.14463302
467	0.14463991
468	0.14463510
469	0.14465170
470	0.14466277
471	0.14464277
472	0.14464211
473	0.14463514
474	0.14464973
475	0.14465509
476	0.14464140
477	0.14463870
478	0.14463897
479	0.14463587
480	0.14463134
481	0.14461751
482	0.14460643
483	0.14463054
484	0.14462397
485	0.14461946
486	0.14461066
487	0.14463376
488	0.14462763
489	0.14464185
490	0.14462984
491	0.14466266
492	0.14465815
493	0.14461963
494	0.14464024
495	0.14463118
496	0.14462604
497	0.14463264
498	0.14461157
499	0.14463300
500	0.14462087
501	0.14461909
502	0.14462629
503	0.14462833
504	0.14464796
505	0.14463799
506	0.14464270
507	0.14464949
508	0.14463924
509	0.14464888
510	0.14463730
511	0.14464848
512	0.14464113
513	0.14462687
514	0.14464907
515	0.14464718
516	0.14463629
517	0.14464718
518	0.14465065
519	0.14465368
520	0.14464027
521	0.14465687
522	0.14465329
523	0.14466025
524	0.14461984
525	0.14467160
526	0.14467636
527	0.14466728
528	0.14468682
529	0.14466284
530	0.14467953
531	0.14466995
532	0.14465509
533	0.14466688
534	0.14466390
535	0.14467484
536	0.14467970
537	0.14468487
538	0.14466852
539	0.14466712
540	0.14465868
541	0.14466679
542	0.14466485
543	0.14466709
544	0.14464457
545	0.14467850
546	0.14466166
547	0.14466435
548	0.14466293
549	0.14468527
550	0.14468484
551	0.14467181
552	0.14469129
553	0.14469346
554	0.14467858
555	0.14468803
556	0.14469238
557	0.14467780
558	0.14468068
559	0.14469643
560	0.14468600
561	0.14467371
562	0.14467277
563	0.14467569
564	0.14467274
565	0.14468062
566	0.14467160
567	0.14466229
568	0.14468527
569	0.14467886
570	0.14466809
571	0.14468074
572	0.14467207
573	0.14467220
574	0.14465807
575	0.14468405
576	0.14469102
577	0.14468493
578	0.14469449
579	0.14465639
580	0.14467829
581	0.14466615
582	0.14467505
583	0.14467163
584	0.14467710
585	0.14467618
586	0.14469154
587	0.14467341
588	0.14467913
589	0.14468011
590	0.14467256
591	0.14467795
592	0.14466815
593	0.14468324
594	0.14466627
595	0.14466897
596	0.14467874
597	0.14468171
598	0.14466915
599	0.14469180
600	0.14466871