	C:\Users\jkuzm\OneDrive - University of Massachusetts\HRSL x UMILL-PUMA Fatigue - Fatigue\Data\F01\FR3_static1.c3d _ImpedanceExport
	RMT1H
	TARGET
	ORIGINAL
ITEM	Y
1	0.47159967
2	0.47159749
3	0.47156730
4	0.47157469
5	0.47163147
6	0.47164619
7	0.47165272
8	0.47166640
9	0.47168553
10	0.47167236
11	0.47168607
12	0.47167453
13	0.47168705
14	0.47168779
15	0.47169602
16	0.47169653
17	0.47171602
18	0.47172740
19	0.47170961
20	0.47173837
21	0.47172478
22	0.47174013
23	0.47174099
24	0.47171807
25	0.47172382
26	0.47173604
27	0.47173119
28	0.47175029
29	0.47175661
30	0.47176695
31	0.47175664
32	0.47176084
33	0.47175589
34	0.47177497
35	0.47177500
36	0.47175476
37	0.47179207
38	0.47178560
39	0.47178429
40	0.47180519
41	0.47182733
42	0.47182131
43	0.47183093
44	0.47183838
45	0.47182047
46	0.47184876
47	0.47184303
48	0.47186401
49	0.47187379
50	0.47187179
51	0.47188631
52	0.47191608
53	0.47191864
54	0.47192320
55	0.47191298
56	0.47192311
57	0.47194180
58	0.47194448
59	0.47194219
60	0.47194251
61	0.47196454
62	0.47196853
63	0.47197092
64	0.47197893
65	0.47197145
66	0.47198197
67	0.47198093
68	0.47196832
69	0.47198179
70	0.47198650
71	0.47198415
72	0.47198957
73	0.47201103
74	0.47199500
75	0.47202119
76	0.47200549
77	0.47199771
78	0.47199810
79	0.47200266
80	0.47200668
81	0.47200495
82	0.47201931
83	0.47201273
84	0.47203803
85	0.47202766
86	0.47203508
87	0.47202241
88	0.47202370
89	0.47199458
90	0.47201553
91	0.47201416
92	0.47202247
93	0.47201386
94	0.47202423
95	0.47201154
96	0.47202599
97	0.47200894
98	0.47201589
99	0.47201091
100	0.47200763
101	0.47202006
102	0.47201365
103	0.47202179
104	0.47202137
105	0.47203726
106	0.47203085
107	0.47202492
108	0.47204024
109	0.47205198
110	0.47204435
111	0.47204867
112	0.47204345
113	0.47203621
114	0.47204205
115	0.47204420
116	0.47204885
117	0.47204539
118	0.47206190
119	0.47206658
120	0.47206837
121	0.47208625
122	0.47206613
123	0.47206470
124	0.47207031
125	0.47206736
126	0.47207415
127	0.47206563
128	0.47206607
129	0.47206923
130	0.47206774
131	0.47208452
132	0.47206989
133	0.47208700
134	0.47208172
135	0.47207806
136	0.47207281
137	0.47207761
138	0.47209156
139	0.47209096
140	0.47209963
141	0.47209233
142	0.47210249
143	0.47209758
144	0.47207850
145	0.47209051
146	0.47208667
147	0.47210070
148	0.47209197
149	0.47208020
150	0.47208863
151	0.47211295
152	0.47209331
153	0.47210950
154	0.47210228
155	0.47210884
156	0.47212011
157	0.47210079
158	0.47211856
159	0.47211128
160	0.47213444
161	0.47212276
162	0.47213337
163	0.47211519
164	0.47211489
165	0.47211081
166	0.47212675
167	0.47211394
168	0.47211424
169	0.47211865
170	0.47212923
171	0.47212201
172	0.47213936
173	0.47214028
174	0.47214279
175	0.47213128
176	0.47213560
177	0.47214171
178	0.47212917
179	0.47214538
180	0.47214440
181	0.47214198
182	0.47216493
183	0.47215503
184	0.47216809
185	0.47216198
186	0.47219744
187	0.47216713
188	0.47217289
189	0.47218582
190	0.47215590
191	0.47217014
192	0.47216946
193	0.47219720
194	0.47217423
195	0.47218964
196	0.47218964
197	0.47220486
198	0.47221246
199	0.47220188
200	0.47219196
201	0.47218832
202	0.47218388
203	0.47220430
204	0.47221339
205	0.47220469
206	0.47221085
207	0.47222358
208	0.47221318
209	0.47222808
210	0.47221026
211	0.47222963
212	0.47224084
213	0.47222796
214	0.47224137
215	0.47224319
216	0.47226691
217	0.47226024
218	0.47227356
219	0.47225377
220	0.47226053
221	0.47225073
222	0.47226775
223	0.47225997
224	0.47226948
225	0.47227690
226	0.47228560
227	0.47227898
228	0.47229460
229	0.47230133
230	0.47229829
231	0.47231683
232	0.47232753
233	0.47231069
234	0.47234029
235	0.47231251
236	0.47232959
237	0.47233322
238	0.47233406
239	0.47234616
240	0.47234455
241	0.47235847
242	0.47234502
243	0.47233748
244	0.47233537
245	0.47235280
246	0.47236058
247	0.47237405
248	0.47237173
249	0.47238225
250	0.47238010
251	0.47239470
252	0.47239855
253	0.47239763
254	0.47239381
255	0.47241369
256	0.47242272
257	0.47242382
258	0.47243175
259	0.47242734
260	0.47243860
261	0.47245061
262	0.47245213
263	0.47247267
264	0.47246978
265	0.47246709
266	0.47248727
267	0.47247574
268	0.47249326
269	0.47248638
270	0.47248718
271	0.47248900
272	0.47249401
273	0.47251114
274	0.47252029
275	0.47253034
276	0.47250634
277	0.47252256
278	0.47251034
279	0.47252414
280	0.47251958
281	0.47253206
282	0.47251028
283	0.47253609
284	0.47252950
285	0.47252855
286	0.47254121
287	0.47254109
288	0.47253108
289	0.47254410
290	0.47254235
291	0.47252303
292	0.47254977
293	0.47255251
294	0.47256887
295	0.47256112
296	0.47256663
297	0.47256088
298	0.47257814
299	0.47257960
300	0.47258091
301	0.47258753
302	0.47260937
303	0.47259080
304	0.47261277
305	0.47261408
306	0.47262093
307	0.47262982
308	0.47264072
309	0.47263297
310	0.47262621
311	0.47264016
312	0.47265851
313	0.47264072
314	0.47265834
315	0.47264436
316	0.47266096
317	0.47267130
318	0.47266155
319	0.47265565
320	0.47267753
321	0.47265667
322	0.47266331
323	0.47265440
324	0.47265527
325	0.47264689
326	0.47265419
327	0.47263864
328	0.47265813
329	0.47264111
330	0.47263077
331	0.47263682
332	0.47264630
333	0.47263050
334	0.47263339
335	0.47263110
336	0.47263891
337	0.47264341
338	0.47264570
339	0.47265169
340	0.47266701
341	0.47267047
342	0.47267500
343	0.47265631
344	0.47269297
345	0.47268853
346	0.47268692
347	0.47267953
348	0.47267970
349	0.47267666
350	0.47269180
351	0.47269332
352	0.47268635
353	0.47267205
354	0.47269520
355	0.47269139
356	0.47270006
357	0.47268504
358	0.47270468
359	0.47268754
360	0.47270644
361	0.47269535
362	0.47271693
363	0.47270659
364	0.47271848
365	0.47272727
366	0.47271734
367	0.47270647
368	0.47271198
369	0.47271782
370	0.47271723
371	0.47272906
372	0.47273463
373	0.47275421
374	0.47275114
375	0.47273129
376	0.47275594
377	0.47274852
378	0.47275737
379	0.47275242
380	0.47273460
381	0.47278929
382	0.47276381
383	0.47275072
384	0.47277775
385	0.47277960
386	0.47276542
387	0.47277835
388	0.47277474
389	0.47276697
390	0.47276041
391	0.47277957
392	0.47275436
393	0.47274840
394	0.47274926
395	0.47275969
396	0.47275585
397	0.47276467
398	0.47274566
399	0.47275209
400	0.47273439
401	0.47273648
402	0.47272438
403	0.47273433
404	0.47273713
405	0.47271550
406	0.47273046
407	0.47270793
408	0.47270891
409	0.47267765
410	0.47268048
411	0.47266221
412	0.47266075
413	0.47264200
414	0.47263575
415	0.47262236
416	0.47263539
417	0.47263744
418	0.47261375
419	0.47258884
420	0.47259700
421	0.47258851
422	0.47258413
423	0.47258988
424	0.47257358
425	0.47258732
426	0.47255287
427	0.47256395
428	0.47256771
429	0.47256747
430	0.47257039
431	0.47254509
432	0.47254387
433	0.47254375
434	0.47254810
435	0.47254360
436	0.47255787
437	0.47255811
438	0.47255710
439	0.47255388
440	0.47255823
441	0.47254592
442	0.47255278
443	0.47257364
444	0.47256240
445	0.47256103
446	0.47255442
447	0.47256100
448	0.47256449
449	0.47255847
450	0.47257122
451	0.47257310
452	0.47257137
453	0.47256991
454	0.47255486
455	0.47256789
456	0.47258997
457	0.47258547
458	0.47258615
459	0.47256544
460	0.47257134
461	0.47258574
462	0.47256836
463	0.47260141
464	0.47260103
465	0.47258627
466	0.47257385
467	0.47257817
468	0.47258678
469	0.47258344
470	0.47257078
471	0.47259068
472	0.47258320
473	0.47258800
474	0.47259316
475	0.47257710
476	0.47259730
477	0.47259098
478	0.47260544
479	0.47259820
480	0.47258705
481	0.47258958
482	0.47260153
483	0.47260299
484	0.47261441
485	0.47260499
486	0.47260928
487	0.47260779
488	0.47259971
489	0.47259501
490	0.47261292
491	0.47260693
492	0.47260368
493	0.47261447
494	0.47262374
495	0.47260594
496	0.47260517
497	0.47260195
498	0.47261176
499	0.47261024
500	0.47260410
501	0.47260088
502	0.47261563
503	0.47261384
504	0.47259033
505	0.47259909
506	0.47259134
507	0.47260422
508	0.47257751
509	0.47257870
510	0.47257012
511	0.47257620
512	0.47255716
513	0.47253406
514	0.47255152
515	0.47255370
516	0.47254041
517	0.47255391
518	0.47253689
519	0.47253278
520	0.47253740
521	0.47251844
522	0.47251520
523	0.47252741
524	0.47251853
525	0.47251272
526	0.47250918
527	0.47248372
528	0.47249293
529	0.47248343
530	0.47250223
531	0.47250915
532	0.47248530
533	0.47248542
534	0.47249073
535	0.47247052
536	0.47247705
537	0.47248036
538	0.47247952
539	0.47248581
540	0.47247818
541	0.47245285
542	0.47247270
543	0.47244909
544	0.47245628
545	0.47245502
546	0.47243494
547	0.47244290
548	0.47246468
549	0.47244310
550	0.47245085
551	0.47243765
552	0.47243181
553	0.47244027
554	0.47242391
555	0.47243184
556	0.47242025
557	0.47242427
558	0.47241342
559	0.47241336
560	0.47242594
561	0.47242180
562	0.47242764
563	0.47243252
564	0.47242311
565	0.47242698
566	0.47242582
567	0.47241744
568	0.47241884
569	0.47243497
570	0.47243223
571	0.47242406
572	0.47243550
573	0.47244164
574	0.47244373
575	0.47244665
576	0.47246653
577	0.47246408
578	0.47246125
579	0.47245219
580	0.47248319
581	0.47246540
582	0.47245601
583	0.47246698
584	0.47246838
585	0.47246709
586	0.47245905
587	0.47244295
588	0.47242898
589	0.47246191
590	0.47244170
591	0.47242820
592	0.47244385
593	0.47239980
594	0.47242430
595	0.47242555
596	0.47243518
597	0.47240859
598	0.47240868
599	0.47239101
600	0.47238949