	C:\Users\jkuzm\OneDrive - University of Massachusetts\HRSL x UMILL-PUMA Fatigue - Fatigue\Data\F01\FR3_static1.c3d _ImpedanceExport
	RCAL3
	TARGET
	ORIGINAL
ITEM	Y
1	0.27155545
2	0.27154496
3	0.27152097
4	0.27150837
5	0.27150741
6	0.27150255
7	0.27144751
8	0.27150133
9	0.27151716
10	0.27150616
11	0.27150047
12	0.27147725
13	0.27149984
14	0.27150083
15	0.27147552
16	0.27147877
17	0.27151033
18	0.27152175
19	0.27150071
20	0.27150965
21	0.27151111
22	0.27151179
23	0.27150801
24	0.27148381
25	0.27147135
26	0.27149880
27	0.27150387
28	0.27152810
29	0.27151158
30	0.27152410
31	0.27153993
32	0.27151042
33	0.27152139
34	0.27150983
35	0.27152434
36	0.27152938
37	0.27155158
38	0.27153191
39	0.27154720
40	0.27154270
41	0.27157140
42	0.27156746
43	0.27155036
44	0.27158087
45	0.27157208
46	0.27155945
47	0.27156860
48	0.27159086
49	0.27159101
50	0.27161279
51	0.27160695
52	0.27160200
53	0.27160707
54	0.27160946
55	0.27162036
56	0.27161235
57	0.27159995
58	0.27161470
59	0.27164093
60	0.27163574
61	0.27163714
62	0.27164900
63	0.27166513
64	0.27165544
65	0.27165255
66	0.27166080
67	0.27167091
68	0.27166155
69	0.27165303
70	0.27165604
71	0.27166629
72	0.27169290
73	0.27167004
74	0.27166322
75	0.27169105
76	0.27165750
77	0.27166432
78	0.27169511
79	0.27166277
80	0.27169389
81	0.27167261
82	0.27168292
83	0.27169943
84	0.27169445
85	0.27170390
86	0.27167541
87	0.27169079
88	0.27168608
89	0.27169010
90	0.27168491
91	0.27168170
92	0.27167723
93	0.27168745
94	0.27168661
95	0.27169609
96	0.27169317
97	0.27169278
98	0.27170783
99	0.27170670
100	0.27170676
101	0.27169243
102	0.27168131
103	0.27167812
104	0.27169332
105	0.27168784
106	0.27169526
107	0.27168438
108	0.27172062
109	0.27171007
110	0.27169004
111	0.27169931
112	0.27170715
113	0.27169150
114	0.27170026
115	0.27169195
116	0.27168050
117	0.27170715
118	0.27172032
119	0.27176273
120	0.27173159
121	0.27173790
122	0.27173588
123	0.27171713
124	0.27171788
125	0.27170137
126	0.27172539
127	0.27173701
128	0.27171984
129	0.27172381
130	0.27175590
131	0.27174798
132	0.27175969
133	0.27173206
134	0.27174982
135	0.27174056
136	0.27175620
137	0.27174395
138	0.27173492
139	0.27175978
140	0.27175397
141	0.27175593
142	0.27177769
143	0.27174911
144	0.27175048
145	0.27173504
146	0.27176815
147	0.27175334
148	0.27174014
149	0.27174839
150	0.27175441
151	0.27175269
152	0.27176633
153	0.27177677
154	0.27177268
155	0.27173892
156	0.27174979
157	0.27174735
158	0.27177739
159	0.27174300
160	0.27176321
161	0.27176654
162	0.27176514
163	0.27178979
164	0.27178097
165	0.27176419
166	0.27177495
167	0.27176130
168	0.27175471
169	0.27177107
170	0.27178514
171	0.27177036
172	0.27179974
173	0.27178168
174	0.27179280
175	0.27179331
176	0.27181485
177	0.27180499
178	0.27179328
179	0.27180204
180	0.27181527
181	0.27178273
182	0.27176934
183	0.27179995
184	0.27180675
185	0.27180949
186	0.27181184
187	0.27182055
188	0.27181539
189	0.27180538
190	0.27183950
191	0.27183101
192	0.27179402
193	0.27181345
194	0.27180994
195	0.27182516
196	0.27186218
197	0.27182418
198	0.27183178
199	0.27183294
200	0.27183464
201	0.27180213
202	0.27180812
203	0.27182823
204	0.27184752
205	0.27184007
206	0.27181324
207	0.27184471
208	0.27186751
209	0.27184579
210	0.27181911
211	0.27184996
212	0.27185467
213	0.27184567
214	0.27186137
215	0.27188835
216	0.27187008
217	0.27189043
218	0.27189085
219	0.27188519
220	0.27188042
221	0.27187791
222	0.27188751
223	0.27185163
224	0.27188471
225	0.27188835
226	0.27186409
227	0.27187011
228	0.27186692
229	0.27190170
230	0.27190298
231	0.27191541
232	0.27189580
233	0.27191225
234	0.27191719
235	0.27191052
236	0.27192608
237	0.27191874
238	0.27192104
239	0.27192563
240	0.27191192
241	0.27195373
242	0.27193305
243	0.27192295
244	0.27194524
245	0.27193847
246	0.27191752
247	0.27194327
248	0.27195665
249	0.27193543
250	0.27194875
251	0.27195606
252	0.27197123
253	0.27196792
254	0.27195776
255	0.27199402
256	0.27196547
257	0.27198017
258	0.27196908
259	0.27197096
260	0.27198312
261	0.27197832
262	0.27197787
263	0.27199221
264	0.27202407
265	0.27201539
266	0.27202967
267	0.27202460
268	0.27202505
269	0.27201247
270	0.27200234
271	0.27202374
272	0.27200532
273	0.27201879
274	0.27202061
275	0.27203235
276	0.27204978
277	0.27205116
278	0.27200788
279	0.27204138
280	0.27205470
281	0.27200976
282	0.27203062
283	0.27201289
284	0.27204448
285	0.27203685
286	0.27203342
287	0.27203235
288	0.27206010
289	0.27204645
290	0.27204362
291	0.27205235
292	0.27204570
293	0.27205601
294	0.27203849
295	0.27205724
296	0.27206397
297	0.27205658
298	0.27208298
299	0.27206379
300	0.27207130
301	0.27206495
302	0.27206925
303	0.27209708
304	0.27209520
305	0.27207533
306	0.27209371
307	0.27209401
308	0.27211013
309	0.27209720
310	0.27207223
311	0.27208105
312	0.27209148
313	0.27211642
314	0.27210921
315	0.27210483
316	0.27208784
317	0.27209511
318	0.27211642
319	0.27210969
320	0.27210784
321	0.27209747
322	0.27208301
323	0.27209213
324	0.27207565
325	0.27209017
326	0.27207649
327	0.27209339
328	0.27207515
329	0.27208421
330	0.27208886
331	0.27208525
332	0.27210087
333	0.27211872
334	0.27208647
335	0.27209488
336	0.27210343
337	0.27210018
338	0.27209255
339	0.27211314
340	0.27210861
341	0.27210644
342	0.27209276
343	0.27209789
344	0.27213243
345	0.27213657
346	0.27209654
347	0.27210757
348	0.27209759
349	0.27211180
350	0.27213329
351	0.27211753
352	0.27211231
353	0.27212140
354	0.27212024
355	0.27214432
356	0.27211341
357	0.27211455
358	0.27212059
359	0.27212799
360	0.27212906
361	0.27214825
362	0.27211121
363	0.27214748
364	0.27213272
365	0.27213481
366	0.27212846
367	0.27214563
368	0.27213597
369	0.27213570
370	0.27212971
371	0.27214754
372	0.27214310
373	0.27213261
374	0.27216136
375	0.27215740
376	0.27214143
377	0.27211595
378	0.27213919
379	0.27214679
380	0.27212685
381	0.27216345
382	0.27215162
383	0.27217254
384	0.27215797
385	0.27215594
386	0.27216044
387	0.27215105
388	0.27214691
389	0.27214396
390	0.27215049
391	0.27215362
392	0.27214527
393	0.27212140
394	0.27215743
395	0.27214110
396	0.27217117
397	0.27213782
398	0.27215040
399	0.27212149
400	0.27214524
401	0.27217922
402	0.27215230
403	0.27215239
404	0.27213871
405	0.27214378
406	0.27212378
407	0.27212262
408	0.27213213
409	0.27209899
410	0.27209496
411	0.27208284
412	0.27208003
413	0.27207017
414	0.27208394
415	0.27209380
416	0.27209148
417	0.27208269
418	0.27205035
419	0.27206492
420	0.27206346
421	0.27205715
422	0.27205038
423	0.27202475
424	0.27203134
425	0.27201715
426	0.27203780
427	0.27200422
428	0.27204314
429	0.27202651
430	0.27202645
431	0.27202228
432	0.27200603
433	0.27202335
434	0.27205423
435	0.27202106
436	0.27201024
437	0.27204981
438	0.27203387
439	0.27202165
440	0.27203363
441	0.27204224
442	0.27202383
443	0.27202162
444	0.27200410
445	0.27201432
446	0.27200714
447	0.27201277
448	0.27204585
449	0.27203432
450	0.27200562
451	0.27201498
452	0.27202708
453	0.27203017
454	0.27202711
455	0.27203327
456	0.27203751
457	0.27202863
458	0.27205911
459	0.27206871
460	0.27206466
461	0.27205065
462	0.27203655
463	0.27204835
464	0.27204338
465	0.27205059
466	0.27204084
467	0.27201822
468	0.27201807
469	0.27202746
470	0.27203548
471	0.27203679
472	0.27200022
473	0.27202690
474	0.27201888
475	0.27204093
476	0.27202940
477	0.27201846
478	0.27203614
479	0.27202344
480	0.27203214
481	0.27202049
482	0.27200505
483	0.27203128
484	0.27202591
485	0.27201548
486	0.27203897
487	0.27202570
488	0.27205566
489	0.27204838
490	0.27205864
491	0.27201951
492	0.27204421
493	0.27204090
494	0.27204236
495	0.27205101
496	0.27204147
497	0.27203116
498	0.27202046
499	0.27205142
500	0.27202454
501	0.27201721
502	0.27203467
503	0.27202278
504	0.27202046
505	0.27202049
506	0.27204633
507	0.27202570
508	0.27201676
509	0.27201575
510	0.27200210
511	0.27199811
512	0.27203009
513	0.27201343
514	0.27199760
515	0.27201542
516	0.27198276
517	0.27200976
518	0.27199912
519	0.27198464
520	0.27199256
521	0.27198991
522	0.27198407
523	0.27194953
524	0.27199587
525	0.27198324
526	0.27198938
527	0.27197260
528	0.27196926
529	0.27197635
530	0.27194175
531	0.27195048
532	0.27196592
533	0.27196145
534	0.27196509
535	0.27195087
536	0.27195609
537	0.27196819
538	0.27195814
539	0.27197573
540	0.27194417
541	0.27197701
542	0.27193844
543	0.27195197
544	0.27193153
545	0.27193898
546	0.27194756
547	0.27194268
548	0.27194828
549	0.27195570
550	0.27193341
551	0.27197129
552	0.27196646
553	0.27194914
554	0.27194357
555	0.27194166
556	0.27192879
557	0.27195361
558	0.27193028
559	0.27192676
560	0.27192301
561	0.27191374
562	0.27193022
563	0.27191946
564	0.27191791
565	0.27191862
566	0.27193347
567	0.27189007
568	0.27191916
569	0.27192369
570	0.27193233
571	0.27192625
572	0.27195713
573	0.27195868
574	0.27198839
575	0.27197191
576	0.27196476
577	0.27194086
578	0.27195075
579	0.27196246
580	0.27196983
581	0.27195159
582	0.27194336
583	0.27196833
584	0.27196097
585	0.27196485
586	0.27194569
587	0.27193695
588	0.27193934
589	0.27193186
590	0.27190030
591	0.27193901
592	0.27193466
593	0.27192152
594	0.27193832
595	0.27192014
596	0.27192289
597	0.27191588
598	0.27191967
599	0.27190194
600	0.27190557