	C:\Users\jkuzm\OneDrive - University of Massachusetts\HRSL x UMILL-PUMA Fatigue - Fatigue\Data\F01\FR3_static1.c3d _ImpedanceExport
	LCAL3
	TARGET
	ORIGINAL
ITEM	Z
1	0.02662917
2	0.02661286
3	0.02661026
4	0.02661820
5	0.02655769
6	0.02655509
7	0.02656157
8	0.02655353
9	0.02654975
10	0.02659962
11	0.02656393
12	0.02659098
13	0.02657398
14	0.02658689
15	0.02660898
16	0.02660322
17	0.02660805
18	0.02664361
19	0.02662979
20	0.02663398
21	0.02663698
22	0.02664397
23	0.02664625
24	0.02663483
25	0.02666870
26	0.02666373
27	0.02666460
28	0.02667185
29	0.02669874
30	0.02669839
31	0.02671880
32	0.02672038
33	0.02672584
34	0.02674334
35	0.02676986
36	0.02679348
37	0.02678097
38	0.02679465
39	0.02680095
40	0.02680230
41	0.02681928
42	0.02684561
43	0.02684405
44	0.02684642
45	0.02686393
46	0.02687648
47	0.02689873
48	0.02691019
49	0.02691929
50	0.02694521
51	0.02693605
52	0.02694466
53	0.02697567
54	0.02696762
55	0.02700640
56	0.02701242
57	0.02700852
58	0.02703753
59	0.02702622
60	0.02705295
61	0.02704775
62	0.02706018
63	0.02707282
64	0.02707575
65	0.02710053
66	0.02708768
67	0.02711252
68	0.02713799
69	0.02710964
70	0.02711246
71	0.02710028
72	0.02710875
73	0.02712689
74	0.02711771
75	0.02713026
76	0.02713915
77	0.02711548
78	0.02712112
79	0.02711919
80	0.02712683
81	0.02711450
82	0.02711868
83	0.02709394
84	0.02709916
85	0.02711254
86	0.02713130
87	0.02710602
88	0.02712959
89	0.02712040
90	0.02714215
91	0.02712492
92	0.02713163
93	0.02712047
94	0.02710878
95	0.02712704
96	0.02713113
97	0.02712369
98	0.02715193
99	0.02710875
100	0.02714261
101	0.02715338
102	0.02715446
103	0.02716427
104	0.02716065
105	0.02714154
106	0.02715538
107	0.02716615
108	0.02717755
109	0.02716136
110	0.02716073
111	0.02714896
112	0.02715799
113	0.02716060
114	0.02718074
115	0.02717893
116	0.02716720
117	0.02717351
118	0.02718768
119	0.02719383
120	0.02718293
121	0.02720265
122	0.02721835
123	0.02721333
124	0.02719635
125	0.02720120
126	0.02723629
127	0.02718642
128	0.02719817
129	0.02720228
130	0.02720080
131	0.02720976
132	0.02720622
133	0.02722098
134	0.02719832
135	0.02721670
136	0.02720639
137	0.02722856
138	0.02722506
139	0.02724723
140	0.02722696
141	0.02725313
142	0.02722159
143	0.02727168
144	0.02725877
145	0.02723078
146	0.02725406
147	0.02724043
148	0.02727731
149	0.02724721
150	0.02725454
151	0.02726156
152	0.02725809
153	0.02727069
154	0.02726904
155	0.02724190
156	0.02724730
157	0.02724472
158	0.02724532
159	0.02724625
160	0.02724587
161	0.02725381
162	0.02725649
163	0.02726198
164	0.02725569
165	0.02724110
166	0.02725575
167	0.02722896
168	0.02725763
169	0.02725500
170	0.02725923
171	0.02726415
172	0.02724778
173	0.02724250
174	0.02728021
175	0.02727831
176	0.02729048
177	0.02730892
178	0.02729516
179	0.02729972
180	0.02727067
181	0.02728910
182	0.02726761
183	0.02729400
184	0.02727069
185	0.02729544
186	0.02729825
187	0.02727723
188	0.02729290
189	0.02729055
190	0.02729494
191	0.02729200
192	0.02730813
193	0.02729104
194	0.02729479
195	0.02728048
196	0.02732845
197	0.02730215
198	0.02730643
199	0.02730083
200	0.02731048
201	0.02731494
202	0.02731615
203	0.02731973
204	0.02730660
205	0.02730466
206	0.02729830
207	0.02733512
208	0.02731485
209	0.02732003
210	0.02729685
211	0.02732123
212	0.02731082
213	0.02732791
214	0.02733716
215	0.02732971
216	0.02734100
217	0.02736390
218	0.02735003
219	0.02735298
220	0.02736401
221	0.02735776
222	0.02736640
223	0.02736841
224	0.02736740
225	0.02740166
226	0.02742864
227	0.02746702
228	0.02742069
229	0.02744174
230	0.02748026
231	0.02745112
232	0.02748435
233	0.02749066
234	0.02750460
235	0.02750632
236	0.02748944
237	0.02749358
238	0.02748429
239	0.02746462
240	0.02749299
241	0.02746233
242	0.02749877
243	0.02751064
244	0.02750191
245	0.02750234
246	0.02752843
247	0.02751787
248	0.02751552
249	0.02752861
250	0.02754082
251	0.02753902
252	0.02755407
253	0.02754606
254	0.02756217
255	0.02757172
256	0.02755824
257	0.02757800
258	0.02756372
259	0.02757328
260	0.02757478
261	0.02758063
262	0.02758540
263	0.02759799
264	0.02761545
265	0.02761423
266	0.02760688
267	0.02762117
268	0.02764273
269	0.02763420
270	0.02764122
271	0.02764508
272	0.02763683
273	0.02762160
274	0.02766060
275	0.02765436
276	0.02766153
277	0.02765453
278	0.02766362
279	0.02768325
280	0.02768503
281	0.02770481
282	0.02766681
283	0.02769064
284	0.02769996
285	0.02770665
286	0.02772353
287	0.02771986
288	0.02772791
289	0.02772147
290	0.02773945
291	0.02772035
292	0.02775104
293	0.02774834
294	0.02773794
295	0.02775369
296	0.02776896
297	0.02776424
298	0.02780284
299	0.02777973
300	0.02779917
301	0.02776581
302	0.02778985
303	0.02779015
304	0.02780299
305	0.02779850
306	0.02780086
307	0.02781322
308	0.02779499
309	0.02781031
310	0.02781495
311	0.02782520
312	0.02781818
313	0.02782392
314	0.02781491
315	0.02783265
316	0.02782104
317	0.02780211
318	0.02780285
319	0.02779008
320	0.02782340
321	0.02779754
322	0.02781356
323	0.02780279
324	0.02778543
325	0.02778198
326	0.02778580
327	0.02777720
328	0.02777060
329	0.02779064
330	0.02778905
331	0.02778718
332	0.02780372
333	0.02777543
334	0.02779941
335	0.02780331
336	0.02781073
337	0.02779895
338	0.02780559
339	0.02780646
340	0.02781223
341	0.02781532
342	0.02781272
343	0.02782645
344	0.02783654
345	0.02781702
346	0.02780363
347	0.02783595
348	0.02784185
349	0.02783494
350	0.02783162
351	0.02785837
352	0.02784698
353	0.02786658
354	0.02783839
355	0.02786502
356	0.02786913
357	0.02786585
358	0.02786688
359	0.02790241
360	0.02787657
361	0.02790527
362	0.02790445
363	0.02789815
364	0.02793217
365	0.02790236
366	0.02788762
367	0.02793250
368	0.02793524
369	0.02791725
370	0.02792843
371	0.02795454
372	0.02794931
373	0.02795530
374	0.02794272
375	0.02795021
376	0.02795167
377	0.02795465
378	0.02794067
379	0.02795904
380	0.02795617
381	0.02794982
382	0.02796948
383	0.02796256
384	0.02795810
385	0.02795891
386	0.02798088
387	0.02797739
388	0.02796214
389	0.02799109
390	0.02797796
391	0.02796800
392	0.02798242
393	0.02796416
394	0.02795465
395	0.02797931
396	0.02796622
397	0.02794603
398	0.02794022
399	0.02793268
400	0.02792419
401	0.02791450
402	0.02789964
403	0.02789925
404	0.02791796
405	0.02788735
406	0.02787451
407	0.02785362
408	0.02785877
409	0.02782223
410	0.02784919
411	0.02783293
412	0.02779794
413	0.02780758
414	0.02777816
415	0.02773528
416	0.02777243
417	0.02778183
418	0.02776605
419	0.02775295
420	0.02776236
421	0.02775621
422	0.02773695
423	0.02774917
424	0.02774568
425	0.02774395
426	0.02772931
427	0.02770981
428	0.02770190
429	0.02770308
430	0.02769311
431	0.02770804
432	0.02768577
433	0.02769489
434	0.02768978
435	0.02769384
436	0.02769713
437	0.02770942
438	0.02769146
439	0.02767244
440	0.02768009
441	0.02770630
442	0.02769463
443	0.02769264
444	0.02770953
445	0.02768624
446	0.02770346
447	0.02770566
448	0.02769532
449	0.02768636
450	0.02769077
451	0.02769311
452	0.02769547
453	0.02771236
454	0.02769893
455	0.02772474
456	0.02771424
457	0.02771788
458	0.02769110
459	0.02768583
460	0.02770529
461	0.02770392
462	0.02770556
463	0.02769101
464	0.02769827
465	0.02771067
466	0.02770525
467	0.02769283
468	0.02766796
469	0.02768121
470	0.02768608
471	0.02769456
472	0.02769519
473	0.02768024
474	0.02769192
475	0.02768278
476	0.02769123
477	0.02769578
478	0.02769141
479	0.02769567
480	0.02770139
481	0.02769564
482	0.02768662
483	0.02768693
484	0.02768373
485	0.02769668
486	0.02767321
487	0.02768419
488	0.02767052
489	0.02769330
490	0.02769896
491	0.02768846
492	0.02769540
493	0.02770613
494	0.02769859
495	0.02770272
496	0.02770110
497	0.02769304
498	0.02766773
499	0.02772065
500	0.02772013
501	0.02765663
502	0.02766686
503	0.02765964
504	0.02766642
505	0.02766247
506	0.02766139
507	0.02767252
508	0.02765665
509	0.02765322
510	0.02762611
511	0.02767440
512	0.02765502
513	0.02763839
514	0.02761775
515	0.02760874
516	0.02759947
517	0.02762215
518	0.02762236
519	0.02758555
520	0.02760950
521	0.02758714
522	0.02761343
523	0.02760985
524	0.02758289
525	0.02759876
526	0.02757292
527	0.02757993
528	0.02758136
529	0.02757990
530	0.02757506
531	0.02758023
532	0.02754586
533	0.02755839
534	0.02755113
535	0.02754888
536	0.02755491
537	0.02753655
538	0.02755115
539	0.02754297
540	0.02754783
541	0.02755449
542	0.02752627
543	0.02754080
544	0.02753051
545	0.02752375
546	0.02752381
547	0.02752598
548	0.02748013
549	0.02750647
550	0.02747505
551	0.02746734
552	0.02748508
553	0.02750000
554	0.02750574
555	0.02748110
556	0.02749444
557	0.02747449
558	0.02742496
559	0.02749250
560	0.02747682
561	0.02746731
562	0.02744177
563	0.02746647
564	0.02747700
565	0.02746882
566	0.02744837
567	0.02746604
568	0.02745573
569	0.02742756
570	0.02742383
571	0.02743786
572	0.02749088
573	0.02744772
574	0.02748565
575	0.02749313
576	0.02750095
577	0.02747936
578	0.02747729
579	0.02748301
580	0.02750670
581	0.02748622
582	0.02746741
583	0.02748112
584	0.02747906
585	0.02745726
586	0.02739379
587	0.02741612
588	0.02745232
589	0.02741846
590	0.02739839
591	0.02744473
592	0.02743567
593	0.02744263
594	0.02744648
595	0.02742373
596	0.02743939
597	0.02735620
598	0.02739128
599	0.02735515
600	0.02739909