	C:\Users\jkuzm\OneDrive - University of Massachusetts\HRSL x UMILL-PUMA Fatigue - Fatigue\Data\F01\FR3_static1.c3d _ImpedanceExport
	RCAL3
	TARGET
	ORIGINAL
ITEM	X
1	0.46946394
2	0.46945590
3	0.46944445
4	0.46946070
5	0.46946588
6	0.46948501
7	0.46946287
8	0.46949089
9	0.46950519
10	0.46949390
11	0.46948245
12	0.46948370
13	0.46949500
14	0.46950027
15	0.46947858
16	0.46950275
17	0.46950600
18	0.46949029
19	0.46949136
20	0.46951666
21	0.46949434
22	0.46952480
23	0.46951020
24	0.46949491
25	0.46948794
26	0.46949932
27	0.46949530
28	0.46951300
29	0.46952167
30	0.46951371
31	0.46950585
32	0.46950680
33	0.46950361
34	0.46948844
35	0.46949309
36	0.46948826
37	0.46950641
38	0.46947643
39	0.46950549
40	0.46946746
41	0.46948570
42	0.46947530
43	0.46949366
44	0.46947655
45	0.46947330
46	0.46947214
47	0.46948287
48	0.46948883
49	0.46948856
50	0.46947172
51	0.46947175
52	0.46947324
53	0.46945950
54	0.46947524
55	0.46948034
56	0.46947268
57	0.46944624
58	0.46942413
59	0.46945861
60	0.46945554
61	0.46947676
62	0.46947008
63	0.46944904
64	0.46943364
65	0.46944666
66	0.46944785
67	0.46942899
68	0.46943983
69	0.46943349
70	0.46941271
71	0.46942106
72	0.46942997
73	0.46942556
74	0.46943173
75	0.46942154
76	0.46941271
77	0.46941552
78	0.46943036
79	0.46941006
80	0.46940374
81	0.46939898
82	0.46942586
83	0.46942112
84	0.46940950
85	0.46940753
86	0.46941417
87	0.46942553
88	0.46940616
89	0.46944293
90	0.46942735
91	0.46942371
92	0.46941099
93	0.46941492
94	0.46940890
95	0.46942690
96	0.46945190
97	0.46942797
98	0.46943641
99	0.46943823
100	0.46942809
101	0.46943778
102	0.46941143
103	0.46942258
104	0.46942917
105	0.46941915
106	0.46941873
107	0.46942532
108	0.46941841
109	0.46944207
110	0.46943158
111	0.46942133
112	0.46942499
113	0.46941119
114	0.46943018
115	0.46941870
116	0.46940136
117	0.46941963
118	0.46942595
119	0.46943995
120	0.46944302
121	0.46941921
122	0.46941960
123	0.46940619
124	0.46941337
125	0.46939614
126	0.46940708
127	0.46942890
128	0.46940511
129	0.46943399
130	0.46943095
131	0.46943617
132	0.46943185
133	0.46942985
134	0.46941990
135	0.46942985
136	0.46941859
137	0.46940479
138	0.46941060
139	0.46941942
140	0.46940538
141	0.46942541
142	0.46943921
143	0.46940264
144	0.46940404
145	0.46941543
146	0.46941108
147	0.46942014
148	0.46940207
149	0.46940675
150	0.46940652
151	0.46940345
152	0.46940416
153	0.46940398
154	0.46941224
155	0.46940446
156	0.46939862
157	0.46941072
158	0.46939662
159	0.46939531
160	0.46940130
161	0.46940547
162	0.46939743
163	0.46940103
164	0.46939689
165	0.46940085
166	0.46941069
167	0.46939376
168	0.46938053
169	0.46940792
170	0.46939570
171	0.46938992
172	0.46937928
173	0.46937442
174	0.46936274
175	0.46936452
176	0.46934244
177	0.46936688
178	0.46936029
179	0.46933174
180	0.46936798
181	0.46934816
182	0.46933663
183	0.46934581
184	0.46935505
185	0.46935835
186	0.46934956
187	0.46933967
188	0.46935543
189	0.46933520
190	0.46935168
191	0.46938139
192	0.46934807
193	0.46935463
194	0.46935254
195	0.46936613
196	0.46935472
197	0.46934655
198	0.46933147
199	0.46934283
200	0.46933493
201	0.46933338
202	0.46933594
203	0.46933487
204	0.46934295
205	0.46934739
206	0.46933267
207	0.46933985
208	0.46934393
209	0.46932724
210	0.46934259
211	0.46932751
212	0.46933988
213	0.46934277
214	0.46934640
215	0.46935508
216	0.46935168
217	0.46935594
218	0.46935588
219	0.46933678
220	0.46933419
221	0.46932712
222	0.46934319
223	0.46934149
224	0.46934175
225	0.46933782
226	0.46932715
227	0.46933359
228	0.46931747
229	0.46932840
230	0.46931577
231	0.46933636
232	0.46930015
233	0.46931162
234	0.46933657
235	0.46934673
236	0.46934009
237	0.46932986
238	0.46933725
239	0.46932983
240	0.46933794
241	0.46933502
242	0.46933299
243	0.46932468
244	0.46932554
245	0.46931466
246	0.46932578
247	0.46931013
248	0.46933019
249	0.46930653
250	0.46930462
251	0.46930644
252	0.46931279
253	0.46929896
254	0.46932024
255	0.46931028
256	0.46930480
257	0.46930036
258	0.46929687
259	0.46927977
260	0.46928740
261	0.46928659
262	0.46927744
263	0.46929017
264	0.46928567
265	0.46929300
266	0.46929440
267	0.46929717
268	0.46928436
269	0.46926543
270	0.46928823
271	0.46928343
272	0.46928650
273	0.46928585
274	0.46928191
275	0.46928677
276	0.46930280
277	0.46930990
278	0.46927458
279	0.46929201
280	0.46928462
281	0.46928546
282	0.46928993
283	0.46927935
284	0.46929416
285	0.46927792
286	0.46928436
287	0.46928269
288	0.46929091
289	0.46929556
290	0.46928132
291	0.46927851
292	0.46928915
293	0.46929812
294	0.46926457
295	0.46929988
296	0.46928027
297	0.46926403
298	0.46928823
299	0.46927622
300	0.46928373
301	0.46927160
302	0.46927300
303	0.46928352
304	0.46928278
305	0.46927169
306	0.46927285
307	0.46927691
308	0.46928370
309	0.46928364
310	0.46927732
311	0.46927875
312	0.46928608
313	0.46929419
314	0.46928880
315	0.46929261
316	0.46928284
317	0.46929070
318	0.46928966
319	0.46930593
320	0.46931097
321	0.46930060
322	0.46929893
323	0.46930039
324	0.46930549
325	0.46929407
326	0.46930936
327	0.46928868
328	0.46931097
329	0.46931207
330	0.46931031
331	0.46931666
332	0.46929595
333	0.46929470
334	0.46929759
335	0.46928692
336	0.46930161
337	0.46929425
338	0.46928114
339	0.46929601
340	0.46930096
341	0.46929428
342	0.46929148
343	0.46929589
344	0.46930605
345	0.46930718
346	0.46930435
347	0.46931678
348	0.46930254
349	0.46930027
350	0.46929443
351	0.46931297
352	0.46930736
353	0.46930489
354	0.46931505
355	0.46930826
356	0.46930146
357	0.46930853
358	0.46930629
359	0.46930370
360	0.46931612
361	0.46931627
362	0.46931943
363	0.46932510
364	0.46931520
365	0.46931213
366	0.46931982
367	0.46931511
368	0.46931776
369	0.46930808
370	0.46930146
371	0.46930602
372	0.46928644
373	0.46931398
374	0.46928811
375	0.46929073
376	0.46927482
377	0.46927807
378	0.46928102
379	0.46927744
380	0.46926799
381	0.46929038
382	0.46929109
383	0.46930248
384	0.46928552
385	0.46926990
386	0.46928707
387	0.46929821
388	0.46928868
389	0.46928546
390	0.46929246
391	0.46929604
392	0.46928442
393	0.46929252
394	0.46929806
395	0.46929204
396	0.46929833
397	0.46929294
398	0.46929780
399	0.46927881
400	0.46928158
401	0.46931249
402	0.46930617
403	0.46930405
404	0.46931481
405	0.46930271
406	0.46929467
407	0.46929911
408	0.46930870
409	0.46929511
410	0.46929309
411	0.46929154
412	0.46929005
413	0.46930304
414	0.46931326
415	0.46930981
416	0.46930605
417	0.46928760
418	0.46930033
419	0.46928880
420	0.46929443
421	0.46929654
422	0.46930799
423	0.46929511
424	0.46928081
425	0.46928626
426	0.46928668
427	0.46926877
428	0.46928293
429	0.46926296
430	0.46927536
431	0.46927205
432	0.46926555
433	0.46928105
434	0.46929580
435	0.46929717
436	0.46927884
437	0.46931449
438	0.46931607
439	0.46928996
440	0.46931818
441	0.46930858
442	0.46930119
443	0.46931735
444	0.46930170
445	0.46930036
446	0.46931225
447	0.46929646
448	0.46930391
449	0.46930498
450	0.46929169
451	0.46931738
452	0.46931121
453	0.46931365
454	0.46930701
455	0.46930188
456	0.46931437
457	0.46930805
458	0.46930334
459	0.46932164
460	0.46931183
461	0.46929100
462	0.46928841
463	0.46930051
464	0.46929735
465	0.46930063
466	0.46931714
467	0.46931127
468	0.46930099
469	0.46930316
470	0.46930039
471	0.46930242
472	0.46930817
473	0.46930778
474	0.46929729
475	0.46931881
476	0.46932971
477	0.46929869
478	0.46933031
479	0.46930549
480	0.46933132
481	0.46931779
482	0.46929085
483	0.46930054
484	0.46931577
485	0.46932113
486	0.46932179
487	0.46931529
488	0.46932167
489	0.46933126
490	0.46932557
491	0.46933034
492	0.46930197
493	0.46931231
494	0.46932784
495	0.46931857
496	0.46931258
497	0.46930826
498	0.46930277
499	0.46931434
500	0.46930900
501	0.46932712
502	0.46931949
503	0.46933782
504	0.46931827
505	0.46932021
506	0.46932590
507	0.46930680
508	0.46930724
509	0.46930182
510	0.46930966
511	0.46930748
512	0.46932274
513	0.46933416
514	0.46932915
515	0.46931282
516	0.46930426
517	0.46931091
518	0.46930170
519	0.46929947
520	0.46929765
521	0.46928316
522	0.46928206
523	0.46929273
524	0.46931961
525	0.46933711
526	0.46931824
527	0.46931380
528	0.46931869
529	0.46931377
530	0.46930811
531	0.46929234
532	0.46930870
533	0.46929711
534	0.46933272
535	0.46931016
536	0.46930149
537	0.46931860
538	0.46932590
539	0.46932757
540	0.46930093
541	0.46929818
542	0.46931726
543	0.46931252
544	0.46931592
545	0.46930972
546	0.46931127
547	0.46932742
548	0.46931452
549	0.46934211
550	0.46933404
551	0.46933052
552	0.46934411
553	0.46931475
554	0.46933135
555	0.46932340
556	0.46932024
557	0.46933821
558	0.46932733
559	0.46933869
560	0.46933359
561	0.46933651
562	0.46933720
563	0.46932313
564	0.46933624
565	0.46930873
566	0.46934053
567	0.46930048
568	0.46930978
569	0.46930763
570	0.46931377
571	0.46931288
572	0.46930802
573	0.46932739
574	0.46933153
575	0.46932656
576	0.46931913
577	0.46931985
578	0.46934062
579	0.46933460
580	0.46932489
581	0.46933287
582	0.46934775
583	0.46935132
584	0.46934280
585	0.46934903
586	0.46932718
587	0.46933684
588	0.46933538
589	0.46934885
590	0.46932921
591	0.46934721
592	0.46934649
593	0.46933994
594	0.46934009
595	0.46932989
596	0.46932933
597	0.46932971
598	0.46935871
599	0.46934158
600	0.46936822