	C:\Users\jkuzm\OneDrive - University of Massachusetts\HRSL x UMILL-PUMA Fatigue - Fatigue\Data\F01\FR3_static1.c3d _ImpedanceExport
	LMT1H
	TARGET
	ORIGINAL
ITEM	Z
1	0.03274052
2	0.03276513
3	0.03276189
4	0.03273938
5	0.03276603
6	0.03274073
7	0.03275461
8	0.03273534
9	0.03273791
10	0.03275652
11	0.03277165
12	0.03274437
13	0.03276966
14	0.03275431
15	0.03275063
16	0.03275052
17	0.03275041
18	0.03273985
19	0.03278204
20	0.03274907
21	0.03277518
22	0.03277389
23	0.03274008
24	0.03276147
25	0.03276559
26	0.03276262
27	0.03276370
28	0.03271793
29	0.03273617
30	0.03272818
31	0.03274686
32	0.03275677
33	0.03273438
34	0.03273902
35	0.03272413
36	0.03273817
37	0.03274773
38	0.03271900
39	0.03270902
40	0.03271127
41	0.03270216
42	0.03270586
43	0.03271751
44	0.03270199
45	0.03269309
46	0.03272195
47	0.03269915
48	0.03268792
49	0.03268398
50	0.03265643
51	0.03264727
52	0.03265077
53	0.03266580
54	0.03265963
55	0.03266183
56	0.03263031
57	0.03269231
58	0.03266665
59	0.03268658
60	0.03265228
61	0.03264654
62	0.03266181
63	0.03265103
64	0.03264020
65	0.03264257
66	0.03264472
67	0.03265600
68	0.03263664
69	0.03262042
70	0.03262565
71	0.03262884
72	0.03261100
73	0.03260561
74	0.03261878
75	0.03260301
76	0.03259845
77	0.03261374
78	0.03260786
79	0.03259846
80	0.03257465
81	0.03260006
82	0.03259253
83	0.03259915
84	0.03257602
85	0.03258848
86	0.03256695
87	0.03258765
88	0.03258545
89	0.03260501
90	0.03259426
91	0.03258454
92	0.03258478
93	0.03259078
94	0.03257072
95	0.03256712
96	0.03255582
97	0.03257687
98	0.03257564
99	0.03258307
100	0.03257425
101	0.03257492
102	0.03259938
103	0.03256967
104	0.03258387
105	0.03259361
106	0.03257982
107	0.03260672
108	0.03260646
109	0.03256775
110	0.03257586
111	0.03260194
112	0.03259325
113	0.03260142
114	0.03258171
115	0.03258337
116	0.03255744
117	0.03255072
118	0.03257177
119	0.03258659
120	0.03257433
121	0.03258804
122	0.03258798
123	0.03259304
124	0.03258058
125	0.03258682
126	0.03258514
127	0.03256276
128	0.03256379
129	0.03255872
130	0.03257708
131	0.03255624
132	0.03256212
133	0.03254128
134	0.03258025
135	0.03255250
136	0.03258219
137	0.03256068
138	0.03253862
139	0.03254285
140	0.03255382
141	0.03255571
142	0.03255531
143	0.03254610
144	0.03252018
145	0.03252488
146	0.03254849
147	0.03253066
148	0.03255241
149	0.03254660
150	0.03254906
151	0.03252673
152	0.03251976
153	0.03252354
154	0.03254053
155	0.03252736
156	0.03256393
157	0.03253561
158	0.03254892
159	0.03253658
160	0.03252263
161	0.03253124
162	0.03253097
163	0.03252867
164	0.03254205
165	0.03251626
166	0.03253637
167	0.03251603
168	0.03252975
169	0.03252945
170	0.03252614
171	0.03252350
172	0.03250641
173	0.03248940
174	0.03248954
175	0.03248977
176	0.03252802
177	0.03251792
178	0.03253012
179	0.03253172
180	0.03252431
181	0.03251896
182	0.03251433
183	0.03254669
184	0.03252529
185	0.03252473
186	0.03252785
187	0.03249541
188	0.03251021
189	0.03251832
190	0.03249375
191	0.03252085
192	0.03249840
193	0.03248179
194	0.03250422
195	0.03251017
196	0.03250514
197	0.03251834
198	0.03251195
199	0.03252606
200	0.03250239
201	0.03249812
202	0.03250217
203	0.03251788
204	0.03248022
205	0.03250192
206	0.03251338
207	0.03249560
208	0.03249216
209	0.03247284
210	0.03249431
211	0.03248738
212	0.03249434
213	0.03248325
214	0.03247257
215	0.03247801
216	0.03248551
217	0.03247572
218	0.03245847
219	0.03247017
220	0.03247070
221	0.03246855
222	0.03248425
223	0.03250371
224	0.03247624
225	0.03246105
226	0.03245335
227	0.03247768
228	0.03247581
229	0.03246355
230	0.03244763
231	0.03246801
232	0.03248566
233	0.03247002
234	0.03244122
235	0.03247106
236	0.03248427
237	0.03246917
238	0.03246183
239	0.03245379
240	0.03244099
241	0.03244071
242	0.03245132
243	0.03246055
244	0.03243684
245	0.03244041
246	0.03243854
247	0.03242461
248	0.03243254
249	0.03244813
250	0.03242419
251	0.03241769
252	0.03242201
253	0.03244137
254	0.03241681
255	0.03243107
256	0.03243493
257	0.03242056
258	0.03241082
259	0.03239446
260	0.03239629
261	0.03240433
262	0.03241840
263	0.03238938
264	0.03240579
265	0.03241709
266	0.03240949
267	0.03238399
268	0.03241265
269	0.03240704
270	0.03241996
271	0.03238545
272	0.03240582
273	0.03239998
274	0.03237369
275	0.03240110
276	0.03238498
277	0.03242064
278	0.03240477
279	0.03238897
280	0.03240535
281	0.03240580
282	0.03239325
283	0.03239205
284	0.03237985
285	0.03239414
286	0.03235804
287	0.03237954
288	0.03236739
289	0.03235985
290	0.03235632
291	0.03235396
292	0.03238086
293	0.03236636
294	0.03234760
295	0.03235760
296	0.03235669
297	0.03234078
298	0.03236414
299	0.03236038
300	0.03235233
301	0.03234381
302	0.03236305
303	0.03236788
304	0.03235166
305	0.03235753
306	0.03232923
307	0.03234044
308	0.03231227
309	0.03234415
310	0.03239493
311	0.03234746
312	0.03236924
313	0.03234927
314	0.03236279
315	0.03235057
316	0.03232510
317	0.03236101
318	0.03233474
319	0.03232007
320	0.03235054
321	0.03232900
322	0.03236342
323	0.03233567
324	0.03235497
325	0.03237531
326	0.03233939
327	0.03237464
328	0.03235766
329	0.03235301
330	0.03234696
331	0.03238020
332	0.03235852
333	0.03235746
334	0.03238740
335	0.03237374
336	0.03239245
337	0.03232935
338	0.03236738
339	0.03235327
340	0.03234531
341	0.03238290
342	0.03238389
343	0.03235949
344	0.03237397
345	0.03235288
346	0.03237339
347	0.03235751
348	0.03235201
349	0.03233647
350	0.03235440
351	0.03233741
352	0.03233859
353	0.03234711
354	0.03232913
355	0.03236378
356	0.03236280
357	0.03236207
358	0.03232540
359	0.03235005
360	0.03234338
361	0.03233117
362	0.03235139
363	0.03233234
364	0.03233831
365	0.03233152
366	0.03233016
367	0.03232795
368	0.03233589
369	0.03231454
370	0.03230658
371	0.03232362
372	0.03233232
373	0.03234500
374	0.03232016
375	0.03230394
376	0.03231657
377	0.03229374
378	0.03229636
379	0.03228831
380	0.03228306
381	0.03231540
382	0.03229131
383	0.03228969
384	0.03228658
385	0.03229453
386	0.03230149
387	0.03230562
388	0.03227492
389	0.03233894
390	0.03230437
391	0.03230904
392	0.03227540
393	0.03229303
394	0.03233224
395	0.03229131
396	0.03229298
397	0.03230594
398	0.03229365
399	0.03228070
400	0.03233423
401	0.03231258
402	0.03230323
403	0.03229088
404	0.03229669
405	0.03231245
406	0.03231835
407	0.03229838
408	0.03229938
409	0.03233531
410	0.03230406
411	0.03232877
412	0.03234174
413	0.03233089
414	0.03231594
415	0.03227706
416	0.03228298
417	0.03230739
418	0.03234615
419	0.03232485
420	0.03234307
421	0.03234878
422	0.03236482
423	0.03235714
424	0.03236229
425	0.03233511
426	0.03234200
427	0.03235583
428	0.03234531
429	0.03235380
430	0.03235476
431	0.03237107
432	0.03238028
433	0.03236615
434	0.03238530
435	0.03239302
436	0.03239303
437	0.03239820
438	0.03238066
439	0.03237137
440	0.03234511
441	0.03234503
442	0.03234169
443	0.03236574
444	0.03239568
445	0.03237807
446	0.03239666
447	0.03238600
448	0.03237963
449	0.03237195
450	0.03237377
451	0.03237373
452	0.03236225
453	0.03240381
454	0.03238972
455	0.03239086
456	0.03240342
457	0.03238754
458	0.03239344
459	0.03239628
460	0.03241298
461	0.03241709
462	0.03238975
463	0.03239334
464	0.03238074
465	0.03242993
466	0.03241791
467	0.03240355
468	0.03239870
469	0.03241945
470	0.03239850
471	0.03239227
472	0.03241373
473	0.03239823
474	0.03240117
475	0.03239628
476	0.03243033
477	0.03242875
478	0.03240100
479	0.03240379
480	0.03241805
481	0.03242186
482	0.03242298
483	0.03244774
484	0.03240339
485	0.03242115
486	0.03243990
487	0.03241476
488	0.03243793
489	0.03242449
490	0.03242692
491	0.03242951
492	0.03242888
493	0.03242160
494	0.03242106
495	0.03242069
496	0.03242633
497	0.03241663
498	0.03242906
499	0.03243865
500	0.03243084
501	0.03246584
502	0.03243569
503	0.03243755
504	0.03240092
505	0.03243238
506	0.03243255
507	0.03243564
508	0.03242836
509	0.03244339
510	0.03244274
511	0.03243555
512	0.03242614
513	0.03244729
514	0.03243743
515	0.03241816
516	0.03244924
517	0.03243868
518	0.03245366
519	0.03241950
520	0.03245299
521	0.03242963
522	0.03244056
523	0.03245236
524	0.03243779
525	0.03243772
526	0.03244076
527	0.03241243
528	0.03246507
529	0.03244793
530	0.03245106
531	0.03244952
532	0.03247097
533	0.03245012
534	0.03246047
535	0.03245384
536	0.03245304
537	0.03245508
538	0.03246078
539	0.03246833
540	0.03244091
541	0.03246063
542	0.03246331
543	0.03246462
544	0.03248192
545	0.03246391
546	0.03245944
547	0.03247867
548	0.03248044
549	0.03245540
550	0.03246101
551	0.03247613
552	0.03246930
553	0.03243696
554	0.03247306
555	0.03246631
556	0.03245549
557	0.03249256
558	0.03249298
559	0.03246973
560	0.03248310
561	0.03247105
562	0.03248040
563	0.03248021
564	0.03246289
565	0.03244488
566	0.03248401
567	0.03245329
568	0.03244773
569	0.03245604
570	0.03246198
571	0.03248714
572	0.03246417
573	0.03246438
574	0.03246881
575	0.03246100
576	0.03247377
577	0.03248101
578	0.03246152
579	0.03248941
580	0.03248349
581	0.03248821
582	0.03246994
583	0.03247284
584	0.03246567
585	0.03245868
586	0.03248211
587	0.03247813
588	0.03249463
589	0.03249041
590	0.03249367
591	0.03247470
592	0.03248313
593	0.03248969
594	0.03248700
595	0.03249225
596	0.03248480
597	0.03248567
598	0.03252297
599	0.03250241
600	0.03249105