	C:\Users\jkuzm\OneDrive - University of Massachusetts\HRSL x UMILL-PUMA Fatigue - Fatigue\Data\F01\FR3_static1.c3d _ImpedanceExport
	RMT5H
	TARGET
	ORIGINAL
ITEM	Y
1	0.43044791
2	0.43045601
3	0.43043795
4	0.43045408
5	0.43051457
6	0.43051711
7	0.43052328
8	0.43053019
9	0.43052518
10	0.43054584
11	0.43055445
12	0.43055275
13	0.43055391
14	0.43054664
15	0.43055633
16	0.43054280
17	0.43057442
18	0.43055943
19	0.43056864
20	0.43055305
21	0.43056828
22	0.43055582
23	0.43055889
24	0.43055591
25	0.43058166
26	0.43057689
27	0.43058103
28	0.43058693
29	0.43059409
30	0.43059608
31	0.43059841
32	0.43060246
33	0.43060693
34	0.43060857
35	0.43061998
36	0.43060422
37	0.43059960
38	0.43062288
39	0.43062317
40	0.43063122
41	0.43064779
42	0.43065521
43	0.43065447
44	0.43064484
45	0.43066376
46	0.43064579
47	0.43065771
48	0.43066436
49	0.43066630
50	0.43068585
51	0.43067458
52	0.43068361
53	0.43069109
54	0.43070573
55	0.43071234
56	0.43070742
57	0.43070596
58	0.43070731
59	0.43073815
60	0.43074170
61	0.43073702
62	0.43074387
63	0.43074423
64	0.43073553
65	0.43074000
66	0.43074608
67	0.43073088
68	0.43074125
69	0.43074772
70	0.43074763
71	0.43075249
72	0.43073767
73	0.43074498
74	0.43075499
75	0.43075889
76	0.43075305
77	0.43075582
78	0.43075043
79	0.43073818
80	0.43074763
81	0.43077347
82	0.43076155
83	0.43076712
84	0.43075958
85	0.43076187
86	0.43077958
87	0.43076220
88	0.43077993
89	0.43075487
90	0.43076205
91	0.43076530
92	0.43076238
93	0.43076783
94	0.43077031
95	0.43076015
96	0.43076867
97	0.43076578
98	0.43078107
99	0.43076888
100	0.43077087
101	0.43076771
102	0.43077868
103	0.43077335
104	0.43078268
105	0.43077335
106	0.43076718
107	0.43078291
108	0.43077460
109	0.43079349
110	0.43078238
111	0.43078747
112	0.43077797
113	0.43077612
114	0.43076959
115	0.43077821
116	0.43077242
117	0.43079007
118	0.43078002
119	0.43080327
120	0.43080652
121	0.43079010
122	0.43079486
123	0.43079621
124	0.43078762
125	0.43080655
126	0.43079942
127	0.43078983
128	0.43078512
129	0.43079105
130	0.43080577
131	0.43079543
132	0.43080482
133	0.43081459
134	0.43079516
135	0.43080214
136	0.43081284
137	0.43080571
138	0.43078816
139	0.43080366
140	0.43081331
141	0.43080559
142	0.43079981
143	0.43081945
144	0.43081146
145	0.43079957
146	0.43080610
147	0.43080613
148	0.43080217
149	0.43079832
150	0.43080580
151	0.43082348
152	0.43081206
153	0.43080947
154	0.43082032
155	0.43081766
156	0.43083286
157	0.43082136
158	0.43081635
159	0.43081382
160	0.43083155
161	0.43081713
162	0.43083033
163	0.43083891
164	0.43082964
165	0.43081322
166	0.43082482
167	0.43081552
168	0.43081287
169	0.43081975
170	0.43082935
171	0.43082011
172	0.43083498
173	0.43082771
174	0.43083760
175	0.43085229
176	0.43083957
177	0.43083322
178	0.43085086
179	0.43083900
180	0.43082830
181	0.43083656
182	0.43083838
183	0.43083659
184	0.43085003
185	0.43083829
186	0.43085864
187	0.43086487
188	0.43085852
189	0.43084434
190	0.43083596
191	0.43085727
192	0.43085447
193	0.43084723
194	0.43086272
195	0.43086424
196	0.43088144
197	0.43086034
198	0.43085477
199	0.43085936
200	0.43085772
201	0.43080837
202	0.43086460
203	0.43085027
204	0.43082210
205	0.43082029
206	0.43080139
207	0.43086201
208	0.43089080
209	0.43082425
210	0.43086919
211	0.43089300
212	0.43088293
213	0.43083453
214	0.43082616
215	0.43085191
216	0.43084797
217	0.43085566
218	0.43085191
219	0.43086237
220	0.43086872
221	0.43085262
222	0.43086994
223	0.43092534
224	0.43089002
225	0.43087727
226	0.43088058
227	0.43086115
228	0.43089712
229	0.43089464
230	0.43090022
231	0.43089882
232	0.43088785
233	0.43089536
234	0.43089864
235	0.43090394
236	0.43090865
237	0.43092188
238	0.43089473
239	0.43092275
240	0.43091136
241	0.43090615
242	0.43092602
243	0.43093354
244	0.43092468
245	0.43092918
246	0.43093768
247	0.43093503
248	0.43094528
249	0.43094069
250	0.43094662
251	0.43095148
252	0.43095270
253	0.43094942
254	0.43095797
255	0.43095571
256	0.43095562
257	0.43097422
258	0.43096277
259	0.43097550
260	0.43097985
261	0.43098089
262	0.43098295
263	0.43098295
264	0.43097425
265	0.43099374
266	0.43101281
267	0.43098837
268	0.43100575
269	0.43099231
270	0.43101501
271	0.43098369
272	0.43100870
273	0.43100074
274	0.43103540
275	0.43104428
276	0.43103087
277	0.43101335
278	0.43102288
279	0.43105105
280	0.43102977
281	0.43103555
282	0.43102214
283	0.43105572
284	0.43102562
285	0.43104681
286	0.43102223
287	0.43105024
288	0.43105042
289	0.43105483
290	0.43103907
291	0.43105957
292	0.43104881
293	0.43106225
294	0.43104455
295	0.43106344
296	0.43105718
297	0.43107677
298	0.43108389
299	0.43106648
300	0.43106940
301	0.43107691
302	0.43108454
303	0.43107954
304	0.43110108
305	0.43109944
306	0.43111700
307	0.43109426
308	0.43112728
309	0.43112037
310	0.43111888
311	0.43111214
312	0.43112645
313	0.43116075
314	0.43111089
315	0.43112320
316	0.43114671
317	0.43112397
318	0.43113858
319	0.43114737
320	0.43112090
321	0.43112716
322	0.43113294
323	0.43113387
324	0.43113655
325	0.43112236
326	0.43111950
327	0.43112129
328	0.43111351
329	0.43110695
330	0.43110973
331	0.43111128
332	0.43110666
333	0.43110496
334	0.43111432
335	0.43112373
336	0.43109724
337	0.43110541
338	0.43112293
339	0.43112972
340	0.43112582
341	0.43114841
342	0.43115744
343	0.43112901
344	0.43114227
345	0.43112803
346	0.43115678
347	0.43116161
348	0.43113253
349	0.43114975
350	0.43114242
351	0.43114236
352	0.43115839
353	0.43115729
354	0.43113044
355	0.43114975
356	0.43114790
357	0.43114415
358	0.43114051
359	0.43115148
360	0.43115067
361	0.43115163
362	0.43114766
363	0.43115315
364	0.43117824
365	0.43115103
366	0.43117550
367	0.43117470
368	0.43116337
369	0.43117052
370	0.43116641
371	0.43117896
372	0.43117827
373	0.43117425
374	0.43117353
375	0.43118024
376	0.43116888
377	0.43117377
378	0.43118754
379	0.43118396
380	0.43116644
381	0.43116474
382	0.43115070
383	0.43118212
384	0.43118203
385	0.43119228
386	0.43118277
387	0.43116173
388	0.43117300
389	0.43116203
390	0.43117860
391	0.43118706
392	0.43118188
393	0.43118727
394	0.43117908
395	0.43115309
396	0.43117255
397	0.43116635
398	0.43117392
399	0.43119374
400	0.43115360
401	0.43116084
402	0.43115678
403	0.43118256
404	0.43116686
405	0.43118179
406	0.43116465
407	0.43116391
408	0.43115041
409	0.43113244
410	0.43114555
411	0.43110391
412	0.43112275
413	0.43110064
414	0.43110114
415	0.43109784
416	0.43107378
417	0.43108502
418	0.43108839
419	0.43108317
420	0.43106103
421	0.43106818
422	0.43107495
423	0.43108004
424	0.43108842
425	0.43107641
426	0.43106166
427	0.43106115
428	0.43105918
429	0.43105203
430	0.43105075
431	0.43103603
432	0.43104056
433	0.43104354
434	0.43105149
435	0.43106279
436	0.43106136
437	0.43106255
438	0.43105587
439	0.43105081
440	0.43106729
441	0.43106699
442	0.43104032
443	0.43105352
444	0.43105006
445	0.43104944
446	0.43104705
447	0.43104258
448	0.43106037
449	0.43107018
450	0.43105778
451	0.43104386
452	0.43103248
453	0.43103227
454	0.43104854
455	0.43104592
456	0.43104434
457	0.43105984
458	0.43106005
459	0.43105403
460	0.43107229
461	0.43105114
462	0.43107659
463	0.43106934
464	0.43106687
465	0.43106025
466	0.43107229
467	0.43106860
468	0.43105620
469	0.43107519
470	0.43106598
471	0.43108028
472	0.43107989
473	0.43109223
474	0.43108562
475	0.43108314
476	0.43107942
477	0.43109012
478	0.43107149
479	0.43107906
480	0.43106142
481	0.43108511
482	0.43108562
483	0.43109605
484	0.43106732
485	0.43108487
486	0.43108231
487	0.43107769
488	0.43108210
489	0.43109524
490	0.43110025
491	0.43109220
492	0.43109888
493	0.43110982
494	0.43111569
495	0.43111303
496	0.43107706
497	0.43107882
498	0.43108130
499	0.43110082
500	0.43107301
501	0.43106809
502	0.43108192
503	0.43107447
504	0.43105519
505	0.43107668
506	0.43105006
507	0.43106797
508	0.43106008
509	0.43108037
510	0.43106240
511	0.43104294
512	0.43105221
513	0.43104863
514	0.43104121
515	0.43105251
516	0.43105480
517	0.43105248
518	0.43105412
519	0.43106616
520	0.43103465
521	0.43103358
522	0.43102118
523	0.43103588
524	0.43104374
525	0.43102214
526	0.43100974
527	0.43099922
528	0.43100962
529	0.43101138
530	0.43102476
531	0.43102613
532	0.43098763
533	0.43100649
534	0.43099338
535	0.43100584
536	0.43100101
537	0.43099630
538	0.43100506
539	0.43100557
540	0.43100253
541	0.43098786
542	0.43099117
543	0.43098593
544	0.43098533
545	0.43097499
546	0.43099803
547	0.43097395
548	0.43098399
549	0.43098286
550	0.43099174
551	0.43097514
552	0.43099910
553	0.43098012
554	0.43095273
555	0.43095493
556	0.43096063
557	0.43098971
558	0.43096980
559	0.43097571
560	0.43095797
561	0.43097097
562	0.43096879
563	0.43097740
564	0.43097287
565	0.43097192
566	0.43097329
567	0.43096542
568	0.43095410
569	0.43098629
570	0.43096682
571	0.43097839
572	0.43095973
573	0.43098506
574	0.43100905
575	0.43098930
576	0.43096891
577	0.43099612
578	0.43098027
579	0.43097463
580	0.43100348
581	0.43096516
582	0.43098000
583	0.43099111
584	0.43099034
585	0.43099076
586	0.43098396
587	0.43098313
588	0.43097571
589	0.43099320
590	0.43096524
591	0.43096778
592	0.43098524
593	0.43098220
594	0.43098313
595	0.43098411
596	0.43099457
597	0.43097904
598	0.43096954
599	0.43095860
600	0.43095261