	C:\Users\jkuzm\OneDrive - University of Massachusetts\HRSL x UMILL-PUMA Fatigue - Fatigue\Data\F01\FR3_static1.c3d _ImpedanceExport
	LTOE
	TARGET
	ORIGINAL
ITEM	X
1	0.09905305
2	0.09906616
3	0.09905774
4	0.09906822
5	0.09908971
6	0.09907404
7	0.09908205
8	0.09907942
9	0.09906798
10	0.09907053
11	0.09906934
12	0.09906442
13	0.09907600
14	0.09905656
15	0.09905997
16	0.09906794
17	0.09905226
18	0.09905133
19	0.09906928
20	0.09904771
21	0.09905402
22	0.09903123
23	0.09903541
24	0.09900736
25	0.09902009
26	0.09903280
27	0.09902108
28	0.09902292
29	0.09902107
30	0.09900936
31	0.09901301
32	0.09899840
33	0.09897676
34	0.09898412
35	0.09895615
36	0.09898613
37	0.09895133
38	0.09895665
39	0.09895528
40	0.09896881
41	0.09895245
42	0.09894736
43	0.09895167
44	0.09893989
45	0.09892295
46	0.09893008
47	0.09893769
48	0.09893765
49	0.09891436
50	0.09891141
51	0.09890784
52	0.09890205
53	0.09889474
54	0.09890778
55	0.09888405
56	0.09887724
57	0.09886773
58	0.09888124
59	0.09889177
60	0.09887934
61	0.09888268
62	0.09888811
63	0.09887749
64	0.09887935
65	0.09887511
66	0.09887805
67	0.09888288
68	0.09886653
69	0.09888744
70	0.09888308
71	0.09888099
72	0.09887883
73	0.09886925
74	0.09888757
75	0.09886242
76	0.09886397
77	0.09888025
78	0.09886341
79	0.09885349
80	0.09885973
81	0.09885611
82	0.09886015
83	0.09887060
84	0.09886695
85	0.09886499
86	0.09886232
87	0.09886540
88	0.09887126
89	0.09887007
90	0.09884857
91	0.09885910
92	0.09886181
93	0.09886453
94	0.09885046
95	0.09885497
96	0.09886658
97	0.09884991
98	0.09886295
99	0.09887353
100	0.09885093
101	0.09885239
102	0.09885384
103	0.09884951
104	0.09884687
105	0.09885276
106	0.09885916
107	0.09886869
108	0.09885674
109	0.09887768
110	0.09885665
111	0.09887066
112	0.09886443
113	0.09886421
114	0.09886400
115	0.09884477
116	0.09886750
117	0.09886036
118	0.09885421
119	0.09885884
120	0.09885333
121	0.09885258
122	0.09884282
123	0.09884498
124	0.09885153
125	0.09885026
126	0.09885691
127	0.09885146
128	0.09887458
129	0.09885442
130	0.09886438
131	0.09886382
132	0.09884957
133	0.09885649
134	0.09883957
135	0.09886428
136	0.09884548
137	0.09884585
138	0.09885798
139	0.09883392
140	0.09886517
141	0.09884072
142	0.09884309
143	0.09885560
144	0.09885448
145	0.09884185
146	0.09884856
147	0.09885152
148	0.09885597
149	0.09885623
150	0.09885355
151	0.09886473
152	0.09883989
153	0.09884629
154	0.09885219
155	0.09885933
156	0.09885173
157	0.09883739
158	0.09884083
159	0.09882587
160	0.09884002
161	0.09883139
162	0.09882572
163	0.09882643
164	0.09884437
165	0.09884489
166	0.09883249
167	0.09882565
168	0.09882902
169	0.09883336
170	0.09882059
171	0.09882186
172	0.09880494
173	0.09882240
174	0.09882348
175	0.09883080
176	0.09882417
177	0.09881993
178	0.09882331
179	0.09882864
180	0.09883291
181	0.09881005
182	0.09881443
183	0.09882968
184	0.09881767
185	0.09882766
186	0.09880868
187	0.09882392
188	0.09881631
189	0.09882541
190	0.09882415
191	0.09884486
192	0.09882758
193	0.09881700
194	0.09882489
195	0.09882563
196	0.09883554
197	0.09883062
198	0.09881394
199	0.09880824
200	0.09880614
201	0.09880893
202	0.09880926
203	0.09881705
204	0.09882832
205	0.09879807
206	0.09882209
207	0.09878793
208	0.09880338
209	0.09880466
210	0.09880160
211	0.09879350
212	0.09877589
213	0.09877815
214	0.09878211
215	0.09879952
216	0.09878655
217	0.09877145
218	0.09879135
219	0.09879269
220	0.09879059
221	0.09879288
222	0.09878233
223	0.09878890
224	0.09878045
225	0.09877981
226	0.09878047
227	0.09879654
228	0.09877834
229	0.09877753
230	0.09876872
231	0.09877486
232	0.09877555
233	0.09878936
234	0.09878807
235	0.09877422
236	0.09877774
237	0.09879030
238	0.09877477
239	0.09877328
240	0.09878062
241	0.09878839
242	0.09878592
243	0.09877070
244	0.09878756
245	0.09876537
246	0.09876642
247	0.09875295
248	0.09874547
249	0.09875356
250	0.09875809
251	0.09875215
252	0.09876588
253	0.09878302
254	0.09876011
255	0.09874114
256	0.09875935
257	0.09875690
258	0.09877340
259	0.09875770
260	0.09876998
261	0.09874676
262	0.09876594
263	0.09876392
264	0.09875281
265	0.09876183
266	0.09876359
267	0.09874615
268	0.09875733
269	0.09874448
270	0.09874237
271	0.09875543
272	0.09873459
273	0.09875006
274	0.09874748
275	0.09875719
276	0.09875206
277	0.09874739
278	0.09873030
279	0.09873304
280	0.09875658
281	0.09873807
282	0.09874237
283	0.09873808
284	0.09874786
285	0.09872956
286	0.09873420
287	0.09873971
288	0.09872402
289	0.09871208
290	0.09873917
291	0.09871118
292	0.09872171
293	0.09873921
294	0.09873175
295	0.09872990
296	0.09873524
297	0.09873606
298	0.09874775
299	0.09872325
300	0.09871618
301	0.09873324
302	0.09872387
303	0.09873112
304	0.09873781
305	0.09874435
306	0.09872830
307	0.09872606
308	0.09872713
309	0.09874155
310	0.09873421
311	0.09871616
312	0.09872213
313	0.09872987
314	0.09872617
315	0.09872759
316	0.09873292
317	0.09872473
318	0.09872963
319	0.09872950
320	0.09871616
321	0.09871051
322	0.09870439
323	0.09872455
324	0.09872614
325	0.09872559
326	0.09873692
327	0.09872809
328	0.09873564
329	0.09871896
330	0.09872878
331	0.09874677
332	0.09871890
333	0.09872583
334	0.09872048
335	0.09872491
336	0.09873852
337	0.09873060
338	0.09873641
339	0.09873177
340	0.09872872
341	0.09872090
342	0.09871868
343	0.09871721
344	0.09870283
345	0.09872593
346	0.09871520
347	0.09871577
348	0.09871653
349	0.09872025
350	0.09871235
351	0.09868706
352	0.09868968
353	0.09869430
354	0.09869052
355	0.09869429
356	0.09868616
357	0.09865930
358	0.09871022
359	0.09867826
360	0.09865927
361	0.09866598
362	0.09866836
363	0.09866729
364	0.09865676
365	0.09867016
366	0.09865135
367	0.09866048
368	0.09864392
369	0.09865284
370	0.09865051
371	0.09864990
372	0.09865946
373	0.09865110
374	0.09865699
375	0.09865336
376	0.09864545
377	0.09864102
378	0.09864576
379	0.09865118
380	0.09863313
381	0.09863431
382	0.09861410
383	0.09862796
384	0.09863923
385	0.09863045
386	0.09862989
387	0.09862456
388	0.09861272
389	0.09862150
390	0.09861723
391	0.09860390
392	0.09862887
393	0.09863701
394	0.09864007
395	0.09863383
396	0.09864613
397	0.09865504
398	0.09864706
399	0.09865921
400	0.09866083
401	0.09866653
402	0.09866631
403	0.09865820
404	0.09867501
405	0.09867217
406	0.09868536
407	0.09868375
408	0.09867524
409	0.09866434
410	0.09868933
411	0.09868251
412	0.09869327
413	0.09870225
414	0.09871957
415	0.09871630
416	0.09871680
417	0.09871321
418	0.09872644
419	0.09873583
420	0.09871872
421	0.09871148
422	0.09871927
423	0.09873241
424	0.09872490
425	0.09873264
426	0.09873605
427	0.09874249
428	0.09874169
429	0.09875344
430	0.09874942
431	0.09874681
432	0.09874528
433	0.09875123
434	0.09876313
435	0.09874769
436	0.09876154
437	0.09873532
438	0.09874495
439	0.09873718
440	0.09874734
441	0.09874545
442	0.09874293
443	0.09873985
444	0.09874129
445	0.09874467
446	0.09873948
447	0.09873561
448	0.09874663
449	0.09873692
450	0.09874588
451	0.09874093
452	0.09874374
453	0.09874602
454	0.09874291
455	0.09872796
456	0.09872055
457	0.09874534
458	0.09874053
459	0.09876004
460	0.09876122
461	0.09875315
462	0.09874950
463	0.09875115
464	0.09875661
465	0.09873967
466	0.09874429
467	0.09874482
468	0.09872617
469	0.09874001
470	0.09874989
471	0.09874009
472	0.09873016
473	0.09875508
474	0.09873916
475	0.09872789
476	0.09872587
477	0.09873410
478	0.09873828
479	0.09875119
480	0.09872745
481	0.09875067
482	0.09874456
483	0.09871991
484	0.09874780
485	0.09874900
486	0.09873550
487	0.09874530
488	0.09873566
489	0.09874757
490	0.09872799
491	0.09873173
492	0.09874914
493	0.09873500
494	0.09875663
495	0.09875121
496	0.09872926
497	0.09874643
498	0.09873335
499	0.09874507
500	0.09872452
501	0.09874078
502	0.09874460
503	0.09874301
504	0.09873834
505	0.09873618
506	0.09874720
507	0.09873350
508	0.09875450
509	0.09874424
510	0.09874918
511	0.09875685
512	0.09875434
513	0.09876337
514	0.09876733
515	0.09876295
516	0.09876721
517	0.09877855
518	0.09877657
519	0.09876941
520	0.09876838
521	0.09877729
522	0.09876128
523	0.09879922
524	0.09878349
525	0.09879341
526	0.09878548
527	0.09877499
528	0.09878594
529	0.09878760
530	0.09877215
531	0.09876849
532	0.09878795
533	0.09879791
534	0.09878443
535	0.09878971
536	0.09879874
537	0.09879269
538	0.09878729
539	0.09880672
540	0.09877998
541	0.09877218
542	0.09876493
543	0.09878332
544	0.09878612
545	0.09879011
546	0.09878386
547	0.09879670
548	0.09879712
549	0.09878506
550	0.09879280
551	0.09879760
552	0.09877676
553	0.09879152
554	0.09879144
555	0.09879657
556	0.09879074
557	0.09878934
558	0.09878148
559	0.09878352
560	0.09879538
561	0.09878924
562	0.09879199
563	0.09878943
564	0.09880454
565	0.09879289
566	0.09878115
567	0.09876786
568	0.09877569
569	0.09879690
570	0.09878852
571	0.09880415
572	0.09878702
573	0.09879587
574	0.09878585
575	0.09878235
576	0.09878059
577	0.09877730
578	0.09878594
579	0.09879418
580	0.09878486
581	0.09878172
582	0.09878436
583	0.09878904
584	0.09880032
585	0.09880751
586	0.09881331
587	0.09879512
588	0.09879336
589	0.09880511
590	0.09879326
591	0.09879802
592	0.09880112
593	0.09878348
594	0.09878388
595	0.09880123
596	0.09879507
597	0.09880368
598	0.09879959
599	0.09879603
600	0.09880511