	C:\Users\jkuzm\OneDrive - University of Massachusetts\HRSL x UMILL-PUMA Fatigue - Fatigue\Data\F01\FR3_static1.c3d _ImpedanceExport
	LCAL3
	TARGET
	ORIGINAL
ITEM	X
1	0.14347002
2	0.14345421
3	0.14346352
4	0.14348036
5	0.14348145
6	0.14349551
7	0.14349581
8	0.14350329
9	0.14347507
10	0.14350469
11	0.14349873
12	0.14349285
13	0.14350463
14	0.14349544
15	0.14349744
16	0.14349943
17	0.14350002
18	0.14349835
19	0.14350623
20	0.14350629
21	0.14350085
22	0.14350910
23	0.14350225
24	0.14349303
25	0.14349622
26	0.14348266
27	0.14350982
28	0.14348319
29	0.14348076
30	0.14348251
31	0.14350012
32	0.14350140
33	0.14349374
34	0.14351209
35	0.14350669
36	0.14350379
37	0.14349219
38	0.14349310
39	0.14348501
40	0.14348091
41	0.14348908
42	0.14348896
43	0.14349481
44	0.14349382
45	0.14349312
46	0.14348440
47	0.14349541
48	0.14348634
49	0.14349258
50	0.14349493
51	0.14348480
52	0.14350221
53	0.14350407
54	0.14349887
55	0.14347485
56	0.14349304
57	0.14349449
58	0.14349584
59	0.14349550
60	0.14349970
61	0.14349838
62	0.14350116
63	0.14351033
64	0.14349896
65	0.14350931
66	0.14351144
67	0.14352347
68	0.14350347
69	0.14350852
70	0.14350884
71	0.14351664
72	0.14352989
73	0.14352803
74	0.14351511
75	0.14351824
76	0.14350250
77	0.14351366
78	0.14351133
79	0.14349949
80	0.14350045
81	0.14350317
82	0.14349489
83	0.14349422
84	0.14350460
85	0.14351761
86	0.14351420
87	0.14352065
88	0.14351790
89	0.14350890
90	0.14349343
91	0.14351025
92	0.14352235
93	0.14350198
94	0.14351228
95	0.14351641
96	0.14350216
97	0.14352790
98	0.14350672
99	0.14351730
100	0.14351504
101	0.14352791
102	0.14349946
103	0.14350680
104	0.14351012
105	0.14351198
106	0.14349867
107	0.14350241
108	0.14349554
109	0.14350198
110	0.14350915
111	0.14352414
112	0.14350431
113	0.14351675
114	0.14350924
115	0.14351903
116	0.14352471
117	0.14352755
118	0.14353161
119	0.14350650
120	0.14351144
121	0.14351438
122	0.14350189
123	0.14352299
124	0.14352141
125	0.14351337
126	0.14350638
127	0.14353327
128	0.14352284
129	0.14351134
130	0.14351720
131	0.14351273
132	0.14350863
133	0.14350590
134	0.14350995
135	0.14351943
136	0.14352275
137	0.14352028
138	0.14349884
139	0.14350319
140	0.14351915
141	0.14351384
142	0.14352418
143	0.14350845
144	0.14351068
145	0.14351760
146	0.14349993
147	0.14351740
148	0.14349762
149	0.14350437
150	0.14349811
151	0.14349933
152	0.14349283
153	0.14347649
154	0.14349850
155	0.14350557
156	0.14350560
157	0.14350636
158	0.14352170
159	0.14351588
160	0.14350553
161	0.14350820
162	0.14349739
163	0.14350945
164	0.14352643
165	0.14353128
166	0.14350213
167	0.14349344
168	0.14350985
169	0.14350438
170	0.14350191
171	0.14349425
172	0.14348973
173	0.14349549
174	0.14349553
175	0.14351289
176	0.14350957
177	0.14349535
178	0.14349347
179	0.14348003
180	0.14348857
181	0.14347428
182	0.14347672
183	0.14349937
184	0.14348398
185	0.14348122
186	0.14349088
187	0.14350049
188	0.14348279
189	0.14347509
190	0.14348464
191	0.14348826
192	0.14348240
193	0.14349806
194	0.14349641
195	0.14349636
196	0.14348213
197	0.14349149
198	0.14348055
199	0.14350331
200	0.14347656
201	0.14348350
202	0.14348167
203	0.14348480
204	0.14349487
205	0.14349361
206	0.14349276
207	0.14347667
208	0.14351150
209	0.14349875
210	0.14348434
211	0.14350110
212	0.14350268
213	0.14350019
214	0.14349778
215	0.14347935
216	0.14349277
217	0.14348362
218	0.14346148
219	0.14349879
220	0.14348894
221	0.14349020
222	0.14349411
223	0.14349329
224	0.14349498
225	0.14348495
226	0.14348315
227	0.14346296
228	0.14349835
229	0.14346960
230	0.14347215
231	0.14348587
232	0.14347555
233	0.14348708
234	0.14347568
235	0.14348248
236	0.14349435
237	0.14347047
238	0.14348698
239	0.14349087
240	0.14347470
241	0.14350499
242	0.14346638
243	0.14345318
244	0.14347717
245	0.14345628
246	0.14347185
247	0.14345743
248	0.14346868
249	0.14346066
250	0.14347267
251	0.14345907
252	0.14345717
253	0.14345576
254	0.14346434
255	0.14345914
256	0.14347206
257	0.14347069
258	0.14346719
259	0.14348681
260	0.14347684
261	0.14350110
262	0.14349304
263	0.14349540
264	0.14349759
265	0.14349473
266	0.14350033
267	0.14349788
268	0.14348741
269	0.14348389
270	0.14347774
271	0.14347968
272	0.14348616
273	0.14349793
274	0.14349855
275	0.14350581
276	0.14350034
277	0.14349213
278	0.14348876
279	0.14351262
280	0.14350523
281	0.14350039
282	0.14351104
283	0.14350337
284	0.14348795
285	0.14351128
286	0.14350684
287	0.14350891
288	0.14351521
289	0.14351088
290	0.14351207
291	0.14352231
292	0.14352572
293	0.14351767
294	0.14352050
295	0.14351244
296	0.14351951
297	0.14352730
298	0.14351709
299	0.14352454
300	0.14351760
301	0.14352843
302	0.14352340
303	0.14353421
304	0.14350760
305	0.14352646
306	0.14352806
307	0.14352857
308	0.14355414
309	0.14352025
310	0.14354688
311	0.14353944
312	0.14353128
313	0.14354438
314	0.14352554
315	0.14351134
316	0.14352569
317	0.14352410
318	0.14353198
319	0.14353366
320	0.14351112
321	0.14352623
322	0.14355066
323	0.14353944
324	0.14354445
325	0.14354040
326	0.14352748
327	0.14354289
328	0.14353839
329	0.14352989
330	0.14354086
331	0.14353698
332	0.14353004
333	0.14354023
334	0.14353144
335	0.14354190
336	0.14353490
337	0.14353842
338	0.14353313
339	0.14353955
340	0.14353991
341	0.14354144
342	0.14354293
343	0.14354105
344	0.14353696
345	0.14354700
346	0.14354096
347	0.14354175
348	0.14354740
349	0.14354219
350	0.14354539
351	0.14354946
352	0.14354388
353	0.14353882
354	0.14354081
355	0.14355265
356	0.14353004
357	0.14352478
358	0.14353608
359	0.14352448
360	0.14353749
361	0.14350671
362	0.14352846
363	0.14352241
364	0.14350256
365	0.14350882
366	0.14351903
367	0.14349964
368	0.14350031
369	0.14349984
370	0.14350300
371	0.14351805
372	0.14349508
373	0.14350933
374	0.14351626
375	0.14351052
376	0.14351818
377	0.14353004
378	0.14351478
379	0.14352953
380	0.14354061
381	0.14352798
382	0.14353076
383	0.14351562
384	0.14351481
385	0.14350903
386	0.14351049
387	0.14350544
388	0.14350995
389	0.14350316
390	0.14349413
391	0.14349531
392	0.14349693
393	0.14350376
394	0.14351943
395	0.14350976
396	0.14352000
397	0.14353625
398	0.14352001
399	0.14352886
400	0.14353806
401	0.14352216
402	0.14350261
403	0.14350620
404	0.14352471
405	0.14352876
406	0.14350349
407	0.14351295
408	0.14349881
409	0.14350173
410	0.14349417
411	0.14349838
412	0.14349256
413	0.14349604
414	0.14349473
415	0.14347431
416	0.14350310
417	0.14349455
418	0.14347884
419	0.14349289
420	0.14347667
421	0.14347380
422	0.14348444
423	0.14348003
424	0.14347689
425	0.14348800
426	0.14349429
427	0.14347093
428	0.14346778
429	0.14346667
430	0.14346567
431	0.14348076
432	0.14349121
433	0.14349580
434	0.14348936
435	0.14348960
436	0.14347777
437	0.14346173
438	0.14346565
439	0.14349025
440	0.14347917
441	0.14349875
442	0.14348944
443	0.14349841
444	0.14349183
445	0.14346835
446	0.14348119
447	0.14349531
448	0.14349703
449	0.14350356
450	0.14350769
451	0.14350915
452	0.14349952
453	0.14349951
454	0.14350300
455	0.14348853
456	0.14348811
457	0.14348400
458	0.14349622
459	0.14349532
460	0.14349753
461	0.14348036
462	0.14348909
463	0.14348018
464	0.14348270
465	0.14347036
466	0.14349332
467	0.14349741
468	0.14348890
469	0.14348653
470	0.14349166
471	0.14349082
472	0.14349841
473	0.14350325
474	0.14349099
475	0.14349633
476	0.14349829
477	0.14349113
478	0.14347650
479	0.14347292
480	0.14348435
481	0.14347266
482	0.14348377
483	0.14348841
484	0.14349070
485	0.14348339
486	0.14349088
487	0.14350392
488	0.14349478
489	0.14349984
490	0.14350235
491	0.14349011
492	0.14350659
493	0.14350387
494	0.14350323
495	0.14349854
496	0.14348969
497	0.14349936
498	0.14350423
499	0.14350089
500	0.14347564
501	0.14349686
502	0.14349616
503	0.14350192
504	0.14349480
505	0.14349853
506	0.14348578
507	0.14348412
508	0.14348589
509	0.14347510
510	0.14349736
511	0.14347665
512	0.14348403
513	0.14346819
514	0.14349663
515	0.14348258
516	0.14347754
517	0.14349216
518	0.14348944
519	0.14349586
520	0.14347389
521	0.14347179
522	0.14347872
523	0.14346999
524	0.14347440
525	0.14346504
526	0.14347737
527	0.14347887
528	0.14348449
529	0.14347029
530	0.14347593
531	0.14346504
532	0.14346883
533	0.14348629
534	0.14347005
535	0.14348330
536	0.14346719
537	0.14347085
538	0.14346965
539	0.14345516
540	0.14344887
541	0.14347111
542	0.14346874
543	0.14347139
544	0.14346592
545	0.14347161
546	0.14347087
547	0.14347431
548	0.14348429
549	0.14344655
550	0.14348449
551	0.14349416
552	0.14347008
553	0.14346893
554	0.14345434
555	0.14345863
556	0.14347558
557	0.14346747
558	0.14348425
559	0.14345011
560	0.14345708
561	0.14344414
562	0.14346291
563	0.14345637
564	0.14345096
565	0.14344904
566	0.14345828
567	0.14345770
568	0.14345789
569	0.14346576
570	0.14347291
571	0.14346792
572	0.14344627
573	0.14345153
574	0.14342889
575	0.14345385
576	0.14346364
577	0.14344931
578	0.14344636
579	0.14344414
580	0.14343327
581	0.14342783
582	0.14345162
583	0.14342380
584	0.14345132
585	0.14343619
586	0.14347759
587	0.14345242
588	0.14344192
589	0.14345068
590	0.14346045
591	0.14343648
592	0.14342366
593	0.14343277
594	0.14342369
595	0.14344624
596	0.14343071
597	0.14347343
598	0.14345211
599	0.14349093
600	0.14346088