	C:\Users\jkuzm\OneDrive - University of Massachusetts\HRSL x UMILL-PUMA Fatigue - Fatigue\Data\F01\FR3_static1.c3d _ImpedanceExport
	ANALOGTIME
	FRAME_NUMBERS
	ORIGINAL
ITEM	0
1	0.00000000
2	0.00100000
3	0.00200000
4	0.00300000
5	0.00400000
6	0.00500000
7	0.00600000
8	0.00700000
9	0.00800000
10	0.00900000
11	0.01000000
12	0.01100000
13	0.01200000
14	0.01300000
15	0.01400000
16	0.01500000
17	0.01600000
18	0.01700000
19	0.01800000
20	0.01900000
21	0.02000000
22	0.02100000
23	0.02200000
24	0.02300000
25	0.02400000
26	0.02500000
27	0.02600000
28	0.02700000
29	0.02800000
30	0.02900000
31	0.03000000
32	0.03100000
33	0.03200000
34	0.03300000
35	0.03400000
36	0.03500000
37	0.03600000
38	0.03700000
39	0.03800000
40	0.03900000
41	0.04000000
42	0.04100000
43	0.04200000
44	0.04300000
45	0.04400000
46	0.04500000
47	0.04600000
48	0.04700000
49	0.04800000
50	0.04900000
51	0.05000000
52	0.05100000
53	0.05200000
54	0.05300000
55	0.05400000
56	0.05500000
57	0.05600000
58	0.05700000
59	0.05800000
60	0.05900000
61	0.06000000
62	0.06100000
63	0.06200000
64	0.06300000
65	0.06400000
66	0.06500000
67	0.06600000
68	0.06699999
69	0.06800000
70	0.06900000
71	0.07000000
72	0.07100000
73	0.07200000
74	0.07300000
75	0.07400000
76	0.07500000
77	0.07600001
78	0.07700000
79	0.07800000
80	0.07900000
81	0.08000000
82	0.08100000
83	0.08199999
84	0.08300000
85	0.08400000
86	0.08500000
87	0.08600000
88	0.08700000
89	0.08800000
90	0.08900000
91	0.09000000
92	0.09100001
93	0.09200000
94	0.09300000
95	0.09400000
96	0.09500000
97	0.09600000
98	0.09700000
99	0.09800000
100	0.09900000
101	0.10000000
102	0.10100000
103	0.10200000
104	0.10300000
105	0.10400000
106	0.10500000
107	0.10600000
108	0.10699999
109	0.10800000
110	0.10900000
111	0.11000000
112	0.11100000
113	0.11200000
114	0.11300000
115	0.11400000
116	0.11500000
117	0.11600000
118	0.11700000
119	0.11800000
120	0.11900000
121	0.12000000
122	0.12100000
123	0.12199999
124	0.12300000
125	0.12400000
126	0.12500000
127	0.12600000
128	0.12700000
129	0.12800001
130	0.12899999
131	0.13000000
132	0.13100000
133	0.13200000
134	0.13300000
135	0.13399999
136	0.13500001
137	0.13600001
138	0.13700001
139	0.13800001
140	0.13900000
141	0.14000000
142	0.14100000
143	0.14200000
144	0.14300001
145	0.14399999
146	0.14500000
147	0.14600000
148	0.14700000
149	0.14800000
150	0.14899999
151	0.15000001
152	0.15100001
153	0.15200001
154	0.15300001
155	0.15400000
156	0.15500000
157	0.15600000
158	0.15700001
159	0.15800001
160	0.15899999
161	0.16000000
162	0.16100000
163	0.16200000
164	0.16300000
165	0.16399999
166	0.16500001
167	0.16600001
168	0.16700001
169	0.16800001
170	0.16900000
171	0.17000000
172	0.17100000
173	0.17200001
174	0.17300001
175	0.17399999
176	0.17500000
177	0.17600000
178	0.17700000
179	0.17800000
180	0.17899999
181	0.18000001
182	0.18100001
183	0.18200001
184	0.18300001
185	0.18400000
186	0.18500000
187	0.18600000
188	0.18700001
189	0.18800001
190	0.18900000
191	0.19000000
192	0.19100000
193	0.19200000
194	0.19300000
195	0.19399999
196	0.19499999
197	0.19599999
198	0.19700000
199	0.19800000
200	0.19899999
201	0.20000000
202	0.20100001
203	0.20200001
204	0.20300001
205	0.20400000
206	0.20500000
207	0.20600000
208	0.20700000
209	0.20800000
210	0.20899999
211	0.20999999
212	0.21100000
213	0.21200000
214	0.21300000
215	0.21399999
216	0.21500000
217	0.21600001
218	0.21700001
219	0.21800001
220	0.21900000
221	0.22000000
222	0.22100000
223	0.22200000
224	0.22300000
225	0.22399999
226	0.22499999
227	0.22600000
228	0.22700000
229	0.22800000
230	0.22899999
231	0.23000000
232	0.23100001
233	0.23200001
234	0.23300001
235	0.23400000
236	0.23500000
237	0.23600000
238	0.23700000
239	0.23800001
240	0.23899999
241	0.23999999
242	0.24100000
243	0.24200000
244	0.24300000
245	0.24399999
246	0.24500000
247	0.24600001
248	0.24700001
249	0.24800001
250	0.24900000
251	0.25000000
252	0.25099999
253	0.25200000
254	0.25299999
255	0.25400001
256	0.25500000
257	0.25599998
258	0.25700000
259	0.25799999
260	0.25900000
261	0.25999999
262	0.26099998
263	0.26199999
264	0.26299998
265	0.26400000
266	0.26499999
267	0.26599997
268	0.26699999
269	0.26799998
270	0.26899999
271	0.27000001
272	0.27100000
273	0.27200001
274	0.27300000
275	0.27400002
276	0.27500001
277	0.27599999
278	0.27700001
279	0.27800000
280	0.27900001
281	0.28000000
282	0.28099999
283	0.28200001
284	0.28299999
285	0.28400001
286	0.28500000
287	0.28599998
288	0.28700000
289	0.28799999
290	0.28900000
291	0.28999999
292	0.29099998
293	0.29200000
294	0.29299998
295	0.29400000
296	0.29499999
297	0.29599997
298	0.29699999
299	0.29799998
300	0.29899999
301	0.30000001
302	0.30100000
303	0.30200002
304	0.30300000
305	0.30400002
306	0.30500001
307	0.30599999
308	0.30700001
309	0.30800000
310	0.30900002
311	0.31000000
312	0.31099999
313	0.31200001
314	0.31299999
315	0.31400001
316	0.31500000
317	0.31599998
318	0.31700000
319	0.31799999
320	0.31900001
321	0.31999999
322	0.32099998
323	0.32200000
324	0.32299998
325	0.32400000
326	0.32499999
327	0.32599998
328	0.32699999
329	0.32799998
330	0.32900000
331	0.33000001
332	0.33100000
333	0.33200002
334	0.33300000
335	0.33400002
336	0.33500001
337	0.33600000
338	0.33700001
339	0.33800000
340	0.33900002
341	0.34000000
342	0.34099999
343	0.34200001
344	0.34299999
345	0.34400001
346	0.34500000
347	0.34599999
348	0.34700000
349	0.34799999
350	0.34900001
351	0.34999999
352	0.35099998
353	0.35200000
354	0.35299999
355	0.35400000
356	0.35499999
357	0.35599998
358	0.35699999
359	0.35799998
360	0.35900000
361	0.36000001
362	0.36100000
363	0.36200002
364	0.36300001
365	0.36400002
366	0.36500001
367	0.36600000
368	0.36700001
369	0.36800000
370	0.36900002
371	0.37000000
372	0.37099999
373	0.37200001
374	0.37300000
375	0.37400001
376	0.37500000
377	0.37599999
378	0.37700000
379	0.37799999
380	0.37900001
381	0.38000000
382	0.38099998
383	0.38200000
384	0.38299999
385	0.38400000
386	0.38499999
387	0.38599998
388	0.38699999
389	0.38799998
390	0.38900000
391	0.38999999
392	0.39099997
393	0.39199999
394	0.39299998
395	0.39399999
396	0.39500001
397	0.39600000
398	0.39700001
399	0.39800000
400	0.39900002
401	0.40000001
402	0.40099999
403	0.40200001
404	0.40300000
405	0.40400001
406	0.40500000
407	0.40599999
408	0.40700001
409	0.40799999
410	0.40900001
411	0.41000000
412	0.41099998
413	0.41200000
414	0.41299999
415	0.41400000
416	0.41499999
417	0.41599998
418	0.41700000
419	0.41799998
420	0.41900000
421	0.41999999
422	0.42099997
423	0.42199999
424	0.42299998
425	0.42399999
426	0.42500001
427	0.42600000
428	0.42700002
429	0.42800000
430	0.42900002
431	0.43000001
432	0.43099999
433	0.43200001
434	0.43300000
435	0.43400002
436	0.43500000
437	0.43599999
438	0.43700001
439	0.43799999
440	0.43900001
441	0.44000000
442	0.44099998
443	0.44200000
444	0.44299999
445	0.44400001
446	0.44499999
447	0.44599998
448	0.44700000
449	0.44799998
450	0.44900000
451	0.44999999
452	0.45099998
453	0.45199999
454	0.45299998
455	0.45400000
456	0.45500001
457	0.45600000
458	0.45700002
459	0.45800000
460	0.45900002
461	0.46000001
462	0.46100000
463	0.46200001
464	0.46300000
465	0.46400002
466	0.46500000
467	0.46599999
468	0.46700001
469	0.46799999
470	0.46900001
471	0.47000000
472	0.47099999
473	0.47200000
474	0.47299999
475	0.47400001
476	0.47499999
477	0.47599998
478	0.47700000
479	0.47799999
480	0.47900000
481	0.47999999
482	0.48099998
483	0.48199999
484	0.48299998
485	0.48400000
486	0.48500001
487	0.48600000
488	0.48700002
489	0.48800001
490	0.48900002
491	0.49000001
492	0.49100000
493	0.49200001
494	0.49300000
495	0.49400002
496	0.49500000
497	0.49599999
498	0.49700001
499	0.49800000
500	0.49900001
501	0.50000000
502	0.50099999
503	0.50199997
504	0.50300002
505	0.50400001
506	0.50500000
507	0.50599998
508	0.50699997
509	0.50800002
510	0.50900000
511	0.50999999
512	0.51099998
513	0.51199996
514	0.51300001
515	0.51400000
516	0.51499999
517	0.51599997
518	0.51699996
519	0.51800001
520	0.51899999
521	0.51999998
522	0.52099997
523	0.52199996
524	0.52300000
525	0.52399999
526	0.52499998
527	0.52599996
528	0.52699995
529	0.52800000
530	0.52899998
531	0.52999997
532	0.53099996
533	0.53199995
534	0.53299999
535	0.53399998
536	0.53500003
537	0.53600001
538	0.53700000
539	0.53800005
540	0.53900003
541	0.54000002
542	0.54100001
543	0.54200000
544	0.54300004
545	0.54400003
546	0.54500002
547	0.54600000
548	0.54699999
549	0.54800004
550	0.54900002
551	0.55000001
552	0.55100000
553	0.55199999
554	0.55300003
555	0.55400002
556	0.55500001
557	0.55599999
558	0.55699998
559	0.55800003
560	0.55900002
561	0.56000000
562	0.56099999
563	0.56199998
564	0.56300002
565	0.56400001
566	0.56500000
567	0.56599998
568	0.56699997
569	0.56800002
570	0.56900001
571	0.56999999
572	0.57099998
573	0.57199997
574	0.57300001
575	0.57400000
576	0.57499999
577	0.57599998
578	0.57699996
579	0.57800001
580	0.57900000
581	0.57999998
582	0.58099997
583	0.58199996
584	0.58300000
585	0.58399999
586	0.58499998
587	0.58599997
588	0.58699995
589	0.58800000
590	0.58899999
591	0.58999997
592	0.59099996
593	0.59199995
594	0.59299999
595	0.59399998
596	0.59500003
597	0.59600002
598	0.59700000
599	0.59800005
600	0.59900004
601	0.60000002
602	0.60100001
603	0.60200000
604	0.60300004
605	0.60400003
606	0.60500002
607	0.60600001
608	0.60699999
609	0.60800004
610	0.60900003
611	0.61000001
612	0.61100000
613	0.61199999
614	0.61300004
615	0.61400002
616	0.61500001
617	0.61600000
618	0.61699998
619	0.61800003
620	0.61900002
621	0.62000000
622	0.62099999
623	0.62199998
624	0.62300003
625	0.62400001
626	0.62500000
627	0.62599999
628	0.62699997
629	0.62800002
630	0.62900001
631	0.63000000
632	0.63099998
633	0.63199997
634	0.63300002
635	0.63400000
636	0.63499999
637	0.63599998
638	0.63699996
639	0.63800001
640	0.63900000
641	0.63999999
642	0.64099997
643	0.64199996
644	0.64300001
645	0.64399999
646	0.64499998
647	0.64599997
648	0.64699996
649	0.64800000
650	0.64899999
651	0.64999998
652	0.65099996
653	0.65199995
654	0.65300000
655	0.65399998
656	0.65499997
657	0.65599996
658	0.65699995
659	0.65799999
660	0.65899998
661	0.66000003
662	0.66100001
663	0.66200000
664	0.66300005
665	0.66400003
666	0.66500002
667	0.66600001
668	0.66700000
669	0.66800004
670	0.66900003
671	0.67000002
672	0.67100000
673	0.67199999
674	0.67300004
675	0.67400002
676	0.67500001
677	0.67600000
678	0.67699999
679	0.67800003
680	0.67900002
681	0.68000001
682	0.68099999
683	0.68199998
684	0.68300003
685	0.68400002
686	0.68500000
687	0.68599999
688	0.68699998
689	0.68800002
690	0.68900001
691	0.69000000
692	0.69099998
693	0.69199997
694	0.69300002
695	0.69400001
696	0.69499999
697	0.69599998
698	0.69699997
699	0.69800001
700	0.69900000
701	0.69999999
702	0.70099998
703	0.70199996
704	0.70300001
705	0.70400000
706	0.70499998
707	0.70599997
708	0.70699996
709	0.70800000
710	0.70899999
711	0.70999998
712	0.71099997
713	0.71199995
714	0.71300000
715	0.71399999
716	0.71499997
717	0.71599996
718	0.71699995
719	0.71799999
720	0.71899998
721	0.72000003
722	0.72100002
723	0.72200000
724	0.72300005
725	0.72400004
726	0.72500002
727	0.72600001
728	0.72700000
729	0.72800004
730	0.72900003
731	0.73000002
732	0.73100001
733	0.73199999
734	0.73300004
735	0.73400003
736	0.73500001
737	0.73600000
738	0.73699999
739	0.73800004
740	0.73900002
741	0.74000001
742	0.74100000
743	0.74199998
744	0.74300003
745	0.74400002
746	0.74500000
747	0.74599999
748	0.74699998
749	0.74800003
750	0.74900001
751	0.75000000
752	0.75099999
753	0.75199997
754	0.75300002
755	0.75400001
756	0.75500000
757	0.75599998
758	0.75699997
759	0.75800002
760	0.75900000
761	0.75999999
762	0.76099998
763	0.76199996
764	0.76300001
765	0.76400000
766	0.76499999
767	0.76599997
768	0.76699996
769	0.76800001
770	0.76899999
771	0.76999998
772	0.77099997
773	0.77199996
774	0.77300000
775	0.77399999
776	0.77499998
777	0.77599996
778	0.77699995
779	0.77800000
780	0.77899998
781	0.77999997
782	0.78099996
783	0.78199995
784	0.78299999
785	0.78399998
786	0.78500003
787	0.78600001
788	0.78700000
789	0.78800005
790	0.78900003
791	0.79000002
792	0.79100001
793	0.79200000
794	0.79300004
795	0.79400003
796	0.79500002
797	0.79600000
798	0.79699999
799	0.79800004
800	0.79900002
801	0.80000001
802	0.80100000
803	0.80199999
804	0.80300003
805	0.80400002
806	0.80500001
807	0.80599999
808	0.80699998
809	0.80800003
810	0.80900002
811	0.81000000
812	0.81099999
813	0.81199998
814	0.81300002
815	0.81400001
816	0.81500000
817	0.81599998
818	0.81699997
819	0.81800002
820	0.81900001
821	0.81999999
822	0.82099998
823	0.82199997
824	0.82300001
825	0.82400000
826	0.82499999
827	0.82599998
828	0.82699996
829	0.82800001
830	0.82900000
831	0.82999998
832	0.83099997
833	0.83199996
834	0.83300000
835	0.83399999
836	0.83499998
837	0.83599997
838	0.83699995
839	0.83800000
840	0.83899999
841	0.83999997
842	0.84099996
843	0.84199995
844	0.84299999
845	0.84399998
846	0.84500003
847	0.84600002
848	0.84700000
849	0.84800005
850	0.84900004
851	0.85000002
852	0.85100001
853	0.85200000
854	0.85300004
855	0.85400003
856	0.85500002
857	0.85600001
858	0.85699999
859	0.85800004
860	0.85900003
861	0.86000001
862	0.86100000
863	0.86199999
864	0.86300004
865	0.86400002
866	0.86500001
867	0.86600000
868	0.86699998
869	0.86800003
870	0.86900002
871	0.87000000
872	0.87099999
873	0.87199998
874	0.87300003
875	0.87400001
876	0.87500000
877	0.87599999
878	0.87699997
879	0.87800002
880	0.87900001
881	0.88000000
882	0.88099998
883	0.88199997
884	0.88300002
885	0.88400000
886	0.88499999
887	0.88599998
888	0.88699996
889	0.88800001
890	0.88900000
891	0.88999999
892	0.89099997
893	0.89199996
894	0.89300001
895	0.89399999
896	0.89499998
897	0.89599997
898	0.89699996
899	0.89800000
900	0.89899999
901	0.89999998
902	0.90099996
903	0.90199995
904	0.90300000
905	0.90399998
906	0.90499997
907	0.90599996
908	0.90699995
909	0.90799999
910	0.90899998
911	0.91000003
912	0.91100001
913	0.91200000
914	0.91300005
915	0.91400003
916	0.91500002
917	0.91600001
918	0.91700000
919	0.91800004
920	0.91900003
921	0.92000002
922	0.92100000
923	0.92199999
924	0.92300004
925	0.92400002
926	0.92500001
927	0.92600000
928	0.92699999
929	0.92800003
930	0.92900002
931	0.93000001
932	0.93099999
933	0.93199998
934	0.93300003
935	0.93400002
936	0.93500000
937	0.93599999
938	0.93699998
939	0.93800002
940	0.93900001
941	0.94000000
942	0.94099998
943	0.94199997
944	0.94300002
945	0.94400001
946	0.94499999
947	0.94599998
948	0.94699997
949	0.94800001
950	0.94900000
951	0.94999999
952	0.95099998
953	0.95199996
954	0.95300001
955	0.95400000
956	0.95499998
957	0.95599997
958	0.95699996
959	0.95800000
960	0.95899999
961	0.95999998
962	0.96099997
963	0.96199995
964	0.96300000
965	0.96399999
966	0.96499997
967	0.96599996
968	0.96699995
969	0.96799999
970	0.96899998
971	0.97000003
972	0.97100002
973	0.97200000
974	0.97300005
975	0.97400004
976	0.97500002
977	0.97600001
978	0.97700000
979	0.97800004
980	0.97900003
981	0.98000002
982	0.98100001
983	0.98199999
984	0.98300004
985	0.98400003
986	0.98500001
987	0.98600000
988	0.98699999
989	0.98800004
990	0.98900002
991	0.99000001
992	0.99100000
993	0.99199998
994	0.99300003
995	0.99400002
996	0.99500000
997	0.99599999
998	0.99699998
999	0.99800003
1000	0.99900001
1001	1.00000000
1002	1.00100005
1003	1.00199997
1004	1.00300002
1005	1.00399995
1006	1.00500000
1007	1.00600004
1008	1.00699997
1009	1.00800002
1010	1.00899994
1011	1.00999999
1012	1.01100004
1013	1.01199996
1014	1.01300001
1015	1.01399994
1016	1.01499999
1017	1.01600003
1018	1.01699996
1019	1.01800001
1020	1.01899993
1021	1.01999998
1022	1.02100003
1023	1.02199996
1024	1.02300000
1025	1.02399993
1026	1.02499998
1027	1.02600002
1028	1.02699995
1029	1.02800000
1030	1.02899992
1031	1.02999997
1032	1.03100002
1033	1.03199995
1034	1.03299999
1035	1.03399992
1036	1.03499997
1037	1.03600001
1038	1.03699994
1039	1.03799999
1040	1.03899992
1041	1.03999996
1042	1.04100001
1043	1.04199994
1044	1.04299998
1045	1.04399991
1046	1.04499996
1047	1.04600000
1048	1.04699993
1049	1.04799998
1050	1.04899991
1051	1.04999995
1052	1.05100000
1053	1.05199993
1054	1.05299997
1055	1.05399990
1056	1.05499995
1057	1.05599999
1058	1.05699992
1059	1.05799997
1060	1.05899990
1061	1.05999994
1062	1.06099999
1063	1.06199992
1064	1.06299996
1065	1.06399989
1066	1.06500006
1067	1.06600010
1068	1.06700003
1069	1.06800008
1070	1.06900001
1071	1.07000005
1072	1.07100010
1073	1.07200003
1074	1.07300007
1075	1.07400000
1076	1.07500005
1077	1.07600009
1078	1.07700002
1079	1.07800007
1080	1.07900000
1081	1.08000004
1082	1.08100009
1083	1.08200002
1084	1.08300006
1085	1.08399999
1086	1.08500004
1087	1.08600008
1088	1.08700001
1089	1.08800006
1090	1.08899999
1091	1.09000003
1092	1.09100008
1093	1.09200001
1094	1.09300005
1095	1.09399998
1096	1.09500003
1097	1.09600008
1098	1.09700000
1099	1.09800005
1100	1.09899998
1101	1.10000002
1102	1.10100007
1103	1.10200000
1104	1.10300004
1105	1.10399997
1106	1.10500002
1107	1.10600007
1108	1.10699999
1109	1.10800004
1110	1.10899997
1111	1.11000001
1112	1.11100006
1113	1.11199999
1114	1.11300004
1115	1.11399996
1116	1.11500001
1117	1.11600006
1118	1.11699998
1119	1.11800003
1120	1.11899996
1121	1.12000000
1122	1.12100005
1123	1.12199998
1124	1.12300003
1125	1.12399995
1126	1.12500000
1127	1.12600005
1128	1.12699997
1129	1.12800002
1130	1.12899995
1131	1.13000000
1132	1.13100004
1133	1.13199997
1134	1.13300002
1135	1.13399994
1136	1.13499999
1137	1.13600004
1138	1.13699996
1139	1.13800001
1140	1.13899994
1141	1.13999999
1142	1.14100003
1143	1.14199996
1144	1.14300001
1145	1.14399993
1146	1.14499998
1147	1.14600003
1148	1.14699996
1149	1.14800000
1150	1.14899993
1151	1.14999998
1152	1.15100002
1153	1.15199995
1154	1.15300000
1155	1.15399992
1156	1.15499997
1157	1.15600002
1158	1.15699995
1159	1.15799999
1160	1.15899992
1161	1.15999997
1162	1.16100001
1163	1.16199994
1164	1.16299999
1165	1.16399992
1166	1.16499996
1167	1.16600001
1168	1.16699994
1169	1.16799998
1170	1.16899991
1171	1.16999996
1172	1.17100000
1173	1.17199993
1174	1.17299998
1175	1.17399991
1176	1.17499995
1177	1.17600000
1178	1.17699993
1179	1.17799997
1180	1.17899990
1181	1.17999995
1182	1.18099999
1183	1.18199992
1184	1.18299997
1185	1.18399990
1186	1.18499994
1187	1.18599999
1188	1.18699992
1189	1.18799996
1190	1.18899989
1191	1.19000006
1192	1.19100010
1193	1.19200003
1194	1.19300008
1195	1.19400001
1196	1.19500005
1197	1.19600010
1198	1.19700003
1199	1.19800007
1200	1.19900000
1201	1.20000005
1202	1.20100009
1203	1.20200002
1204	1.20300007
1205	1.20400000
1206	1.20500004
1207	1.20600009
1208	1.20700002
1209	1.20800006
1210	1.20899999
1211	1.21000004
1212	1.21100008
1213	1.21200001
1214	1.21300006
1215	1.21399999
1216	1.21500003
1217	1.21600008
1218	1.21700001
1219	1.21800005
1220	1.21899998
1221	1.22000003
1222	1.22100008
1223	1.22200000
1224	1.22300005
1225	1.22399998
1226	1.22500002
1227	1.22600007
1228	1.22700000
1229	1.22800004
1230	1.22899997
1231	1.23000002
1232	1.23100007
1233	1.23199999
1234	1.23300004
1235	1.23399997
1236	1.23500001
1237	1.23600006
1238	1.23699999
1239	1.23800004
1240	1.23899996
1241	1.24000001
1242	1.24100006
1243	1.24199998
1244	1.24300003
1245	1.24399996
1246	1.24500000
1247	1.24600005
1248	1.24699998
1249	1.24800003
1250	1.24899995
1251	1.25000000
1252	1.25100005
1253	1.25199997
1254	1.25300002
1255	1.25399995
1256	1.25500000
1257	1.25600004
1258	1.25699997
1259	1.25800002
1260	1.25899994
1261	1.25999999
1262	1.26100004
1263	1.26199996
1264	1.26300001
1265	1.26399994
1266	1.26499999
1267	1.26600003
1268	1.26699996
1269	1.26800001
1270	1.26899993
1271	1.26999998
1272	1.27100003
1273	1.27199996
1274	1.27300000
1275	1.27399993
1276	1.27499998
1277	1.27600002
1278	1.27699995
1279	1.27800000
1280	1.27899992
1281	1.27999997
1282	1.28100002
1283	1.28199995
1284	1.28299999
1285	1.28399992
1286	1.28499997
1287	1.28600001
1288	1.28699994
1289	1.28799999
1290	1.28899992
1291	1.28999996
1292	1.29100001
1293	1.29199994
1294	1.29299998
1295	1.29399991
1296	1.29499996
1297	1.29600000
1298	1.29699993
1299	1.29799998
1300	1.29899991
1301	1.29999995
1302	1.30100000
1303	1.30199993
1304	1.30299997
1305	1.30399990
1306	1.30499995
1307	1.30599999
1308	1.30699992
1309	1.30799997
1310	1.30899990
1311	1.30999994
1312	1.31099999
1313	1.31199992
1314	1.31299996
1315	1.31399989
1316	1.31500006
1317	1.31600010
1318	1.31700003
1319	1.31800008
1320	1.31900001
1321	1.32000005
1322	1.32100010
1323	1.32200003
1324	1.32300007
1325	1.32400000
1326	1.32500005
1327	1.32600009
1328	1.32700002
1329	1.32800007
1330	1.32900000
1331	1.33000004
1332	1.33100009
1333	1.33200002
1334	1.33300006
1335	1.33399999
1336	1.33500004
1337	1.33600008
1338	1.33700001
1339	1.33800006
1340	1.33899999
1341	1.34000003
1342	1.34100008
1343	1.34200001
1344	1.34300005
1345	1.34399998
1346	1.34500003
1347	1.34600008
1348	1.34700000
1349	1.34800005
1350	1.34899998
1351	1.35000002
1352	1.35100007
1353	1.35200000
1354	1.35300004
1355	1.35399997
1356	1.35500002
1357	1.35600007
1358	1.35699999
1359	1.35800004
1360	1.35899997
1361	1.36000001
1362	1.36100006
1363	1.36199999
1364	1.36300004
1365	1.36399996
1366	1.36500001
1367	1.36600006
1368	1.36699998
1369	1.36800003
1370	1.36899996
1371	1.37000000
1372	1.37100005
1373	1.37199998
1374	1.37300003
1375	1.37399995
1376	1.37500000
1377	1.37600005
1378	1.37699997
1379	1.37800002
1380	1.37899995
1381	1.38000000
1382	1.38100004
1383	1.38199997
1384	1.38300002
1385	1.38399994
1386	1.38499999
1387	1.38600004
1388	1.38699996
1389	1.38800001
1390	1.38899994
1391	1.38999999
1392	1.39100003
1393	1.39199996
1394	1.39300001
1395	1.39399993
1396	1.39499998
1397	1.39600003
1398	1.39699996
1399	1.39800000
1400	1.39899993
1401	1.39999998
1402	1.40100002
1403	1.40199995
1404	1.40300000
1405	1.40399992
1406	1.40499997
1407	1.40600002
1408	1.40699995
1409	1.40799999
1410	1.40899992
1411	1.40999997
1412	1.41100001
1413	1.41199994
1414	1.41299999
1415	1.41399992
1416	1.41499996
1417	1.41600001
1418	1.41699994
1419	1.41799998
1420	1.41899991
1421	1.41999996
1422	1.42100000
1423	1.42199993
1424	1.42299998
1425	1.42399991
1426	1.42499995
1427	1.42600000
1428	1.42699993
1429	1.42799997
1430	1.42899990
1431	1.42999995
1432	1.43099999
1433	1.43199992
1434	1.43299997
1435	1.43399990
1436	1.43499994
1437	1.43599999
1438	1.43699992
1439	1.43799996
1440	1.43899989
1441	1.44000006
1442	1.44100010
1443	1.44200003
1444	1.44300008
1445	1.44400001
1446	1.44500005
1447	1.44600010
1448	1.44700003
1449	1.44800007
1450	1.44900000
1451	1.45000005
1452	1.45100009
1453	1.45200002
1454	1.45300007
1455	1.45400000
1456	1.45500004
1457	1.45600009
1458	1.45700002
1459	1.45800006
1460	1.45899999
1461	1.46000004
1462	1.46100008
1463	1.46200001
1464	1.46300006
1465	1.46399999
1466	1.46500003
1467	1.46600008
1468	1.46700001
1469	1.46800005
1470	1.46899998
1471	1.47000003
1472	1.47100008
1473	1.47200000
1474	1.47300005
1475	1.47399998
1476	1.47500002
1477	1.47600007
1478	1.47700000
1479	1.47800004
1480	1.47899997
1481	1.48000002
1482	1.48100007
1483	1.48199999
1484	1.48300004
1485	1.48399997
1486	1.48500001
1487	1.48600006
1488	1.48699999
1489	1.48800004
1490	1.48899996
1491	1.49000001
1492	1.49100006
1493	1.49199998
1494	1.49300003
1495	1.49399996
1496	1.49500000
1497	1.49600005
1498	1.49699998
1499	1.49800003
1500	1.49899995
1501	1.50000000
1502	1.50100005
1503	1.50199997
1504	1.50300002
1505	1.50399995
1506	1.50500000
1507	1.50600004
1508	1.50699997
1509	1.50800002
1510	1.50899994
1511	1.50999999
1512	1.51100004
1513	1.51199996
1514	1.51300001
1515	1.51399994
1516	1.51499999
1517	1.51600003
1518	1.51699996
1519	1.51800001
1520	1.51899993
1521	1.51999998
1522	1.52100003
1523	1.52199996
1524	1.52300000
1525	1.52399993
1526	1.52499998
1527	1.52600002
1528	1.52699995
1529	1.52800000
1530	1.52899992
1531	1.52999997
1532	1.53100002
1533	1.53199995
1534	1.53299999
1535	1.53399992
1536	1.53499997
1537	1.53600001
1538	1.53699994
1539	1.53799999
1540	1.53899992
1541	1.53999996
1542	1.54100001
1543	1.54199994
1544	1.54299998
1545	1.54399991
1546	1.54499996
1547	1.54600000
1548	1.54699993
1549	1.54799998
1550	1.54899991
1551	1.54999995
1552	1.55100000
1553	1.55199993
1554	1.55299997
1555	1.55399990
1556	1.55499995
1557	1.55599999
1558	1.55699992
1559	1.55799997
1560	1.55899990
1561	1.55999994
1562	1.56099999
1563	1.56199992
1564	1.56299996
1565	1.56399989
1566	1.56500006
1567	1.56600010
1568	1.56700003
1569	1.56800008
1570	1.56900001
1571	1.57000005
1572	1.57100010
1573	1.57200003
1574	1.57300007
1575	1.57400000
1576	1.57500005
1577	1.57600009
1578	1.57700002
1579	1.57800007
1580	1.57900000
1581	1.58000004
1582	1.58100009
1583	1.58200002
1584	1.58300006
1585	1.58399999
1586	1.58500004
1587	1.58600008
1588	1.58700001
1589	1.58800006
1590	1.58899999
1591	1.59000003
1592	1.59100008
1593	1.59200001
1594	1.59300005
1595	1.59399998
1596	1.59500003
1597	1.59600008
1598	1.59700000
1599	1.59800005
1600	1.59899998
1601	1.60000002
1602	1.60100007
1603	1.60200000
1604	1.60300004
1605	1.60399997
1606	1.60500002
1607	1.60600007
1608	1.60699999
1609	1.60800004
1610	1.60899997
1611	1.61000001
1612	1.61100006
1613	1.61199999
1614	1.61300004
1615	1.61399996
1616	1.61500001
1617	1.61600006
1618	1.61699998
1619	1.61800003
1620	1.61899996
1621	1.62000000
1622	1.62100005
1623	1.62199998
1624	1.62300003
1625	1.62399995
1626	1.62500000
1627	1.62600005
1628	1.62699997
1629	1.62800002
1630	1.62899995
1631	1.63000000
1632	1.63100004
1633	1.63199997
1634	1.63300002
1635	1.63399994
1636	1.63499999
1637	1.63600004
1638	1.63699996
1639	1.63800001
1640	1.63899994
1641	1.63999999
1642	1.64100003
1643	1.64199996
1644	1.64300001
1645	1.64399993
1646	1.64499998
1647	1.64600003
1648	1.64699996
1649	1.64800000
1650	1.64899993
1651	1.64999998
1652	1.65100002
1653	1.65199995
1654	1.65300000
1655	1.65399992
1656	1.65499997
1657	1.65600002
1658	1.65699995
1659	1.65799999
1660	1.65899992
1661	1.65999997
1662	1.66100001
1663	1.66199994
1664	1.66299999
1665	1.66399992
1666	1.66499996
1667	1.66600001
1668	1.66699994
1669	1.66799998
1670	1.66899991
1671	1.66999996
1672	1.67100000
1673	1.67199993
1674	1.67299998
1675	1.67399991
1676	1.67499995
1677	1.67600000
1678	1.67699993
1679	1.67799997
1680	1.67899990
1681	1.67999995
1682	1.68099999
1683	1.68199992
1684	1.68299997
1685	1.68399990
1686	1.68499994
1687	1.68599999
1688	1.68699992
1689	1.68799996
1690	1.68899989
1691	1.69000006
1692	1.69100010
1693	1.69200003
1694	1.69300008
1695	1.69400001
1696	1.69500005
1697	1.69600010
1698	1.69700003
1699	1.69800007
1700	1.69900000
1701	1.70000005
1702	1.70100009
1703	1.70200002
1704	1.70300007
1705	1.70400000
1706	1.70500004
1707	1.70600009
1708	1.70700002
1709	1.70800006
1710	1.70899999
1711	1.71000004
1712	1.71100008
1713	1.71200001
1714	1.71300006
1715	1.71399999
1716	1.71500003
1717	1.71600008
1718	1.71700001
1719	1.71800005
1720	1.71899998
1721	1.72000003
1722	1.72100008
1723	1.72200000
1724	1.72300005
1725	1.72399998
1726	1.72500002
1727	1.72600007
1728	1.72700000
1729	1.72800004
1730	1.72899997
1731	1.73000002
1732	1.73100007
1733	1.73199999
1734	1.73300004
1735	1.73399997
1736	1.73500001
1737	1.73600006
1738	1.73699999
1739	1.73800004
1740	1.73899996
1741	1.74000001
1742	1.74100006
1743	1.74199998
1744	1.74300003
1745	1.74399996
1746	1.74500000
1747	1.74600005
1748	1.74699998
1749	1.74800003
1750	1.74899995
1751	1.75000000
1752	1.75100005
1753	1.75199997
1754	1.75300002
1755	1.75399995
1756	1.75500000
1757	1.75600004
1758	1.75699997
1759	1.75800002
1760	1.75899994
1761	1.75999999
1762	1.76100004
1763	1.76199996
1764	1.76300001
1765	1.76399994
1766	1.76499999
1767	1.76600003
1768	1.76699996
1769	1.76800001
1770	1.76899993
1771	1.76999998
1772	1.77100003
1773	1.77199996
1774	1.77300000
1775	1.77399993
1776	1.77499998
1777	1.77600002
1778	1.77699995
1779	1.77800000
1780	1.77899992
1781	1.77999997
1782	1.78100002
1783	1.78199995
1784	1.78299999
1785	1.78399992
1786	1.78499997
1787	1.78600001
1788	1.78699994
1789	1.78799999
1790	1.78899992
1791	1.78999996
1792	1.79100001
1793	1.79199994
1794	1.79299998
1795	1.79399991
1796	1.79499996
1797	1.79600000
1798	1.79699993
1799	1.79799998
1800	1.79899991
1801	1.79999995
1802	1.80100000
1803	1.80199993
1804	1.80299997
1805	1.80399990
1806	1.80499995
1807	1.80599999
1808	1.80699992
1809	1.80799997
1810	1.80899990
1811	1.80999994
1812	1.81099999
1813	1.81199992
1814	1.81299996
1815	1.81399989
1816	1.81500006
1817	1.81600010
1818	1.81700003
1819	1.81800008
1820	1.81900001
1821	1.82000005
1822	1.82100010
1823	1.82200003
1824	1.82300007
1825	1.82400000
1826	1.82500005
1827	1.82600009
1828	1.82700002
1829	1.82800007
1830	1.82900000
1831	1.83000004
1832	1.83100009
1833	1.83200002
1834	1.83300006
1835	1.83399999
1836	1.83500004
1837	1.83600008
1838	1.83700001
1839	1.83800006
1840	1.83899999
1841	1.84000003
1842	1.84100008
1843	1.84200001
1844	1.84300005
1845	1.84399998
1846	1.84500003
1847	1.84600008
1848	1.84700000
1849	1.84800005
1850	1.84899998
1851	1.85000002
1852	1.85100007
1853	1.85200000
1854	1.85300004
1855	1.85399997
1856	1.85500002
1857	1.85600007
1858	1.85699999
1859	1.85800004
1860	1.85899997
1861	1.86000001
1862	1.86100006
1863	1.86199999
1864	1.86300004
1865	1.86399996
1866	1.86500001
1867	1.86600006
1868	1.86699998
1869	1.86800003
1870	1.86899996
1871	1.87000000
1872	1.87100005
1873	1.87199998
1874	1.87300003
1875	1.87399995
1876	1.87500000
1877	1.87600005
1878	1.87699997
1879	1.87800002
1880	1.87899995
1881	1.88000000
1882	1.88100004
1883	1.88199997
1884	1.88300002
1885	1.88399994
1886	1.88499999
1887	1.88600004
1888	1.88699996
1889	1.88800001
1890	1.88899994
1891	1.88999999
1892	1.89100003
1893	1.89199996
1894	1.89300001
1895	1.89399993
1896	1.89499998
1897	1.89600003
1898	1.89699996
1899	1.89800000
1900	1.89899993
1901	1.89999998
1902	1.90100002
1903	1.90199995
1904	1.90300000
1905	1.90399992
1906	1.90499997
1907	1.90600002
1908	1.90699995
1909	1.90799999
1910	1.90899992
1911	1.90999997
1912	1.91100001
1913	1.91199994
1914	1.91299999
1915	1.91399992
1916	1.91499996
1917	1.91600001
1918	1.91699994
1919	1.91799998
1920	1.91899991
1921	1.91999996
1922	1.92100000
1923	1.92199993
1924	1.92299998
1925	1.92399991
1926	1.92499995
1927	1.92600000
1928	1.92699993
1929	1.92799997
1930	1.92899990
1931	1.92999995
1932	1.93099999
1933	1.93199992
1934	1.93299997
1935	1.93399990
1936	1.93499994
1937	1.93599999
1938	1.93699992
1939	1.93799996
1940	1.93899989
1941	1.94000006
1942	1.94100010
1943	1.94200003
1944	1.94300008
1945	1.94400001
1946	1.94500005
1947	1.94600010
1948	1.94700003
1949	1.94800007
1950	1.94900000
1951	1.95000005
1952	1.95100009
1953	1.95200002
1954	1.95300007
1955	1.95400000
1956	1.95500004
1957	1.95600009
1958	1.95700002
1959	1.95800006
1960	1.95899999
1961	1.96000004
1962	1.96100008
1963	1.96200001
1964	1.96300006
1965	1.96399999
1966	1.96500003
1967	1.96600008
1968	1.96700001
1969	1.96800005
1970	1.96899998
1971	1.97000003
1972	1.97100008
1973	1.97200000
1974	1.97300005
1975	1.97399998
1976	1.97500002
1977	1.97600007
1978	1.97700000
1979	1.97800004
1980	1.97899997
1981	1.98000002
1982	1.98100007
1983	1.98199999
1984	1.98300004
1985	1.98399997
1986	1.98500001
1987	1.98600006
1988	1.98699999
1989	1.98800004
1990	1.98899996
1991	1.99000001
1992	1.99100006
1993	1.99199998
1994	1.99300003
1995	1.99399996
1996	1.99500000
1997	1.99600005
1998	1.99699998
1999	1.99800003
2000	1.99899995
2001	2.00000000
2002	2.00099993
2003	2.00200009
2004	2.00300002
2005	2.00399995
2006	2.00500011
2007	2.00600004
2008	2.00700021
2009	2.00800014
2010	2.00900006
2011	2.00999999
2012	2.01099992
2013	2.01200008
2014	2.01300001
2015	2.01399994
2016	2.01500010
2017	2.01600003
2018	2.01700020
2019	2.01800013
2020	2.01900005
2021	2.01999998
2022	2.02099991
2023	2.02200007
2024	2.02300000
2025	2.02399993
2026	2.02500010
2027	2.02600002
2028	2.02700019
2029	2.02800012
2030	2.02900004
2031	2.02999997
2032	2.03099990
2033	2.03200006
2034	2.03299999
2035	2.03399992
2036	2.03500009
2037	2.03600001
2038	2.03700018
2039	2.03800011
2040	2.03900003
2041	2.03999996
2042	2.04099989
2043	2.04200006
2044	2.04299998
2045	2.04399991
2046	2.04500008
2047	2.04600000
2048	2.04700017
2049	2.04800010
2050	2.04900002
2051	2.04999995
2052	2.05099988
2053	2.05200005
2054	2.05299997
2055	2.05399990
2056	2.05500007
2057	2.05599999
2058	2.05700016
2059	2.05800009
2060	2.05900002
2061	2.05999994
2062	2.06099987
2063	2.06200004
2064	2.06299996
2065	2.06399989
2066	2.06500006
2067	2.06599998
2068	2.06700015
2069	2.06800008
2070	2.06900001
2071	2.06999993
2072	2.07099986
2073	2.07200003
2074	2.07299995
2075	2.07399988
2076	2.07500005
2077	2.07599998
2078	2.07700014
2079	2.07800007
2080	2.07900000
2081	2.07999992
2082	2.08099985
2083	2.08200002
2084	2.08299994
2085	2.08399987
2086	2.08500004
2087	2.08599997
2088	2.08700013
2089	2.08800006
2090	2.08899999
2091	2.08999991
2092	2.09099984
2093	2.09200001
2094	2.09299994
2095	2.09399986
2096	2.09500003
2097	2.09599996
2098	2.09700012
2099	2.09800005
2100	2.09899998
2101	2.09999990
2102	2.10099983
2103	2.10200000
2104	2.10299993
2105	2.10399985
2106	2.10500002
2107	2.10599995
2108	2.10700011
2109	2.10800004
2110	2.10899997
2111	2.10999990
2112	2.11099982
2113	2.11199999
2114	2.11299992
2115	2.11399984
2116	2.11500001
2117	2.11599994
2118	2.11700010
2119	2.11800003
2120	2.11899996
2121	2.11999989
2122	2.12099981
2123	2.12199998
2124	2.12299991
2125	2.12399983
2126	2.12500000
2127	2.12599993
2128	2.12700009
2129	2.12800002
2130	2.12899995
2131	2.13000011
2132	2.13100004
2133	2.13200021
2134	2.13300014
2135	2.13400006
2136	2.13499999
2137	2.13599992
2138	2.13700008
2139	2.13800001
2140	2.13899994
2141	2.14000010
2142	2.14100003
2143	2.14200020
2144	2.14300013
2145	2.14400005
2146	2.14499998
2147	2.14599991
2148	2.14700007
2149	2.14800000
2150	2.14899993
2151	2.15000010
2152	2.15100002
2153	2.15200019
2154	2.15300012
2155	2.15400004
2156	2.15499997
2157	2.15599990
2158	2.15700006
2159	2.15799999
2160	2.15899992
2161	2.16000009
2162	2.16100001
2163	2.16200018
2164	2.16300011
2165	2.16400003
2166	2.16499996
2167	2.16599989
2168	2.16700006
2169	2.16799998
2170	2.16899991
2171	2.17000008
2172	2.17100000
2173	2.17200017
2174	2.17300010
2175	2.17400002
2176	2.17499995
2177	2.17599988
2178	2.17700005
2179	2.17799997
2180	2.17899990
2181	2.18000007
2182	2.18099999
2183	2.18200016
2184	2.18300009
2185	2.18400002
2186	2.18499994
2187	2.18599987
2188	2.18700004
2189	2.18799996
2190	2.18899989
2191	2.19000006
2192	2.19099998
2193	2.19200015
2194	2.19300008
2195	2.19400001
2196	2.19499993
2197	2.19599986
2198	2.19700003
2199	2.19799995
2200	2.19899988
2201	2.20000005
2202	2.20099998
2203	2.20200014
2204	2.20300007
2205	2.20400000
2206	2.20499992
2207	2.20599985
2208	2.20700002
2209	2.20799994
2210	2.20899987
2211	2.21000004
2212	2.21099997
2213	2.21200013
2214	2.21300006
2215	2.21399999
2216	2.21499991
2217	2.21599984
2218	2.21700001
2219	2.21799994
2220	2.21899986
2221	2.22000003
2222	2.22099996
2223	2.22200012
2224	2.22300005
2225	2.22399998
2226	2.22499990
2227	2.22599983
2228	2.22700000
2229	2.22799993
2230	2.22899985
2231	2.23000002
2232	2.23099995
2233	2.23200011
2234	2.23300004
2235	2.23399997
2236	2.23499990
2237	2.23599982
2238	2.23699999
2239	2.23799992
2240	2.23899984
2241	2.24000001
2242	2.24099994
2243	2.24200010
2244	2.24300003
2245	2.24399996
2246	2.24499989
2247	2.24599981
2248	2.24699998
2249	2.24799991
2250	2.24899983
2251	2.25000000
2252	2.25099993
2253	2.25200009
2254	2.25300002
2255	2.25399995
2256	2.25500011
2257	2.25600004
2258	2.25700021
2259	2.25800014
2260	2.25900006
2261	2.25999999
2262	2.26099992
2263	2.26200008
2264	2.26300001
2265	2.26399994
2266	2.26500010
2267	2.26600003
2268	2.26700020
2269	2.26800013
2270	2.26900005
2271	2.26999998
2272	2.27099991
2273	2.27200007
2274	2.27300000
2275	2.27399993
2276	2.27500010
2277	2.27600002
2278	2.27700019
2279	2.27800012
2280	2.27900004
2281	2.27999997
2282	2.28099990
2283	2.28200006
2284	2.28299999
2285	2.28399992
2286	2.28500009
2287	2.28600001
2288	2.28700018
2289	2.28800011
2290	2.28900003
2291	2.28999996
2292	2.29099989
2293	2.29200006
2294	2.29299998
2295	2.29399991
2296	2.29500008
2297	2.29600000
2298	2.29700017
2299	2.29800010
2300	2.29900002
2301	2.29999995
2302	2.30099988
2303	2.30200005
2304	2.30299997
2305	2.30399990
2306	2.30500007
2307	2.30599999
2308	2.30700016
2309	2.30800009
2310	2.30900002
2311	2.30999994
2312	2.31099987
2313	2.31200004
2314	2.31299996
2315	2.31399989
2316	2.31500006
2317	2.31599998
2318	2.31700015
2319	2.31800008
2320	2.31900001
2321	2.31999993
2322	2.32099986
2323	2.32200003
2324	2.32299995
2325	2.32399988
2326	2.32500005
2327	2.32599998
2328	2.32700014
2329	2.32800007
2330	2.32900000
2331	2.32999992
2332	2.33099985
2333	2.33200002
2334	2.33299994
2335	2.33399987
2336	2.33500004
2337	2.33599997
2338	2.33700013
2339	2.33800006
2340	2.33899999
2341	2.33999991
2342	2.34099984
2343	2.34200001
2344	2.34299994
2345	2.34399986
2346	2.34500003
2347	2.34599996
2348	2.34700012
2349	2.34800005
2350	2.34899998
2351	2.34999990
2352	2.35099983
2353	2.35200000
2354	2.35299993
2355	2.35399985
2356	2.35500002
2357	2.35599995
2358	2.35700011
2359	2.35800004
2360	2.35899997
2361	2.35999990
2362	2.36099982
2363	2.36199999
2364	2.36299992
2365	2.36399984
2366	2.36500001
2367	2.36599994
2368	2.36700010
2369	2.36800003
2370	2.36899996
2371	2.36999989
2372	2.37099981
2373	2.37199998
2374	2.37299991
2375	2.37399983
2376	2.37500000
2377	2.37599993
2378	2.37700009
2379	2.37800002
2380	2.37899995
2381	2.38000011
2382	2.38100004
2383	2.38200021
2384	2.38300014
2385	2.38400006
2386	2.38499999
2387	2.38599992
2388	2.38700008
2389	2.38800001
2390	2.38899994
2391	2.39000010
2392	2.39100003
2393	2.39200020
2394	2.39300013
2395	2.39400005
2396	2.39499998
2397	2.39599991
2398	2.39700007
2399	2.39800000
2400	2.39899993
2401	2.40000010
2402	2.40100002
2403	2.40200019
2404	2.40300012
2405	2.40400004
2406	2.40499997
2407	2.40599990
2408	2.40700006
2409	2.40799999
2410	2.40899992
2411	2.41000009
2412	2.41100001
2413	2.41200018
2414	2.41300011
2415	2.41400003
2416	2.41499996
2417	2.41599989
2418	2.41700006
2419	2.41799998
2420	2.41899991
2421	2.42000008
2422	2.42100000
2423	2.42200017
2424	2.42300010
2425	2.42400002
2426	2.42499995
2427	2.42599988
2428	2.42700005
2429	2.42799997
2430	2.42899990
2431	2.43000007
2432	2.43099999
2433	2.43200016
2434	2.43300009
2435	2.43400002
2436	2.43499994
2437	2.43599987
2438	2.43700004
2439	2.43799996
2440	2.43899989
2441	2.44000006
2442	2.44099998
2443	2.44200015
2444	2.44300008
2445	2.44400001
2446	2.44499993
2447	2.44599986
2448	2.44700003
2449	2.44799995
2450	2.44899988
2451	2.45000005
2452	2.45099998
2453	2.45200014
2454	2.45300007
2455	2.45400000
2456	2.45499992
2457	2.45599985
2458	2.45700002
2459	2.45799994
2460	2.45899987
2461	2.46000004
2462	2.46099997
2463	2.46200013
2464	2.46300006
2465	2.46399999
2466	2.46499991
2467	2.46599984
2468	2.46700001
2469	2.46799994
2470	2.46899986
2471	2.47000003
2472	2.47099996
2473	2.47200012
2474	2.47300005
2475	2.47399998
2476	2.47499990
2477	2.47599983
2478	2.47700000
2479	2.47799993
2480	2.47899985
2481	2.48000002
2482	2.48099995
2483	2.48200011
2484	2.48300004
2485	2.48399997
2486	2.48499990
2487	2.48599982
2488	2.48699999
2489	2.48799992
2490	2.48899984
2491	2.49000001
2492	2.49099994
2493	2.49200010
2494	2.49300003
2495	2.49399996
2496	2.49499989
2497	2.49599981
2498	2.49699998
2499	2.49799991
2500	2.49899983
2501	2.50000000
2502	2.50099993
2503	2.50200009
2504	2.50300002
2505	2.50399995
2506	2.50500011
2507	2.50600004
2508	2.50700021
2509	2.50800014
2510	2.50900006
2511	2.50999999
2512	2.51099992
2513	2.51200008
2514	2.51300001
2515	2.51399994
2516	2.51500010
2517	2.51600003
2518	2.51700020
2519	2.51800013
2520	2.51900005
2521	2.51999998
2522	2.52099991
2523	2.52200007
2524	2.52300000
2525	2.52399993
2526	2.52500010
2527	2.52600002
2528	2.52700019
2529	2.52800012
2530	2.52900004
2531	2.52999997
2532	2.53099990
2533	2.53200006
2534	2.53299999
2535	2.53399992
2536	2.53500009
2537	2.53600001
2538	2.53700018
2539	2.53800011
2540	2.53900003
2541	2.53999996
2542	2.54099989
2543	2.54200006
2544	2.54299998
2545	2.54399991
2546	2.54500008
2547	2.54600000
2548	2.54700017
2549	2.54800010
2550	2.54900002
2551	2.54999995
2552	2.55099988
2553	2.55200005
2554	2.55299997
2555	2.55399990
2556	2.55500007
2557	2.55599999
2558	2.55700016
2559	2.55800009
2560	2.55900002
2561	2.55999994
2562	2.56099987
2563	2.56200004
2564	2.56299996
2565	2.56399989
2566	2.56500006
2567	2.56599998
2568	2.56700015
2569	2.56800008
2570	2.56900001
2571	2.56999993
2572	2.57099986
2573	2.57200003
2574	2.57299995
2575	2.57399988
2576	2.57500005
2577	2.57599998
2578	2.57700014
2579	2.57800007
2580	2.57900000
2581	2.57999992
2582	2.58099985
2583	2.58200002
2584	2.58299994
2585	2.58399987
2586	2.58500004
2587	2.58599997
2588	2.58700013
2589	2.58800006
2590	2.58899999
2591	2.58999991
2592	2.59099984
2593	2.59200001
2594	2.59299994
2595	2.59399986
2596	2.59500003
2597	2.59599996
2598	2.59700012
2599	2.59800005
2600	2.59899998
2601	2.59999990
2602	2.60099983
2603	2.60200000
2604	2.60299993
2605	2.60399985
2606	2.60500002
2607	2.60599995
2608	2.60700011
2609	2.60800004
2610	2.60899997
2611	2.60999990
2612	2.61099982
2613	2.61199999
2614	2.61299992
2615	2.61399984
2616	2.61500001
2617	2.61599994
2618	2.61700010
2619	2.61800003
2620	2.61899996
2621	2.61999989
2622	2.62099981
2623	2.62199998
2624	2.62299991
2625	2.62399983
2626	2.62500000
2627	2.62599993
2628	2.62700009
2629	2.62800002
2630	2.62899995
2631	2.63000011
2632	2.63100004
2633	2.63200021
2634	2.63300014
2635	2.63400006
2636	2.63499999
2637	2.63599992
2638	2.63700008
2639	2.63800001
2640	2.63899994
2641	2.64000010
2642	2.64100003
2643	2.64200020
2644	2.64300013
2645	2.64400005
2646	2.64499998
2647	2.64599991
2648	2.64700007
2649	2.64800000
2650	2.64899993
2651	2.65000010
2652	2.65100002
2653	2.65200019
2654	2.65300012
2655	2.65400004
2656	2.65499997
2657	2.65599990
2658	2.65700006
2659	2.65799999
2660	2.65899992
2661	2.66000009
2662	2.66100001
2663	2.66200018
2664	2.66300011
2665	2.66400003
2666	2.66499996
2667	2.66599989
2668	2.66700006
2669	2.66799998
2670	2.66899991
2671	2.67000008
2672	2.67100000
2673	2.67200017
2674	2.67300010
2675	2.67400002
2676	2.67499995
2677	2.67599988
2678	2.67700005
2679	2.67799997
2680	2.67899990
2681	2.68000007
2682	2.68099999
2683	2.68200016
2684	2.68300009
2685	2.68400002
2686	2.68499994
2687	2.68599987
2688	2.68700004
2689	2.68799996
2690	2.68899989
2691	2.69000006
2692	2.69099998
2693	2.69200015
2694	2.69300008
2695	2.69400001
2696	2.69499993
2697	2.69599986
2698	2.69700003
2699	2.69799995
2700	2.69899988
2701	2.70000005
2702	2.70099998
2703	2.70200014
2704	2.70300007
2705	2.70400000
2706	2.70499992
2707	2.70599985
2708	2.70700002
2709	2.70799994
2710	2.70899987
2711	2.71000004
2712	2.71099997
2713	2.71200013
2714	2.71300006
2715	2.71399999
2716	2.71499991
2717	2.71599984
2718	2.71700001
2719	2.71799994
2720	2.71899986
2721	2.72000003
2722	2.72099996
2723	2.72200012
2724	2.72300005
2725	2.72399998
2726	2.72499990
2727	2.72599983
2728	2.72700000
2729	2.72799993
2730	2.72899985
2731	2.73000002
2732	2.73099995
2733	2.73200011
2734	2.73300004
2735	2.73399997
2736	2.73499990
2737	2.73599982
2738	2.73699999
2739	2.73799992
2740	2.73899984
2741	2.74000001
2742	2.74099994
2743	2.74200010
2744	2.74300003
2745	2.74399996
2746	2.74499989
2747	2.74599981
2748	2.74699998
2749	2.74799991
2750	2.74899983
2751	2.75000000
2752	2.75099993
2753	2.75200009
2754	2.75300002
2755	2.75399995
2756	2.75500011
2757	2.75600004
2758	2.75700021
2759	2.75800014
2760	2.75900006
2761	2.75999999
2762	2.76099992
2763	2.76200008
2764	2.76300001
2765	2.76399994
2766	2.76500010
2767	2.76600003
2768	2.76700020
2769	2.76800013
2770	2.76900005
2771	2.76999998
2772	2.77099991
2773	2.77200007
2774	2.77300000
2775	2.77399993
2776	2.77500010
2777	2.77600002
2778	2.77700019
2779	2.77800012
2780	2.77900004
2781	2.77999997
2782	2.78099990
2783	2.78200006
2784	2.78299999
2785	2.78399992
2786	2.78500009
2787	2.78600001
2788	2.78700018
2789	2.78800011
2790	2.78900003
2791	2.78999996
2792	2.79099989
2793	2.79200006
2794	2.79299998
2795	2.79399991
2796	2.79500008
2797	2.79600000
2798	2.79700017
2799	2.79800010
2800	2.79900002
2801	2.79999995
2802	2.80099988
2803	2.80200005
2804	2.80299997
2805	2.80399990
2806	2.80500007
2807	2.80599999
2808	2.80700016
2809	2.80800009
2810	2.80900002
2811	2.80999994
2812	2.81099987
2813	2.81200004
2814	2.81299996
2815	2.81399989
2816	2.81500006
2817	2.81599998
2818	2.81700015
2819	2.81800008
2820	2.81900001
2821	2.81999993
2822	2.82099986
2823	2.82200003
2824	2.82299995
2825	2.82399988
2826	2.82500005
2827	2.82599998
2828	2.82700014
2829	2.82800007
2830	2.82900000
2831	2.82999992
2832	2.83099985
2833	2.83200002
2834	2.83299994
2835	2.83399987
2836	2.83500004
2837	2.83599997
2838	2.83700013
2839	2.83800006
2840	2.83899999
2841	2.83999991
2842	2.84099984
2843	2.84200001
2844	2.84299994
2845	2.84399986
2846	2.84500003
2847	2.84599996
2848	2.84700012
2849	2.84800005
2850	2.84899998
2851	2.84999990
2852	2.85099983
2853	2.85200000
2854	2.85299993
2855	2.85399985
2856	2.85500002
2857	2.85599995
2858	2.85700011
2859	2.85800004
2860	2.85899997
2861	2.85999990
2862	2.86099982
2863	2.86199999
2864	2.86299992
2865	2.86399984
2866	2.86500001
2867	2.86599994
2868	2.86700010
2869	2.86800003
2870	2.86899996
2871	2.86999989
2872	2.87099981
2873	2.87199998
2874	2.87299991
2875	2.87399983
2876	2.87500000
2877	2.87599993
2878	2.87700009
2879	2.87800002
2880	2.87899995
2881	2.88000011
2882	2.88100004
2883	2.88200021
2884	2.88300014
2885	2.88400006
2886	2.88499999
2887	2.88599992
2888	2.88700008
2889	2.88800001
2890	2.88899994
2891	2.89000010
2892	2.89100003
2893	2.89200020
2894	2.89300013
2895	2.89400005
2896	2.89499998
2897	2.89599991
2898	2.89700007
2899	2.89800000
2900	2.89899993
2901	2.90000010
2902	2.90100002
2903	2.90200019
2904	2.90300012
2905	2.90400004
2906	2.90499997
2907	2.90599990
2908	2.90700006
2909	2.90799999
2910	2.90899992
2911	2.91000009
2912	2.91100001
2913	2.91200018
2914	2.91300011
2915	2.91400003
2916	2.91499996
2917	2.91599989
2918	2.91700006
2919	2.91799998
2920	2.91899991
2921	2.92000008
2922	2.92100000
2923	2.92200017
2924	2.92300010
2925	2.92400002
2926	2.92499995
2927	2.92599988
2928	2.92700005
2929	2.92799997
2930	2.92899990
2931	2.93000007
2932	2.93099999
2933	2.93200016
2934	2.93300009
2935	2.93400002
2936	2.93499994
2937	2.93599987
2938	2.93700004
2939	2.93799996
2940	2.93899989
2941	2.94000006
2942	2.94099998
2943	2.94200015
2944	2.94300008
2945	2.94400001
2946	2.94499993
2947	2.94599986
2948	2.94700003
2949	2.94799995
2950	2.94899988
2951	2.95000005
2952	2.95099998
2953	2.95200014
2954	2.95300007
2955	2.95400000
2956	2.95499992
2957	2.95599985
2958	2.95700002
2959	2.95799994
2960	2.95899987
2961	2.96000004
2962	2.96099997
2963	2.96200013
2964	2.96300006
2965	2.96399999
2966	2.96499991
2967	2.96599984
2968	2.96700001
2969	2.96799994
2970	2.96899986
2971	2.97000003
2972	2.97099996
2973	2.97200012
2974	2.97300005
2975	2.97399998
2976	2.97499990
2977	2.97599983
2978	2.97700000
2979	2.97799993
2980	2.97899985
2981	2.98000002
2982	2.98099995
2983	2.98200011
2984	2.98300004
2985	2.98399997
2986	2.98499990
2987	2.98599982
2988	2.98699999
2989	2.98799992
2990	2.98899984
2991	2.99000001
2992	2.99099994
2993	2.99200010
2994	2.99300003
2995	2.99399996
2996	2.99499989
2997	2.99599981
2998	2.99699998
2999	2.99799991
3000	2.99899983