	C:\Users\jkuzm\OneDrive - University of Massachusetts\HRSL x UMILL-PUMA Fatigue - Fatigue\Data\F01\FR3_static1.c3d _ImpedanceExport
	LCAL1
	TARGET
	ORIGINAL
ITEM	Z
1	0.08000121
2	0.08000462
3	0.08000792
4	0.08001366
5	0.08004896
6	0.08004518
7	0.08002020
8	0.08003382
9	0.08002545
10	0.08004546
11	0.08004422
12	0.08005586
13	0.08009772
14	0.08005211
15	0.08007549
16	0.08008622
17	0.08008770
18	0.08008463
19	0.08010367
20	0.08010200
21	0.08010437
22	0.08013596
23	0.08010964
24	0.08011571
25	0.08012113
26	0.08015141
27	0.08013910
28	0.08016377
29	0.08016977
30	0.08015684
31	0.08016563
32	0.08018005
33	0.08022904
34	0.08020932
35	0.08022922
36	0.08023673
37	0.08024247
38	0.08028941
39	0.08029409
40	0.08029003
41	0.08027702
42	0.08031623
43	0.08030649
44	0.08035900
45	0.08034337
46	0.08041314
47	0.08038337
48	0.08040268
49	0.08042369
50	0.08043533
51	0.08044255
52	0.08045435
53	0.08048680
54	0.08049529
55	0.08052026
56	0.08054278
57	0.08055345
58	0.08057400
59	0.08058261
60	0.08058818
61	0.08058801
62	0.08058736
63	0.08060930
64	0.08061818
65	0.08063868
66	0.08062948
67	0.08063435
68	0.08062419
69	0.08064387
70	0.08062705
71	0.08062675
72	0.08062990
73	0.08062959
74	0.08064595
75	0.08063044
76	0.08063951
77	0.08064999
78	0.08064466
79	0.08062590
80	0.08064573
81	0.08064510
82	0.08063324
83	0.08064126
84	0.08062074
85	0.08062937
86	0.08062932
87	0.08065242
88	0.08062314
89	0.08064131
90	0.08063576
91	0.08064429
92	0.08066606
93	0.08063783
94	0.08064401
95	0.08064553
96	0.08064242
97	0.08062981
98	0.08065230
99	0.08064434
100	0.08064850
101	0.08067413
102	0.08065160
103	0.08067542
104	0.08066294
105	0.08067048
106	0.08066461
107	0.08067635
108	0.08066314
109	0.08066833
110	0.08066132
111	0.08066791
112	0.08067287
113	0.08067725
114	0.08066478
115	0.08068757
116	0.08067232
117	0.08065969
118	0.08069208
119	0.08069245
120	0.08067750
121	0.08067641
122	0.08069394
123	0.08069071
124	0.08070206
125	0.08069000
126	0.08068081
127	0.08067138
128	0.08067327
129	0.08068606
130	0.08068577
131	0.08070295
132	0.08068350
133	0.08070686
134	0.08070946
135	0.08073246
136	0.08071037
137	0.08070356
138	0.08070569
139	0.08070399
140	0.08070400
141	0.08071134
142	0.08073328
143	0.08070875
144	0.08073347
145	0.08073755
146	0.08073603
147	0.08075820
148	0.08075070
149	0.08073105
150	0.08073594
151	0.08075395
152	0.08075240
153	0.08074807
154	0.08073836
155	0.08074325
156	0.08074857
157	0.08077206
158	0.08074088
159	0.08074059
160	0.08074325
161	0.08074344
162	0.08076095
163	0.08075695
164	0.08074553
165	0.08074234
166	0.08075780
167	0.08075457
168	0.08076413
169	0.08074568
170	0.08073629
171	0.08075072
172	0.08077369
173	0.08077370
174	0.08076511
175	0.08076643
176	0.08078191
177	0.08079810
178	0.08079177
179	0.08077827
180	0.08080224
181	0.08079427
182	0.08079387
183	0.08078261
184	0.08079889
185	0.08078393
186	0.08075970
187	0.08078921
188	0.08076822
189	0.08076949
190	0.08079255
191	0.08078493
192	0.08078378
193	0.08078408
194	0.08079868
195	0.08080696
196	0.08080269
197	0.08079162
198	0.08080111
199	0.08081018
200	0.08081038
201	0.08082102
202	0.08083433
203	0.08082992
204	0.08080757
205	0.08083236
206	0.08080786
207	0.08080719
208	0.08082613
209	0.08081724
210	0.08083468
211	0.08082227
212	0.08084597
213	0.08082796
214	0.08085044
215	0.08084353
216	0.08083328
217	0.08085179
218	0.08082346
219	0.08086393
220	0.08085929
221	0.08086950
222	0.08087754
223	0.08088074
224	0.08088960
225	0.08089589
226	0.08089788
227	0.08091546
228	0.08090067
229	0.08091301
230	0.08093131
231	0.08092800
232	0.08093553
233	0.08093810
234	0.08094950
235	0.08092275
236	0.08093383
237	0.08092275
238	0.08093490
239	0.08093528
240	0.08092127
241	0.08094877
242	0.08093102
243	0.08094905
244	0.08094658
245	0.08095460
246	0.08096184
247	0.08094926
248	0.08095840
249	0.08095748
250	0.08097341
251	0.08096627
252	0.08097614
253	0.08097917
254	0.08101753
255	0.08100221
256	0.08099732
257	0.08099112
258	0.08101626
259	0.08100471
260	0.08100107
261	0.08101045
262	0.08100863
263	0.08102457
264	0.08102776
265	0.08104093
266	0.08105770
267	0.08104618
268	0.08103235
269	0.08105696
270	0.08107787
271	0.08107062
272	0.08106763
273	0.08106479
274	0.08105699
275	0.08106957
276	0.08108407
277	0.08108582
278	0.08108982
279	0.08108652
280	0.08111898
281	0.08109865
282	0.08112427
283	0.08111819
284	0.08111939
285	0.08114991
286	0.08113116
287	0.08112483
288	0.08114856
289	0.08114734
290	0.08116917
291	0.08114348
292	0.08114733
293	0.08115274
294	0.08115733
295	0.08117645
296	0.08116529
297	0.08119497
298	0.08116775
299	0.08118870
300	0.08118451
301	0.08121864
302	0.08120128
303	0.08121355
304	0.08123174
305	0.08122587
306	0.08125326
307	0.08125259
308	0.08124112
309	0.08124165
310	0.08126368
311	0.08125949
312	0.08124024
313	0.08127345
314	0.08126001
315	0.08125965
316	0.08126142
317	0.08123156
318	0.08123390
319	0.08123739
320	0.08121864
321	0.08122542
322	0.08120636
323	0.08123255
324	0.08121894
325	0.08120540
326	0.08120606
327	0.08124781
328	0.08120225
329	0.08122601
330	0.08125267
331	0.08121303
332	0.08122952
333	0.08124707
334	0.08122822
335	0.08121450
336	0.08123872
337	0.08125581
338	0.08124162
339	0.08124885
340	0.08124045
341	0.08124838
342	0.08125252
343	0.08125068
344	0.08126163
345	0.08126355
346	0.08127140
347	0.08126888
348	0.08126079
349	0.08125971
350	0.08126713
351	0.08129595
352	0.08127861
353	0.08129472
354	0.08130256
355	0.08129781
356	0.08131084
357	0.08132339
358	0.08132047
359	0.08133537
360	0.08133881
361	0.08134417
362	0.08135589
363	0.08136151
364	0.08136636
365	0.08141142
366	0.08138635
367	0.08136317
368	0.08138458
369	0.08145137
370	0.08141845
371	0.08142197
372	0.08138148
373	0.08142101
374	0.08140856
375	0.08138022
376	0.08138675
377	0.08140546
378	0.08144061
379	0.08142795
380	0.08147222
381	0.08146190
382	0.08148781
383	0.08146732
384	0.08147893
385	0.08146010
386	0.08149909
387	0.08147321
388	0.08149657
389	0.08148453
390	0.08146344
391	0.08144873
392	0.08146583
393	0.08145054
394	0.08143426
395	0.08140364
396	0.08145213
397	0.08140948
398	0.08144660
399	0.08143916
400	0.08138253
401	0.08141612
402	0.08137200
403	0.08133897
404	0.08134613
405	0.08131897
406	0.08133491
407	0.08130173
408	0.08130342
409	0.08127037
410	0.08127175
411	0.08125650
412	0.08121425
413	0.08122560
414	0.08120243
415	0.08121859
416	0.08116584
417	0.08119926
418	0.08118531
419	0.08118048
420	0.08117203
421	0.08116968
422	0.08116505
423	0.08115046
424	0.08116197
425	0.08115973
426	0.08112363
427	0.08111350
428	0.08112445
429	0.08111199
430	0.08111665
431	0.08111610
432	0.08111389
433	0.08112051
434	0.08111576
435	0.08112146
436	0.08109429
437	0.08110394
438	0.08110728
439	0.08110259
440	0.08110351
441	0.08111098
442	0.08110656
443	0.08110294
444	0.08110825
445	0.08111193
446	0.08111604
447	0.08112754
448	0.08110913
449	0.08110452
450	0.08109276
451	0.08111079
452	0.08110645
453	0.08110283
454	0.08110770
455	0.08110567
456	0.08109993
457	0.08109698
458	0.08110649
459	0.08111545
460	0.08109853
461	0.08111769
462	0.08110464
463	0.08109687
464	0.08111186
465	0.08110031
466	0.08108919
467	0.08110243
468	0.08108149
469	0.08109012
470	0.08107863
471	0.08110870
472	0.08108510
473	0.08108270
474	0.08107929
475	0.08109312
476	0.08110403
477	0.08111081
478	0.08109634
479	0.08109986
480	0.08111256
481	0.08106931
482	0.08109472
483	0.08110039
484	0.08110327
485	0.08110598
486	0.08108635
487	0.08109831
488	0.08108693
489	0.08110371
490	0.08111027
491	0.08109917
492	0.08109261
493	0.08110016
494	0.08110784
495	0.08109404
496	0.08111566
497	0.08109646
498	0.08109292
499	0.08110490
500	0.08113095
501	0.08108336
502	0.08107024
503	0.08107769
504	0.08106958
505	0.08105703
506	0.08108422
507	0.08103836
508	0.08105016
509	0.08103845
510	0.08104689
511	0.08103062
512	0.08102937
513	0.08103334
514	0.08101650
515	0.08100504
516	0.08099925
517	0.08099669
518	0.08098544
519	0.08098349
520	0.08100833
521	0.08100169
522	0.08099945
523	0.08099707
524	0.08100439
525	0.08097167
526	0.08096667
527	0.08097026
528	0.08097199
529	0.08096708
530	0.08095956
531	0.08097222
532	0.08094888
533	0.08096933
534	0.08094418
535	0.08095407
536	0.08093812
537	0.08093195
538	0.08095740
539	0.08096372
540	0.08095676
541	0.08095033
542	0.08094219
543	0.08096339
544	0.08095501
545	0.08093745
546	0.08092419
547	0.08093170
548	0.08093128
549	0.08092719
550	0.08093227
551	0.08090539
552	0.08090693
553	0.08091147
554	0.08090443
555	0.08091348
556	0.08089695
557	0.08089523
558	0.08091196
559	0.08090705
560	0.08089637
561	0.08090585
562	0.08091532
563	0.08090458
564	0.08087700
565	0.08090284
566	0.08089179
567	0.08089724
568	0.08089051
569	0.08087874
570	0.08089782
571	0.08087464
572	0.08091201
573	0.08091860
574	0.08092063
575	0.08090578
576	0.08089590
577	0.08091366
578	0.08091009
579	0.08089776
580	0.08090778
581	0.08090184
582	0.08090419
583	0.08092918
584	0.08090736
585	0.08090323
586	0.08091534
587	0.08089379
588	0.08089335
589	0.08089421
590	0.08089040
591	0.08087579
592	0.08088458
593	0.08087815
594	0.08087365
595	0.08086709
596	0.08084307
597	0.08085506
598	0.08084077
599	0.08082715
600	0.08085282