	C:\Users\jkuzm\OneDrive - University of Massachusetts\HRSL x UMILL-PUMA Fatigue - Fatigue\Data\F01\FR3_static1.c3d _ImpedanceExport
	LCAL3
	TARGET
	ORIGINAL
ITEM	Y
1	0.25029293
2	0.25028229
3	0.25029939
4	0.25029725
5	0.25036213
6	0.25034827
7	0.25036085
8	0.25037444
9	0.25037310
10	0.25038910
11	0.25037700
12	0.25038061
13	0.25038239
14	0.25038868
15	0.25038594
16	0.25041783
17	0.25041220
18	0.25041088
19	0.25042340
20	0.25041857
21	0.25040549
22	0.25041148
23	0.25043088
24	0.25042719
25	0.25043085
26	0.25041637
27	0.25041190
28	0.25041962
29	0.25043851
30	0.25043222
31	0.25043708
32	0.25045568
33	0.25045675
34	0.25046074
35	0.25046894
36	0.25047076
37	0.25047165
38	0.25048882
39	0.25049078
40	0.25050449
41	0.25049165
42	0.25050223
43	0.25051808
44	0.25052589
45	0.25053075
46	0.25054058
47	0.25052750
48	0.25055277
49	0.25055805
50	0.25057563
51	0.25057405
52	0.25056833
53	0.25058022
54	0.25057766
55	0.25058183
56	0.25059456
57	0.25057855
58	0.25059059
59	0.25060385
60	0.25060925
61	0.25062376
62	0.25060779
63	0.25062037
64	0.25063518
65	0.25062281
66	0.25062948
67	0.25063390
68	0.25061363
69	0.25061876
70	0.25063419
71	0.25062552
72	0.25064477
73	0.25064477
74	0.25064209
75	0.25064424
76	0.25063390
77	0.25063750
78	0.25065032
79	0.25064889
80	0.25063506
81	0.25063708
82	0.25064462
83	0.25063428
84	0.25065303
85	0.25063387
86	0.25063249
87	0.25063929
88	0.25063002
89	0.25064251
90	0.25064209
91	0.25062960
92	0.25064516
93	0.25063676
94	0.25065476
95	0.25064456
96	0.25064093
97	0.25066102
98	0.25064319
99	0.25066197
100	0.25066397
101	0.25065315
102	0.25064903
103	0.25062904
104	0.25064576
105	0.25065869
106	0.25065055
107	0.25065148
108	0.25064698
109	0.25063851
110	0.25065196
111	0.25064927
112	0.25064826
113	0.25065801
114	0.25065705
115	0.25065419
116	0.25066218
117	0.25065562
118	0.25066078
119	0.25066620
120	0.25065932
121	0.25066784
122	0.25064921
123	0.25065887
124	0.25065732
125	0.25065109
126	0.25065622
127	0.25066203
128	0.25066698
129	0.25066629
130	0.25065994
131	0.25068456
132	0.25066620
133	0.25066763
134	0.25068504
135	0.25066456
136	0.25066197
137	0.25067148
138	0.25068161
139	0.25065270
140	0.25067422
141	0.25067505
142	0.25069132
143	0.25068286
144	0.25067964
145	0.25069383
146	0.25068492
147	0.25067884
148	0.25068185
149	0.25067970
150	0.25068748
151	0.25068030
152	0.25067008
153	0.25066802
154	0.25067011
155	0.25069332
156	0.25066820
157	0.25068977
158	0.25068840
159	0.25069627
160	0.25067881
161	0.25069109
162	0.25068846
163	0.25069931
164	0.25069669
165	0.25070956
166	0.25068909
167	0.25068939
168	0.25068650
169	0.25069660
170	0.25068274
171	0.25070128
172	0.25071380
173	0.25070870
174	0.25069818
175	0.25070608
176	0.25070396
177	0.25070137
178	0.25070351
179	0.25072482
180	0.25070477
181	0.25068921
182	0.25070879
183	0.25069898
184	0.25072420
185	0.25069880
186	0.25069422
187	0.25070065
188	0.25070632
189	0.25069940
190	0.25071737
191	0.25071749
192	0.25068545
193	0.25070721
194	0.25070193
195	0.25071129
196	0.25071666
197	0.25071535
198	0.25070783
199	0.25070950
200	0.25071892
201	0.25071028
202	0.25070772
203	0.25072700
204	0.25071594
205	0.25069958
206	0.25071841
207	0.25071341
208	0.25072047
209	0.25070551
210	0.25072828
211	0.25071394
212	0.25072494
213	0.25072026
214	0.25072613
215	0.25072590
216	0.25073528
217	0.25074300
218	0.25073832
219	0.25073376
220	0.25073242
221	0.25072676
222	0.25073636
223	0.25075036
224	0.25073749
225	0.25075787
226	0.25073919
227	0.25075835
228	0.25077340
229	0.25077406
230	0.25077471
231	0.25075835
232	0.25077817
233	0.25078446
234	0.25078353
235	0.25078630
236	0.25079888
237	0.25077984
238	0.25079238
239	0.25079492
240	0.25079760
241	0.25079012
242	0.25080281
243	0.25080431
244	0.25080091
245	0.25079745
246	0.25079596
247	0.25079960
248	0.25080472
249	0.25080025
250	0.25081596
251	0.25080174
252	0.25080481
253	0.25081706
254	0.25081468
255	0.25082487
256	0.25082085
257	0.25081411
258	0.25082180
259	0.25083390
260	0.25083646
261	0.25084689
262	0.25086027
263	0.25086358
264	0.25087112
265	0.25088039
266	0.25087121
267	0.25087634
268	0.25086495
269	0.25085154
270	0.25086984
271	0.25084871
272	0.25085419
273	0.25085813
274	0.25085932
275	0.25085586
276	0.25086230
277	0.25084817
278	0.25086460
279	0.25085515
280	0.25087053
281	0.25085488
282	0.25087893
283	0.25087953
284	0.25086930
285	0.25088370
286	0.25088614
287	0.25088510
288	0.25089207
289	0.25089574
290	0.25090227
291	0.25090936
292	0.25090382
293	0.25089824
294	0.25091922
295	0.25090817
296	0.25090984
297	0.25091359
298	0.25090441
299	0.25091162
300	0.25090843
301	0.25091922
302	0.25090832
303	0.25090575
304	0.25093007
305	0.25091872
306	0.25092000
307	0.25093713
308	0.25092334
309	0.25093153
310	0.25093630
311	0.25093341
312	0.25093269
313	0.25093970
314	0.25094098
315	0.25092939
316	0.25093362
317	0.25092402
318	0.25093231
319	0.25092733
320	0.25091535
321	0.25092271
322	0.25091371
323	0.25092992
324	0.25093329
325	0.25092560
326	0.25095156
327	0.25094381
328	0.25093958
329	0.25093529
330	0.25094265
331	0.25094038
332	0.25093976
333	0.25092694
334	0.25094280
335	0.25091156
336	0.25093797
337	0.25093555
338	0.25093275
339	0.25092757
340	0.25094962
341	0.25095791
342	0.25094572
343	0.25094160
344	0.25094354
345	0.25094026
346	0.25095871
347	0.25093782
348	0.25094032
349	0.25094604
350	0.25096992
351	0.25097135
352	0.25095376
353	0.25096625
354	0.25096056
355	0.25096110
356	0.25096381
357	0.25095564
358	0.25096124
359	0.25096226
360	0.25096309
361	0.25097209
362	0.25096291
363	0.25096729
364	0.25097495
365	0.25096506
366	0.25097397
367	0.25097689
368	0.25096828
369	0.25098458
370	0.25097445
371	0.25099424
372	0.25098240
373	0.25098395
374	0.25098714
375	0.25099000
376	0.25099540
377	0.25099355
378	0.25100029
379	0.25098982
380	0.25100964
381	0.25100675
382	0.25099942
383	0.25099739
384	0.25100246
385	0.25100937
386	0.25101179
387	0.25098893
388	0.25100410
389	0.25100476
390	0.25100476
391	0.25100279
392	0.25101691
393	0.25097951
394	0.25100410
395	0.25100410
396	0.25099078
397	0.25099570
398	0.25099152
399	0.25097334
400	0.25097468
401	0.25097141
402	0.25097135
403	0.25098863
404	0.25096327
405	0.25097120
406	0.25095278
407	0.25096205
408	0.25095448
409	0.25096363
410	0.25093994
411	0.25093213
412	0.25092256
413	0.25092363
414	0.25092840
415	0.25092420
416	0.25093621
417	0.25093171
418	0.25091615
419	0.25090897
420	0.25090989
421	0.25089747
422	0.25090629
423	0.25090623
424	0.25090069
425	0.25089097
426	0.25089520
427	0.25087076
428	0.25088817
429	0.25088426
430	0.25088915
431	0.25089514
432	0.25089145
433	0.25088820
434	0.25089973
435	0.25089297
436	0.25089216
437	0.25087783
438	0.25087747
439	0.25089204
440	0.25089240
441	0.25088543
442	0.25089109
443	0.25088412
444	0.25087374
445	0.25089154
446	0.25088379
447	0.25089109
448	0.25088686
449	0.25088978
450	0.25088927
451	0.25087738
452	0.25088230
453	0.25088584
454	0.25087917
455	0.25088662
456	0.25088412
457	0.25086641
458	0.25086716
459	0.25088432
460	0.25088221
461	0.25088122
462	0.25087556
463	0.25089139
464	0.25087529
465	0.25087506
466	0.25085655
467	0.25086427
468	0.25087458
469	0.25087118
470	0.25087601
471	0.25087926
472	0.25088054
473	0.25089020
474	0.25088096
475	0.25086790
476	0.25087535
477	0.25086892
478	0.25087276
479	0.25086054
480	0.25085881
481	0.25086355
482	0.25086308
483	0.25086585
484	0.25085768
485	0.25086570
486	0.25087422
487	0.25086588
488	0.25085568
489	0.25086629
490	0.25086397
491	0.25086045
492	0.25086206
493	0.25087082
494	0.25088012
495	0.25086808
496	0.25085825
497	0.25087529
498	0.25088528
499	0.25086215
500	0.25086722
501	0.25086892
502	0.25085893
503	0.25085464
504	0.25086057
505	0.25085434
506	0.25085789
507	0.25084883
508	0.25084293
509	0.25083849
510	0.25083265
511	0.25084424
512	0.25085261
513	0.25085092
514	0.25084683
515	0.25082958
516	0.25084588
517	0.25083125
518	0.25082317
519	0.25082254
520	0.25083005
521	0.25082660
522	0.25082761
523	0.25082669
524	0.25082433
525	0.25083441
526	0.25082147
527	0.25081044
528	0.25081339
529	0.25080878
530	0.25080565
531	0.25080946
532	0.25080809
533	0.25080180
534	0.25080109
535	0.25081357
536	0.25080523
537	0.25080535
538	0.25080076
539	0.25080568
540	0.25078484
541	0.25080252
542	0.25080746
543	0.25079203
544	0.25079998
545	0.25079668
546	0.25078341
547	0.25080156
548	0.25076693
549	0.25078171
550	0.25076264
551	0.25078309
552	0.25079143
553	0.25077969
554	0.25078347
555	0.25078422
556	0.25076720
557	0.25078061
558	0.25075880
559	0.25078756
560	0.25078517
561	0.25078097
562	0.25075921
563	0.25078076
564	0.25076640
565	0.25076842
566	0.25076348
567	0.25077108
568	0.25075889
569	0.25076926
570	0.25076696
571	0.25076842
572	0.25079733
573	0.25079846
574	0.25082520
575	0.25080416
576	0.25082037
577	0.25081673
578	0.25081164
579	0.25080287
580	0.25082308
581	0.25082085
582	0.25081217
583	0.25080001
584	0.25079507
585	0.25080976
586	0.25078115
587	0.25077441
588	0.25078779
589	0.25076720
590	0.25076643
591	0.25077274
592	0.25077850
593	0.25077429
594	0.25077075
595	0.25075892
596	0.25077534
597	0.25075933
598	0.25075257
599	0.25075421
600	0.25076601