	C:\Users\jkuzm\OneDrive - University of Massachusetts\HRSL x UMILL-PUMA Fatigue - Fatigue\Data\F01\FR3_static1.c3d _ImpedanceExport
	RMT1H
	TARGET
	ORIGINAL
ITEM	X
1	0.41156885
2	0.41156229
3	0.41156146
4	0.41155550
5	0.41154483
6	0.41156763
7	0.41155189
8	0.41156062
9	0.41155246
10	0.41154283
11	0.41152379
12	0.41152677
13	0.41152084
14	0.41151053
15	0.41151366
16	0.41151983
17	0.41151187
18	0.41150418
19	0.41151205
20	0.41150215
21	0.41151473
22	0.41148823
23	0.41148099
24	0.41149759
25	0.41148165
26	0.41148368
27	0.41148481
28	0.41148332
29	0.41147283
30	0.41147739
31	0.41146651
32	0.41147071
33	0.41147259
34	0.41146895
35	0.41145244
36	0.41146904
37	0.41146022
38	0.41146708
39	0.41146678
40	0.41144708
41	0.41146284
42	0.41148108
43	0.41148070
44	0.41146272
45	0.41148680
46	0.41148713
47	0.41148031
48	0.41147825
49	0.41148075
50	0.41147870
51	0.41148081
52	0.41146091
53	0.41147202
54	0.41147599
55	0.41147715
56	0.41147307
57	0.41148633
58	0.41146854
59	0.41148302
60	0.41148892
61	0.41148937
62	0.41148576
63	0.41150317
64	0.41147047
65	0.41146556
66	0.41148490
67	0.41148475
68	0.41149065
69	0.41149196
70	0.41148728
71	0.41149345
72	0.41146478
73	0.41148892
74	0.41148198
75	0.41149506
76	0.41149053
77	0.41150135
78	0.41147801
79	0.41148660
80	0.41148660
81	0.41148579
82	0.41150120
83	0.41148698
84	0.41149390
85	0.41148901
86	0.41149861
87	0.41148821
88	0.41148290
89	0.41148123
90	0.41148999
91	0.41149166
92	0.41147801
93	0.41148257
94	0.41148591
95	0.41149515
96	0.41147742
97	0.41148472
98	0.41148880
99	0.41147685
100	0.41146591
101	0.41148508
102	0.41147766
103	0.41147721
104	0.41148877
105	0.41148096
106	0.41148272
107	0.41148978
108	0.41147125
109	0.41147181
110	0.41149190
111	0.41148403
112	0.41146767
113	0.41147992
114	0.41151693
115	0.41147941
116	0.41149861
117	0.41148245
118	0.41148767
119	0.41148606
120	0.41150555
121	0.41151032
122	0.41147271
123	0.41148880
124	0.41151071
125	0.41150343
126	0.41150260
127	0.41149452
128	0.41149092
129	0.41150442
130	0.41151106
131	0.41147974
132	0.41150004
133	0.41149414
134	0.41149443
135	0.41146117
136	0.41147742
137	0.41149244
138	0.41148970
139	0.41149345
140	0.41149881
141	0.41149729
142	0.41149405
143	0.41148454
144	0.41147938
145	0.41149300
146	0.41147453
147	0.41147709
148	0.41148758
149	0.41149551
150	0.41148576
151	0.41150025
152	0.41151324
153	0.41149035
154	0.41148299
155	0.41146544
156	0.41146755
157	0.41147318
158	0.41149604
159	0.41150481
160	0.41147971
161	0.41150817
162	0.41150358
163	0.41148004
164	0.41148952
165	0.41152251
166	0.41147944
167	0.41151720
168	0.41149950
169	0.41150537
170	0.41151026
171	0.41151065
172	0.41148689
173	0.41149041
174	0.41149914
175	0.41149685
176	0.41149098
177	0.41148528
178	0.41150087
179	0.41147888
180	0.41147518
181	0.41147527
182	0.41147482
183	0.41146958
184	0.41150793
185	0.41151363
186	0.41149676
187	0.41149244
188	0.41147798
189	0.41148260
190	0.41146609
191	0.41147959
192	0.41149709
193	0.41150224
194	0.41147694
195	0.41148254
196	0.41148382
197	0.41150057
198	0.41151348
199	0.41150370
200	0.41149604
201	0.41149697
202	0.41148281
203	0.41151291
204	0.41147807
205	0.41148928
206	0.41147164
207	0.41147578
208	0.41148371
209	0.41147792
210	0.41147587
211	0.41148758
212	0.41147444
213	0.41150135
214	0.41148821
215	0.41147280
216	0.41149315
217	0.41148183
218	0.41149828
219	0.41150564
220	0.41148937
221	0.41149160
222	0.41148326
223	0.41148111
224	0.41147378
225	0.41149098
226	0.41146946
227	0.41147527
228	0.41149735
229	0.41144767
230	0.41148385
231	0.41148525
232	0.41147655
233	0.41147873
234	0.41147742
235	0.41148439
236	0.41149467
237	0.41148630
238	0.41148806
239	0.41148433
240	0.41149297
241	0.41147766
242	0.41146827
243	0.41148087
244	0.41148341
245	0.41147879
246	0.41149718
247	0.41148502
248	0.41149658
249	0.41148150
250	0.41146943
251	0.41147286
252	0.41149157
253	0.41148475
254	0.41145921
255	0.41149142
256	0.41147873
257	0.41145578
258	0.41146305
259	0.41145310
260	0.41146863
261	0.41146335
262	0.41147363
263	0.41146776
264	0.41147453
265	0.41143680
266	0.41144943
267	0.41146353
268	0.41144016
269	0.41146013
270	0.41147140
271	0.41145673
272	0.41145244
273	0.41142905
274	0.41145623
275	0.41145483
276	0.41145536
277	0.41147536
278	0.41146848
279	0.41145012
280	0.41145509
281	0.41145885
282	0.41146448
283	0.41144317
284	0.41143668
285	0.41146621
286	0.41143867
287	0.41145998
288	0.41144046
289	0.41143742
290	0.41142300
291	0.41142479
292	0.41142580
293	0.41142330
294	0.41141024
295	0.41139740
296	0.41141883
297	0.41139477
298	0.41139752
299	0.41139472
300	0.41139466
301	0.41140032
302	0.41138810
303	0.41138211
304	0.41138917
305	0.41139361
306	0.41139913
307	0.41138592
308	0.41140029
309	0.41138104
310	0.41138813
311	0.41137069
312	0.41135901
313	0.41138324
314	0.41138422
315	0.41138127
316	0.41139042
317	0.41140273
318	0.41138616
319	0.41138819
320	0.41140005
321	0.41137996
322	0.41138425
323	0.41137737
324	0.41139477
325	0.41137585
326	0.41138428
327	0.41139135
328	0.41138771
329	0.41138849
330	0.41137114
331	0.41136566
332	0.41136816
333	0.41137001
334	0.41133395
335	0.41136232
336	0.41134271
337	0.41134045
338	0.41135243
339	0.41134840
340	0.41134611
341	0.41135409
342	0.41137329
343	0.41135940
344	0.41136709
345	0.41135779
346	0.41136825
347	0.41136131
348	0.41136032
349	0.41136315
350	0.41137180
351	0.41137847
352	0.41136223
353	0.41135928
354	0.41136071
355	0.41136757
356	0.41137972
357	0.41136503
358	0.41137338
359	0.41136670
360	0.41137648
361	0.41137385
362	0.41137409
363	0.41137388
364	0.41136852
365	0.41138953
366	0.41139597
367	0.41137359
368	0.41136909
369	0.41137254
370	0.41137570
371	0.41138121
372	0.41138750
373	0.41138738
374	0.41138542
375	0.41137397
376	0.41134807
377	0.41136271
378	0.41134113
379	0.41136989
380	0.41137171
381	0.41138270
382	0.41136742
383	0.41136226
384	0.41136447
385	0.41140386
386	0.41140401
387	0.41139498
388	0.41139132
389	0.41137072
390	0.41140991
391	0.41139010
392	0.41137666
393	0.41139150
394	0.41140527
395	0.41138828
396	0.41138291
397	0.41138387
398	0.41139001
399	0.41138437
400	0.41137061
401	0.41138217
402	0.41135296
403	0.41138646
404	0.41139001
405	0.41137663
406	0.41139534
407	0.41138905
408	0.41139746
409	0.41138142
410	0.41138721
411	0.41138583
412	0.41140008
413	0.41139975
414	0.41138402
415	0.41141051
416	0.41139546
417	0.41140747
418	0.41139925
419	0.41138658
420	0.41141149
421	0.41140968
422	0.41140008
423	0.41141436
424	0.41139391
425	0.41140816
426	0.41141307
427	0.41140360
428	0.41139746
429	0.41141537
430	0.41139975
431	0.41139412
432	0.41139963
433	0.41140726
434	0.41139692
435	0.41140103
436	0.41140050
437	0.41141245
438	0.41141981
439	0.41139483
440	0.41140419
441	0.41139194
442	0.41141531
443	0.41140839
444	0.41139802
445	0.41140112
446	0.41139504
447	0.41139320
448	0.41138637
449	0.41142648
450	0.41139743
451	0.41140789
452	0.41140988
453	0.41140717
454	0.41140798
455	0.41138330
456	0.41142258
457	0.41140676
458	0.41140741
459	0.41142407
460	0.41139886
461	0.41141087
462	0.41140673
463	0.41141540
464	0.41138768
465	0.41137820
466	0.41140911
467	0.41138610
468	0.41140249
469	0.41140530
470	0.41139245
471	0.41140378
472	0.41139644
473	0.41138527
474	0.41141590
475	0.41138753
476	0.41139308
477	0.41140071
478	0.41140667
479	0.41139668
480	0.41141057
481	0.41140479
482	0.41138795
483	0.41139549
484	0.41140458
485	0.41138685
486	0.41138774
487	0.41139236
488	0.41139346
489	0.41140702
490	0.41138968
491	0.41137800
492	0.41139853
493	0.41138548
494	0.41140571
495	0.41141260
496	0.41141033
497	0.41139042
498	0.41138837
499	0.41141275
500	0.41139606
501	0.41141653
502	0.41141459
503	0.41139960
504	0.41142482
505	0.41141954
506	0.41139880
507	0.41138336
508	0.41140404
509	0.41138640
510	0.41141072
511	0.41138878
512	0.41139925
513	0.41141054
514	0.41139591
515	0.41139466
516	0.41142488
517	0.41141024
518	0.41141713
519	0.41142601
520	0.41141030
521	0.41141471
522	0.41140768
523	0.41140381
524	0.41140419
525	0.41139421
526	0.41141617
527	0.41141090
528	0.41140583
529	0.41141093
530	0.41141254
531	0.41141385
532	0.41141397
533	0.41139799
534	0.41141197
535	0.41141590
536	0.41141638
537	0.41139409
538	0.41142902
539	0.41141972
540	0.41141355
541	0.41142938
542	0.41140568
543	0.41140804
544	0.41141245
545	0.41139954
546	0.41141194
547	0.41141787
548	0.41142100
549	0.41141999
550	0.41141337
551	0.41142824
552	0.41142702
553	0.41140586
554	0.41141498
555	0.41140825
556	0.41140997
557	0.41141507
558	0.41141438
559	0.41141099
560	0.41139269
561	0.41142294
562	0.41141462
563	0.41141772
564	0.41143292
565	0.41141367
566	0.41139936
567	0.41141635
568	0.41140741
569	0.41139543
570	0.41141319
571	0.41139734
572	0.41140971
573	0.41141257
574	0.41140157
575	0.41141841
576	0.41139475
577	0.41141301
578	0.41138458
579	0.41141036
580	0.41140229
581	0.41140816
582	0.41142055
583	0.41142574
584	0.41140577
585	0.41140962
586	0.41139862
587	0.41141197
588	0.41140771
589	0.41141900
590	0.41142198
591	0.41140503
592	0.41141644
593	0.41140309
594	0.41142222
595	0.41144422
596	0.41142586
597	0.41141310
598	0.41141671
599	0.41138655
600	0.41142809