	C:\Users\jkuzm\OneDrive - University of Massachusetts\HRSL x UMILL-PUMA Fatigue - Fatigue\Data\F01\FR3_static1.c3d _ImpedanceExport
	LMT5H
	TARGET
	ORIGINAL
ITEM	Y
1	0.38556415
2	0.38554871
3	0.38555378
4	0.38555470
5	0.38552520
6	0.38552469
7	0.38553721
8	0.38550982
9	0.38553309
10	0.38551301
11	0.38552696
12	0.38552532
13	0.38553786
14	0.38552961
15	0.38552585
16	0.38552520
17	0.38553146
18	0.38554791
19	0.38555583
20	0.38554367
21	0.38555175
22	0.38555527
23	0.38552672
24	0.38554090
25	0.38554904
26	0.38552698
27	0.38555035
28	0.38553470
29	0.38556549
30	0.38555408
31	0.38556710
32	0.38557592
33	0.38557178
34	0.38557169
35	0.38558334
36	0.38557285
37	0.38556647
38	0.38558468
39	0.38558295
40	0.38561162
41	0.38559645
42	0.38560247
43	0.38561308
44	0.38563389
45	0.38561505
46	0.38563758
47	0.38562456
48	0.38564986
49	0.38564441
50	0.38565999
51	0.38565958
52	0.38567418
53	0.38566619
54	0.38566276
55	0.38569048
56	0.38569486
57	0.38567603
58	0.38569242
59	0.38569385
60	0.38569626
61	0.38568231
62	0.38570732
63	0.38570794
64	0.38571322
65	0.38570413
66	0.38570991
67	0.38572457
68	0.38571951
69	0.38570574
70	0.38571677
71	0.38571936
72	0.38571981
73	0.38573292
74	0.38571215
75	0.38571081
76	0.38574240
77	0.38573578
78	0.38572347
79	0.38572723
80	0.38573131
81	0.38571072
82	0.38571861
83	0.38571379
84	0.38572070
85	0.38571715
86	0.38573357
87	0.38573179
88	0.38572273
89	0.38571963
90	0.38571930
91	0.38571483
92	0.38570100
93	0.38572776
94	0.38572153
95	0.38572755
96	0.38572213
97	0.38571647
98	0.38572904
99	0.38571951
100	0.38571957
101	0.38572168
102	0.38571000
103	0.38572308
104	0.38572273
105	0.38572621
106	0.38573006
107	0.38572645
108	0.38574469
109	0.38572484
110	0.38573992
111	0.38574198
112	0.38573667
113	0.38574961
114	0.38573727
115	0.38574022
116	0.38574126
117	0.38573909
118	0.38574687
119	0.38574457
120	0.38575512
121	0.38574293
122	0.38575745
123	0.38572556
124	0.38572547
125	0.38572666
126	0.38573560
127	0.38572270
128	0.38574174
129	0.38574052
130	0.38575098
131	0.38575032
132	0.38575527
133	0.38575348
134	0.38575301
135	0.38575384
136	0.38574040
137	0.38574684
138	0.38574758
139	0.38574716
140	0.38575092
141	0.38576403
142	0.38575652
143	0.38575754
144	0.38576555
145	0.38576469
146	0.38576284
147	0.38576734
148	0.38577133
149	0.38575721
150	0.38576788
151	0.38577223
152	0.38577884
153	0.38577086
154	0.38576823
155	0.38575324
156	0.38575405
157	0.38575357
158	0.38575926
159	0.38576394
160	0.38575506
161	0.38577849
162	0.38577923
163	0.38578600
164	0.38577685
165	0.38578382
166	0.38577351
167	0.38577422
168	0.38576347
169	0.38576698
170	0.38576221
171	0.38576850
172	0.38577121
173	0.38577458
174	0.38577661
175	0.38578033
176	0.38580108
177	0.38577932
178	0.38577974
179	0.38578635
180	0.38578677
181	0.38578826
182	0.38577297
183	0.38578609
184	0.38578904
185	0.38579053
186	0.38579136
187	0.38580090
188	0.38579071
189	0.38580066
190	0.38581344
191	0.38580722
192	0.38580498
193	0.38579783
194	0.38581747
195	0.38580850
196	0.38580146
197	0.38580444
198	0.38580331
199	0.38582253
200	0.38579139
201	0.38580388
202	0.38581365
203	0.38580301
204	0.38580006
205	0.38579765
206	0.38579997
207	0.38579762
208	0.38579825
209	0.38582495
210	0.38579273
211	0.38581210
212	0.38580272
213	0.38580757
214	0.38580298
215	0.38580793
216	0.38580316
217	0.38583323
218	0.38581362
219	0.38584042
220	0.38583297
221	0.38582537
222	0.38583431
223	0.38582000
224	0.38583913
225	0.38582942
226	0.38582802
227	0.38582906
228	0.38583401
229	0.38582790
230	0.38583606
231	0.38584438
232	0.38584936
233	0.38584340
234	0.38585261
235	0.38583320
236	0.38583842
237	0.38581786
238	0.38583669
239	0.38585788
240	0.38585526
241	0.38585997
242	0.38585490
243	0.38585845
244	0.38583398
245	0.38585401
246	0.38585749
247	0.38584566
248	0.38583928
249	0.38585302
250	0.38587105
251	0.38587958
252	0.38586858
253	0.38586926
254	0.38587153
255	0.38586441
256	0.38588163
257	0.38587642
258	0.38586614
259	0.38587159
260	0.38588518
261	0.38587904
262	0.38587907
263	0.38589776
264	0.38590723
265	0.38588011
266	0.38588867
267	0.38589177
268	0.38588431
269	0.38590306
270	0.38589767
271	0.38590050
272	0.38590646
273	0.38590381
274	0.38590652
275	0.38589442
276	0.38589534
277	0.38590381
278	0.38590935
279	0.38589093
280	0.38588837
281	0.38590834
282	0.38590810
283	0.38592929
284	0.38594159
285	0.38592631
286	0.38592950
287	0.38593441
288	0.38593754
289	0.38592756
290	0.38592559
291	0.38595581
292	0.38594753
293	0.38595304
294	0.38594821
295	0.38595054
296	0.38595068
297	0.38595915
298	0.38595605
299	0.38595197
300	0.38596418
301	0.38596028
302	0.38594794
303	0.38597500
304	0.38598320
305	0.38595349
306	0.38595933
307	0.38596070
308	0.38596246
309	0.38596627
310	0.38598096
311	0.38594669
312	0.38595235
313	0.38595551
314	0.38596284
315	0.38595453
316	0.38597393
317	0.38593987
318	0.38595524
319	0.38595784
320	0.38593966
321	0.38595486
322	0.38592124
323	0.38594031
324	0.38592687
325	0.38592604
326	0.38592514
327	0.38594308
328	0.38594866
329	0.38595703
330	0.38594660
331	0.38594797
332	0.38593951
333	0.38594010
334	0.38594019
335	0.38594827
336	0.38595596
337	0.38595724
338	0.38595381
339	0.38595891
340	0.38595426
341	0.38595971
342	0.38596904
343	0.38596129
344	0.38595828
345	0.38596800
346	0.38596416
347	0.38595024
348	0.38596246
349	0.38598347
350	0.38596603
351	0.38598698
352	0.38598323
353	0.38598147
354	0.38597775
355	0.38596758
356	0.38596806
357	0.38596505
358	0.38598362
359	0.38597435
360	0.38598457
361	0.38598013
362	0.38599503
363	0.38598490
364	0.38599285
365	0.38597804
366	0.38598311
367	0.38598502
368	0.38598889
369	0.38598767
370	0.38599733
371	0.38600662
372	0.38601300
373	0.38600898
374	0.38599944
375	0.38600999
376	0.38601130
377	0.38600329
378	0.38601622
379	0.38602442
380	0.38602570
381	0.38603050
382	0.38603085
383	0.38602775
384	0.38602924
385	0.38604030
386	0.38603345
387	0.38602650
388	0.38603798
389	0.38601902
390	0.38602325
391	0.38602668
392	0.38603476
393	0.38602653
394	0.38602629
395	0.38603836
396	0.38603485
397	0.38603613
398	0.38603446
399	0.38603345
400	0.38601133
401	0.38601038
402	0.38601390
403	0.38598880
404	0.38599491
405	0.38600022
406	0.38599801
407	0.38598922
408	0.38596985
409	0.38597143
410	0.38596117
411	0.38596800
412	0.38594785
413	0.38595665
414	0.38596857
415	0.38596249
416	0.38597459
417	0.38595966
418	0.38597673
419	0.38596767
420	0.38597944
421	0.38594797
422	0.38593924
423	0.38595778
424	0.38594776
425	0.38594061
426	0.38593966
427	0.38594100
428	0.38592479
429	0.38594624
430	0.38595536
431	0.38595036
432	0.38594136
433	0.38593671
434	0.38593912
435	0.38593075
436	0.38592663
437	0.38594046
438	0.38593435
439	0.38593036
440	0.38593090
441	0.38593349
442	0.38592109
443	0.38592318
444	0.38592139
445	0.38593721
446	0.38591444
447	0.38591608
448	0.38592580
449	0.38593581
450	0.38593876
451	0.38592604
452	0.38594180
453	0.38592994
454	0.38594213
455	0.38592413
456	0.38591924
457	0.38591161
458	0.38591367
459	0.38592583
460	0.38592532
461	0.38593853
462	0.38592839
463	0.38592324
464	0.38592282
465	0.38590530
466	0.38591352
467	0.38590550
468	0.38590807
469	0.38589343
470	0.38590956
471	0.38590267
472	0.38592666
473	0.38593081
474	0.38592833
475	0.38591015
476	0.38591269
477	0.38592404
478	0.38592169
479	0.38591835
480	0.38592178
481	0.38592458
482	0.38591671
483	0.38592994
484	0.38591114
485	0.38591942
486	0.38590634
487	0.38589710
488	0.38591319
489	0.38590163
490	0.38590395
491	0.38589966
492	0.38588870
493	0.38591984
494	0.38590756
495	0.38591164
496	0.38591313
497	0.38590741
498	0.38590136
499	0.38590634
500	0.38588086
501	0.38589600
502	0.38590175
503	0.38589102
504	0.38589785
505	0.38589355
506	0.38590750
507	0.38589475
508	0.38590208
509	0.38589469
510	0.38588297
511	0.38589233
512	0.38587597
513	0.38587630
514	0.38588831
515	0.38588423
516	0.38588881
517	0.38588101
518	0.38589656
519	0.38588709
520	0.38587654
521	0.38589075
522	0.38587296
523	0.38586709
524	0.38587350
525	0.38587472
526	0.38586256
527	0.38586783
528	0.38587436
529	0.38585094
530	0.38584185
531	0.38585049
532	0.38584289
533	0.38585660
534	0.38584104
535	0.38584757
536	0.38584009
537	0.38585401
538	0.38586548
539	0.38586217
540	0.38585487
541	0.38584727
542	0.38584244
543	0.38586184
544	0.38584670
545	0.38584763
546	0.38584694
547	0.38583857
548	0.38585097
549	0.38584769
550	0.38584533
551	0.38584945
552	0.38584009
553	0.38584799
554	0.38583478
555	0.38582850
556	0.38581723
557	0.38583708
558	0.38582021
559	0.38585228
560	0.38583896
561	0.38584363
562	0.38583040
563	0.38584024
564	0.38582295
565	0.38581705
566	0.38581926
567	0.38581869
568	0.38580844
569	0.38582617
570	0.38582632
571	0.38581938
572	0.38582185
573	0.38584003
574	0.38583505
575	0.38583398
576	0.38583642
577	0.38584104
578	0.38584530
579	0.38584077
580	0.38585460
581	0.38585281
582	0.38584140
583	0.38585249
584	0.38586432
585	0.38585812
586	0.38584828
587	0.38583753
588	0.38583833
589	0.38583151
590	0.38583565
591	0.38583598
592	0.38581845
593	0.38583350
594	0.38583073
595	0.38582537
596	0.38581851
597	0.38583273
598	0.38582051
599	0.38580465
600	0.38581252