	C:\Users\jkuzm\OneDrive - University of Massachusetts\HRSL x UMILL-PUMA Fatigue - Fatigue\Data\F01\FR3_static1.c3d _ImpedanceExport
	RCAL1
	TARGET
	ORIGINAL
ITEM	Z
1	0.07668160
2	0.07670540
3	0.07668365
4	0.07674535
5	0.07666084
6	0.07671817
7	0.07672670
8	0.07672691
9	0.07667485
10	0.07670088
11	0.07671738
12	0.07671060
13	0.07668436
14	0.07671392
15	0.07676344
16	0.07674851
17	0.07675177
18	0.07676911
19	0.07678480
20	0.07678553
21	0.07682372
22	0.07681388
23	0.07679716
24	0.07680856
25	0.07683484
26	0.07680663
27	0.07684542
28	0.07684084
29	0.07686219
30	0.07686041
31	0.07686784
32	0.07688253
33	0.07688662
34	0.07688098
35	0.07691026
36	0.07692795
37	0.07695022
38	0.07696672
39	0.07698967
40	0.07701959
41	0.07704703
42	0.07700673
43	0.07702180
44	0.07705186
45	0.07708994
46	0.07709318
47	0.07708406
48	0.07713916
49	0.07713926
50	0.07713345
51	0.07717782
52	0.07720255
53	0.07719862
54	0.07723735
55	0.07722083
56	0.07722127
57	0.07726906
58	0.07728401
59	0.07727467
60	0.07729686
61	0.07730576
62	0.07731878
63	0.07731476
64	0.07733614
65	0.07732183
66	0.07734943
67	0.07734883
68	0.07737421
69	0.07736094
70	0.07734811
71	0.07738215
72	0.07738678
73	0.07739052
74	0.07739857
75	0.07739598
76	0.07743293
77	0.07739610
78	0.07741008
79	0.07742409
80	0.07741532
81	0.07742069
82	0.07741782
83	0.07740694
84	0.07741217
85	0.07742855
86	0.07740580
87	0.07742967
88	0.07740276
89	0.07741614
90	0.07739208
91	0.07741957
92	0.07742868
93	0.07742029
94	0.07741380
95	0.07742243
96	0.07742162
97	0.07739252
98	0.07743424
99	0.07743177
100	0.07742054
101	0.07743056
102	0.07747592
103	0.07746860
104	0.07748573
105	0.07743878
106	0.07742696
107	0.07746154
108	0.07748163
109	0.07745706
110	0.07747062
111	0.07746403
112	0.07745581
113	0.07747965
114	0.07750548
115	0.07750954
116	0.07746604
117	0.07750684
118	0.07747474
119	0.07748630
120	0.07755707
121	0.07751533
122	0.07753577
123	0.07753213
124	0.07751893
125	0.07750423
126	0.07751057
127	0.07752174
128	0.07751789
129	0.07753679
130	0.07751723
131	0.07753912
132	0.07753539
133	0.07755905
134	0.07755255
135	0.07754324
136	0.07753587
137	0.07756291
138	0.07757396
139	0.07756166
140	0.07758814
141	0.07756659
142	0.07758214
143	0.07757615
144	0.07757202
145	0.07758173
146	0.07756787
147	0.07759062
148	0.07756823
149	0.07757426
150	0.07759342
151	0.07760900
152	0.07758838
153	0.07760394
154	0.07761276
155	0.07760192
156	0.07762197
157	0.07763214
158	0.07764450
159	0.07760540
160	0.07763771
161	0.07763145
162	0.07765987
163	0.07764241
164	0.07767227
165	0.07764442
166	0.07766722
167	0.07765491
168	0.07767172
169	0.07764309
170	0.07766484
171	0.07766483
172	0.07766602
173	0.07765415
174	0.07768061
175	0.07764867
176	0.07768788
177	0.07767430
178	0.07766979
179	0.07768454
180	0.07766798
181	0.07773725
182	0.07770234
183	0.07768732
184	0.07769286
185	0.07772818
186	0.07771508
187	0.07774474
188	0.07770625
189	0.07770178
190	0.07772897
191	0.07775442
192	0.07774374
193	0.07772067
194	0.07775686
195	0.07774648
196	0.07777302
197	0.07777549
198	0.07778143
199	0.07777516
200	0.07777566
201	0.07779416
202	0.07779773
203	0.07778293
204	0.07780030
205	0.07780019
206	0.07783501
207	0.07785105
208	0.07785599
209	0.07783278
210	0.07782973
211	0.07785241
212	0.07785930
213	0.07786909
214	0.07787065
215	0.07787163
216	0.07788020
217	0.07789931
218	0.07791930
219	0.07793853
220	0.07792118
221	0.07797408
222	0.07796213
223	0.07794196
224	0.07796622
225	0.07797371
226	0.07799324
227	0.07797769
228	0.07798634
229	0.07801934
230	0.07799943
231	0.07802133
232	0.07804625
233	0.07803919
234	0.07806105
235	0.07808822
236	0.07807412
237	0.07807825
238	0.07811030
239	0.07810196
240	0.07808606
241	0.07809857
242	0.07810648
243	0.07811414
244	0.07809551
245	0.07812584
246	0.07816187
247	0.07816934
248	0.07815413
249	0.07818175
250	0.07818659
251	0.07819031
252	0.07818256
253	0.07821826
254	0.07819138
255	0.07823093
256	0.07820871
257	0.07822807
258	0.07824108
259	0.07821386
260	0.07823167
261	0.07826472
262	0.07825855
263	0.07826484
264	0.07826153
265	0.07828642
266	0.07829357
267	0.07826758
268	0.07836441
269	0.07833438
270	0.07833452
271	0.07834541
272	0.07834655
273	0.07840026
274	0.07836731
275	0.07840665
276	0.07843073
277	0.07838584
278	0.07843206
279	0.07841648
280	0.07838317
281	0.07837100
282	0.07839815
283	0.07838657
284	0.07843637
285	0.07841057
286	0.07844987
287	0.07843777
288	0.07837913
289	0.07844433
290	0.07843126
291	0.07846075
292	0.07845922
293	0.07847441
294	0.07847169
295	0.07847364
296	0.07850639
297	0.07851548
298	0.07849520
299	0.07848728
300	0.07854423
301	0.07853982
302	0.07853319
303	0.07854092
304	0.07855298
305	0.07856513
306	0.07859293
307	0.07861122
308	0.07859050
309	0.07857691
310	0.07859641
311	0.07861125
312	0.07857842
313	0.07859254
314	0.07861925
315	0.07861339
316	0.07859350
317	0.07859888
318	0.07861403
319	0.07859261
320	0.07857556
321	0.07858942
322	0.07862009
323	0.07855771
324	0.07858977
325	0.07858269
326	0.07856631
327	0.07858821
328	0.07854676
329	0.07859462
330	0.07856609
331	0.07854722
332	0.07859404
333	0.07857700
334	0.07859514
335	0.07859520
336	0.07859875
337	0.07860281
338	0.07861543
339	0.07856773
340	0.07862435
341	0.07859186
342	0.07861184
343	0.07860038
344	0.07860176
345	0.07861130
346	0.07862351
347	0.07862189
348	0.07866007
349	0.07864913
350	0.07864727
351	0.07866845
352	0.07865414
353	0.07867249
354	0.07867452
355	0.07868483
356	0.07867555
357	0.07867562
358	0.07867264
359	0.07872100
360	0.07869776
361	0.07869316
362	0.07868978
363	0.07871508
364	0.07871255
365	0.07872739
366	0.07872956
367	0.07872099
368	0.07872231
369	0.07872225
370	0.07870891
371	0.07870809
372	0.07872788
373	0.07873084
374	0.07872935
375	0.07871214
376	0.07871733
377	0.07872288
378	0.07874686
379	0.07873217
380	0.07872287
381	0.07872535
382	0.07874212
383	0.07874286
384	0.07874321
385	0.07875945
386	0.07874631
387	0.07875743
388	0.07875718
389	0.07877554
390	0.07876892
391	0.07872315
392	0.07877208
393	0.07874468
394	0.07876565
395	0.07876074
396	0.07873971
397	0.07876126
398	0.07873832
399	0.07872880
400	0.07873206
401	0.07871269
402	0.07871081
403	0.07868496
404	0.07869511
405	0.07870749
406	0.07868048
407	0.07867017
408	0.07863043
409	0.07862329
410	0.07859144
411	0.07859720
412	0.07854891
413	0.07854798
414	0.07853372
415	0.07851215
416	0.07850926
417	0.07847693
418	0.07848635
419	0.07846002
420	0.07843297
421	0.07845868
422	0.07842411
423	0.07842939
424	0.07843249
425	0.07844061
426	0.07838525
427	0.07838833
428	0.07838882
429	0.07830881
430	0.07837788
431	0.07834192
432	0.07833730
433	0.07834586
434	0.07834881
435	0.07832041
436	0.07837187
437	0.07830968
438	0.07835057
439	0.07827438
440	0.07831982
441	0.07834412
442	0.07832081
443	0.07834823
444	0.07831754
445	0.07832641
446	0.07832954
447	0.07837725
448	0.07832829
449	0.07843404
450	0.07830598
451	0.07841121
452	0.07840944
453	0.07838660
454	0.07835419
455	0.07841709
456	0.07836601
457	0.07839678
458	0.07838832
459	0.07844748
460	0.07843480
461	0.07837785
462	0.07838365
463	0.07842723
464	0.07842245
465	0.07844139
466	0.07844687
467	0.07842629
468	0.07842410
469	0.07843775
470	0.07842992
471	0.07843085
472	0.07841348
473	0.07844409
474	0.07834865
475	0.07837921
476	0.07842311
477	0.07841450
478	0.07844959
479	0.07845786
480	0.07844411
481	0.07844799
482	0.07841812
483	0.07837687
484	0.07845027
485	0.07845707
486	0.07838478
487	0.07842801
488	0.07838115
489	0.07843956
490	0.07844499
491	0.07845637
492	0.07845572
493	0.07838883
494	0.07845294
495	0.07845525
496	0.07847308
497	0.07839149
498	0.07843485
499	0.07846966
500	0.07840800
501	0.07843209
502	0.07838646
503	0.07838672
504	0.07839710
505	0.07834905
506	0.07833555
507	0.07840005
508	0.07833667
509	0.07833499
510	0.07831961
511	0.07830385
512	0.07830771
513	0.07828067
514	0.07830039
515	0.07827657
516	0.07831475
517	0.07830328
518	0.07830635
519	0.07830519
520	0.07826959
521	0.07826580
522	0.07828463
523	0.07824108
524	0.07824280
525	0.07824068
526	0.07825318
527	0.07821645
528	0.07822366
529	0.07822394
530	0.07819805
531	0.07818375
532	0.07820859
533	0.07819395
534	0.07818133
535	0.07815960
536	0.07815761
537	0.07816565
538	0.07818245
539	0.07816677
540	0.07816346
541	0.07816154
542	0.07816526
543	0.07812951
544	0.07813288
545	0.07810885
546	0.07811159
547	0.07809401
548	0.07813393
549	0.07809906
550	0.07806405
551	0.07805944
552	0.07804751
553	0.07809845
554	0.07805599
555	0.07808026
556	0.07805981
557	0.07804938
558	0.07803452
559	0.07801671
560	0.07803866
561	0.07806058
562	0.07802791
563	0.07806068
564	0.07803967
565	0.07803664
566	0.07803590
567	0.07806379
568	0.07804637
569	0.07806110
570	0.07808215
571	0.07810713
572	0.07809550
573	0.07811918
574	0.07813496
575	0.07811078
576	0.07810011
577	0.07810862
578	0.07811271
579	0.07810929
580	0.07811566
581	0.07809892
582	0.07811844
583	0.07811653
584	0.07811208
585	0.07810878
586	0.07812528
587	0.07810150
588	0.07812481
589	0.07810791
590	0.07807450
591	0.07807597
592	0.07809319
593	0.07806511
594	0.07804821
595	0.07805141
596	0.07804785
597	0.07802471
598	0.07801148
599	0.07796980
600	0.07795977