	C:\Users\jkuzm\OneDrive - University of Massachusetts\HRSL x UMILL-PUMA Fatigue - Fatigue\Data\F01\FR3_static1.c3d _ImpedanceExport
	RCAL2
	TARGET
	ORIGINAL
ITEM	Z
1	0.01795246
2	0.01796590
3	0.01795164
4	0.01794291
5	0.01788806
6	0.01790321
7	0.01791653
8	0.01792400
9	0.01791598
10	0.01794180
11	0.01792930
12	0.01792560
13	0.01790407
14	0.01792050
15	0.01794287
16	0.01796607
17	0.01796005
18	0.01794878
19	0.01798571
20	0.01804611
21	0.01800051
22	0.01799028
23	0.01801081
24	0.01800708
25	0.01799829
26	0.01802374
27	0.01802158
28	0.01808767
29	0.01807793
30	0.01807667
31	0.01810985
32	0.01806843
33	0.01812071
34	0.01811697
35	0.01810133
36	0.01813350
37	0.01812100
38	0.01815813
39	0.01817620
40	0.01821872
41	0.01816892
42	0.01821948
43	0.01825163
44	0.01823751
45	0.01822223
46	0.01826718
47	0.01828310
48	0.01826496
49	0.01823120
50	0.01829354
51	0.01831781
52	0.01834927
53	0.01836546
54	0.01839068
55	0.01838542
56	0.01841704
57	0.01839109
58	0.01841084
59	0.01843000
60	0.01846949
61	0.01844664
62	0.01846994
63	0.01846877
64	0.01849699
65	0.01847481
66	0.01850423
67	0.01850846
68	0.01853023
69	0.01850466
70	0.01852508
71	0.01852411
72	0.01855492
73	0.01856208
74	0.01858793
75	0.01853289
76	0.01859162
77	0.01855430
78	0.01857655
79	0.01856003
80	0.01858065
81	0.01854800
82	0.01856102
83	0.01856155
84	0.01857910
85	0.01856638
86	0.01857731
87	0.01859463
88	0.01857354
89	0.01854868
90	0.01856879
91	0.01857245
92	0.01858462
93	0.01854578
94	0.01859182
95	0.01858103
96	0.01858630
97	0.01858002
98	0.01859420
99	0.01863459
100	0.01859702
101	0.01859038
102	0.01859586
103	0.01861889
104	0.01860315
105	0.01859299
106	0.01862313
107	0.01863178
108	0.01863028
109	0.01864248
110	0.01864593
111	0.01864659
112	0.01861800
113	0.01864208
114	0.01862944
115	0.01863804
116	0.01865421
117	0.01865586
118	0.01867308
119	0.01868101
120	0.01866562
121	0.01868026
122	0.01870899
123	0.01869391
124	0.01867200
125	0.01868679
126	0.01868132
127	0.01867271
128	0.01869643
129	0.01868956
130	0.01868840
131	0.01872000
132	0.01873323
133	0.01871851
134	0.01873361
135	0.01873262
136	0.01871941
137	0.01872409
138	0.01872101
139	0.01872006
140	0.01871988
141	0.01874862
142	0.01875994
143	0.01874476
144	0.01876343
145	0.01873411
146	0.01875716
147	0.01875694
148	0.01873748
149	0.01873208
150	0.01876608
151	0.01875184
152	0.01878086
153	0.01874462
154	0.01878654
155	0.01876312
156	0.01878624
157	0.01878394
158	0.01878954
159	0.01881178
160	0.01883112
161	0.01880150
162	0.01882662
163	0.01883497
164	0.01882841
165	0.01883049
166	0.01883101
167	0.01883062
168	0.01881723
169	0.01882677
170	0.01883738
171	0.01881373
172	0.01884769
173	0.01881289
174	0.01880625
175	0.01884520
176	0.01883606
177	0.01884740
178	0.01884334
179	0.01883431
180	0.01885521
181	0.01886852
182	0.01885835
183	0.01886670
184	0.01887093
185	0.01886737
186	0.01888936
187	0.01888297
188	0.01888625
189	0.01889884
190	0.01889597
191	0.01887557
192	0.01886970
193	0.01889496
194	0.01889287
195	0.01889926
196	0.01890439
197	0.01893201
198	0.01891945
199	0.01892352
200	0.01892993
201	0.01892660
202	0.01892641
203	0.01893488
204	0.01894340
205	0.01894823
206	0.01895976
207	0.01899231
208	0.01899098
209	0.01898354
210	0.01901556
211	0.01898798
212	0.01901515
213	0.01905656
214	0.01903636
215	0.01905088
216	0.01903714
217	0.01906924
218	0.01911035
219	0.01908654
220	0.01912497
221	0.01913828
222	0.01913099
223	0.01914660
224	0.01916319
225	0.01914821
226	0.01917377
227	0.01917161
228	0.01915348
229	0.01916342
230	0.01919422
231	0.01920149
232	0.01921757
233	0.01923083
234	0.01923867
235	0.01922246
236	0.01923754
237	0.01922468
238	0.01925195
239	0.01925695
240	0.01924582
241	0.01926432
242	0.01926476
243	0.01929343
244	0.01928929
245	0.01928719
246	0.01927120
247	0.01929211
248	0.01930027
249	0.01931167
250	0.01928711
251	0.01933444
252	0.01932285
253	0.01931126
254	0.01932073
255	0.01933322
256	0.01931724
257	0.01933426
258	0.01934792
259	0.01934541
260	0.01937314
261	0.01937464
262	0.01937976
263	0.01940453
264	0.01944515
265	0.01944030
266	0.01941914
267	0.01942774
268	0.01942808
269	0.01944367
270	0.01945112
271	0.01947227
272	0.01946989
273	0.01948954
274	0.01948152
275	0.01949243
276	0.01948254
277	0.01947684
278	0.01948134
279	0.01949275
280	0.01948582
281	0.01948956
282	0.01950792
283	0.01947670
284	0.01949505
285	0.01951356
286	0.01951905
287	0.01951525
288	0.01949983
289	0.01951039
290	0.01950619
291	0.01952078
292	0.01950449
293	0.01949833
294	0.01950909
295	0.01951265
296	0.01950799
297	0.01953374
298	0.01953574
299	0.01956258
300	0.01954035
301	0.01956119
302	0.01956518
303	0.01957961
304	0.01960720
305	0.01957700
306	0.01962286
307	0.01962986
308	0.01960575
309	0.01962882
310	0.01962625
311	0.01962494
312	0.01962527
313	0.01963367
314	0.01963014
315	0.01963715
316	0.01961733
317	0.01965006
318	0.01964493
319	0.01961481
320	0.01964673
321	0.01963074
322	0.01962038
323	0.01960331
324	0.01962500
325	0.01960956
326	0.01958833
327	0.01959698
328	0.01964694
329	0.01963453
330	0.01964989
331	0.01962033
332	0.01961800
333	0.01959875
334	0.01961949
335	0.01961653
336	0.01962785
337	0.01961724
338	0.01963665
339	0.01961766
340	0.01961914
341	0.01964252
342	0.01962741
343	0.01964308
344	0.01963089
345	0.01963007
346	0.01965036
347	0.01963992
348	0.01966013
349	0.01966901
350	0.01969224
351	0.01968825
352	0.01968868
353	0.01971228
354	0.01968938
355	0.01972825
356	0.01968257
357	0.01970269
358	0.01971694
359	0.01970663
360	0.01971233
361	0.01973184
362	0.01971926
363	0.01975302
364	0.01972974
365	0.01974755
366	0.01974873
367	0.01974034
368	0.01974690
369	0.01973183
370	0.01974286
371	0.01973811
372	0.01974334
373	0.01975643
374	0.01975906
375	0.01976088
376	0.01976271
377	0.01975604
378	0.01976286
379	0.01975238
380	0.01973821
381	0.01974743
382	0.01977469
383	0.01978119
384	0.01977511
385	0.01981041
386	0.01978607
387	0.01979626
388	0.01978539
389	0.01976295
390	0.01976855
391	0.01976173
392	0.01974900
393	0.01974594
394	0.01974197
395	0.01978576
396	0.01977660
397	0.01975049
398	0.01974192
399	0.01975052
400	0.01974968
401	0.01971897
402	0.01971728
403	0.01971549
404	0.01971012
405	0.01970046
406	0.01970444
407	0.01969143
408	0.01968045
409	0.01965894
410	0.01967227
411	0.01962491
412	0.01960707
413	0.01956786
414	0.01957692
415	0.01957102
416	0.01955788
417	0.01954708
418	0.01953055
419	0.01951942
420	0.01950457
421	0.01947013
422	0.01948000
423	0.01944549
424	0.01946720
425	0.01946643
426	0.01944543
427	0.01947309
428	0.01941540
429	0.01942782
430	0.01943724
431	0.01941140
432	0.01943792
433	0.01943713
434	0.01944367
435	0.01942861
436	0.01940962
437	0.01943458
438	0.01940296
439	0.01939723
440	0.01940131
441	0.01942003
442	0.01942836
443	0.01941763
444	0.01940200
445	0.01944263
446	0.01945418
447	0.01942971
448	0.01944961
449	0.01944472
450	0.01942280
451	0.01946747
452	0.01945325
453	0.01943663
454	0.01942785
455	0.01944503
456	0.01945213
457	0.01943437
458	0.01945473
459	0.01947074
460	0.01947797
461	0.01948631
462	0.01949550
463	0.01948755
464	0.01946851
465	0.01947973
466	0.01948122
467	0.01946198
468	0.01948017
469	0.01945279
470	0.01946956
471	0.01949901
472	0.01950137
473	0.01949256
474	0.01947987
475	0.01947442
476	0.01950989
477	0.01948911
478	0.01947305
479	0.01948465
480	0.01947406
481	0.01948265
482	0.01947196
483	0.01951340
484	0.01950246
485	0.01951886
486	0.01948967
487	0.01949770
488	0.01951604
489	0.01949171
490	0.01949375
491	0.01951542
492	0.01950173
493	0.01951670
494	0.01953352
495	0.01952351
496	0.01952568
497	0.01953203
498	0.01952906
499	0.01951448
500	0.01950439
501	0.01948461
502	0.01950698
503	0.01948996
504	0.01948449
505	0.01945940
506	0.01949284
507	0.01949907
508	0.01946259
509	0.01946442
510	0.01945034
511	0.01943845
512	0.01941633
513	0.01938813
514	0.01940605
515	0.01939988
516	0.01940607
517	0.01941860
518	0.01943142
519	0.01941181
520	0.01939820
521	0.01938506
522	0.01936062
523	0.01935069
524	0.01934040
525	0.01932887
526	0.01934173
527	0.01930444
528	0.01931597
529	0.01931984
530	0.01929236
531	0.01931097
532	0.01929722
533	0.01927775
534	0.01929227
535	0.01927188
536	0.01926545
537	0.01927081
538	0.01925722
539	0.01926765
540	0.01922264
541	0.01923747
542	0.01925268
543	0.01922938
544	0.01921091
545	0.01921457
546	0.01920463
547	0.01919617
548	0.01921932
549	0.01918952
550	0.01918796
551	0.01918477
552	0.01919731
553	0.01918185
554	0.01917650
555	0.01917083
556	0.01912978
557	0.01915493
558	0.01917606
559	0.01915443
560	0.01917933
561	0.01916157
562	0.01917475
563	0.01917318
564	0.01915985
565	0.01917226
566	0.01915484
567	0.01913711
568	0.01918216
569	0.01917467
570	0.01919811
571	0.01919133
572	0.01920253
573	0.01920235
574	0.01920249
575	0.01925066
576	0.01923518
577	0.01921692
578	0.01920141
579	0.01922823
580	0.01922347
581	0.01922350
582	0.01922300
583	0.01923980
584	0.01925250
585	0.01924735
586	0.01922974
587	0.01924964
588	0.01922114
589	0.01921439
590	0.01919161
591	0.01919593
592	0.01919191
593	0.01921226
594	0.01916404
595	0.01916866
596	0.01915491
597	0.01914301
598	0.01915042
599	0.01912948
600	0.01911236