	C:\Users\jkuzm\OneDrive - University of Massachusetts\HRSL x UMILL-PUMA Fatigue - Fatigue\Data\F01\FR3_static1.c3d _ImpedanceExport
	LMT5H
	TARGET
	ORIGINAL
ITEM	X
1	0.06754217
2	0.06754494
3	0.06754538
4	0.06754480
5	0.06751262
6	0.06751117
7	0.06750128
8	0.06749538
9	0.06751654
10	0.06750964
11	0.06749461
12	0.06748777
13	0.06748676
14	0.06749244
15	0.06747950
16	0.06748328
17	0.06749704
18	0.06749309
19	0.06748003
20	0.06747857
21	0.06746716
22	0.06746559
23	0.06745146
24	0.06744693
25	0.06744195
26	0.06744524
27	0.06744730
28	0.06744831
29	0.06744394
30	0.06744383
31	0.06744090
32	0.06745076
33	0.06744005
34	0.06742307
35	0.06744063
36	0.06743535
37	0.06742973
38	0.06742213
39	0.06742386
40	0.06742018
41	0.06741960
42	0.06741380
43	0.06741541
44	0.06741117
45	0.06740584
46	0.06739621
47	0.06740107
48	0.06740097
49	0.06738543
50	0.06739153
51	0.06738529
52	0.06739701
53	0.06739006
54	0.06737334
55	0.06738594
56	0.06737903
57	0.06737877
58	0.06739097
59	0.06737889
60	0.06738885
61	0.06738839
62	0.06738114
63	0.06737709
64	0.06737385
65	0.06737806
66	0.06737207
67	0.06739105
68	0.06738013
69	0.06738694
70	0.06738524
71	0.06738809
72	0.06738494
73	0.06737845
74	0.06738068
75	0.06738492
76	0.06738286
77	0.06738278
78	0.06737396
79	0.06737518
80	0.06737875
81	0.06737382
82	0.06736384
83	0.06737359
84	0.06737649
85	0.06736740
86	0.06736858
87	0.06737673
88	0.06736989
89	0.06737160
90	0.06736928
91	0.06738345
92	0.06736168
93	0.06736803
94	0.06737837
95	0.06737825
96	0.06737135
97	0.06736253
98	0.06736296
99	0.06737051
100	0.06736744
101	0.06736270
102	0.06735910
103	0.06735545
104	0.06735431
105	0.06736902
106	0.06737617
107	0.06735950
108	0.06737285
109	0.06736477
110	0.06737675
111	0.06736352
112	0.06736546
113	0.06737890
114	0.06737287
115	0.06736200
116	0.06736977
117	0.06737058
118	0.06737218
119	0.06736953
120	0.06737041
121	0.06738095
122	0.06737192
123	0.06736841
124	0.06737643
125	0.06737690
126	0.06737543
127	0.06738031
128	0.06736334
129	0.06737453
130	0.06738176
131	0.06737006
132	0.06737880
133	0.06737421
134	0.06736388
135	0.06737359
136	0.06737294
137	0.06737767
138	0.06738293
139	0.06736629
140	0.06738293
141	0.06737611
142	0.06737097
143	0.06736857
144	0.06736336
145	0.06737408
146	0.06737191
147	0.06737278
148	0.06736661
149	0.06737309
150	0.06737601
151	0.06736506
152	0.06737007
153	0.06736202
154	0.06736062
155	0.06735210
156	0.06736913
157	0.06736431
158	0.06735376
159	0.06735869
160	0.06735203
161	0.06735788
162	0.06736725
163	0.06736489
164	0.06735122
165	0.06736518
166	0.06737726
167	0.06736039
168	0.06735584
169	0.06735598
170	0.06735396
171	0.06736978
172	0.06735586
173	0.06736049
174	0.06735481
175	0.06735516
176	0.06736546
177	0.06736854
178	0.06735087
179	0.06735549
180	0.06736375
181	0.06734709
182	0.06735131
183	0.06735402
184	0.06733360
185	0.06735285
186	0.06734377
187	0.06734560
188	0.06734905
189	0.06734984
190	0.06734711
191	0.06734965
192	0.06735502
193	0.06736296
194	0.06736274
195	0.06736411
196	0.06734602
197	0.06735715
198	0.06734125
199	0.06735004
200	0.06733868
201	0.06733479
202	0.06734683
203	0.06732748
204	0.06733083
205	0.06732520
206	0.06733380
207	0.06732775
208	0.06733965
209	0.06734152
210	0.06733966
211	0.06733613
212	0.06733748
213	0.06732871
214	0.06732727
215	0.06732459
216	0.06732191
217	0.06731514
218	0.06733493
219	0.06732955
220	0.06732006
221	0.06731959
222	0.06731766
223	0.06731868
224	0.06732169
225	0.06732125
226	0.06731503
227	0.06731910
228	0.06731430
229	0.06730950
230	0.06731365
231	0.06731819
232	0.06730602
233	0.06732446
234	0.06732278
235	0.06732778
236	0.06730147
237	0.06731220
238	0.06730823
239	0.06731076
240	0.06732719
241	0.06732314
242	0.06731825
243	0.06731997
244	0.06731355
245	0.06731553
246	0.06731899
247	0.06731517
248	0.06730197
249	0.06730963
250	0.06731013
251	0.06732009
252	0.06730960
253	0.06730445
254	0.06732385
255	0.06729975
256	0.06732284
257	0.06730954
258	0.06730857
259	0.06731485
260	0.06731092
261	0.06731521
262	0.06730862
263	0.06731175
264	0.06732289
265	0.06732370
266	0.06731861
267	0.06732126
268	0.06730479
269	0.06731558
270	0.06732141
271	0.06731585
272	0.06731189
273	0.06730876
274	0.06731146
275	0.06731520
276	0.06730422
277	0.06731167
278	0.06730465
279	0.06732531
280	0.06732068
281	0.06731296
282	0.06731505
283	0.06731020
284	0.06731383
285	0.06729875
286	0.06732199
287	0.06732045
288	0.06730705
289	0.06731077
290	0.06732830
291	0.06732854
292	0.06732614
293	0.06732964
294	0.06732130
295	0.06733428
296	0.06733718
297	0.06733219
298	0.06733476
299	0.06733122
300	0.06733956
301	0.06734588
302	0.06731670
303	0.06732778
304	0.06734094
305	0.06733578
306	0.06734077
307	0.06733267
308	0.06734481
309	0.06735383
310	0.06733903
311	0.06733347
312	0.06733772
313	0.06732275
314	0.06733698
315	0.06731910
316	0.06734280
317	0.06731583
318	0.06732319
319	0.06731962
320	0.06733288
321	0.06731827
322	0.06731063
323	0.06732123
324	0.06731866
325	0.06732049
326	0.06732161
327	0.06731401
328	0.06732887
329	0.06731572
330	0.06733382
331	0.06733176
332	0.06732254
333	0.06732753
334	0.06731661
335	0.06733963
336	0.06733758
337	0.06733067
338	0.06732995
339	0.06732731
340	0.06733012
341	0.06732878
342	0.06734131
343	0.06732071
344	0.06732704
345	0.06734230
346	0.06732652
347	0.06733074
348	0.06732197
349	0.06733099
350	0.06732406
351	0.06733803
352	0.06731388
353	0.06732354
354	0.06730868
355	0.06731427
356	0.06732242
357	0.06729642
358	0.06731340
359	0.06730565
360	0.06730187
361	0.06728918
362	0.06729104
363	0.06729298
364	0.06730141
365	0.06729349
366	0.06727101
367	0.06730027
368	0.06727950
369	0.06727662
370	0.06728526
371	0.06729409
372	0.06729079
373	0.06730063
374	0.06728595
375	0.06729002
376	0.06729243
377	0.06729744
378	0.06729405
379	0.06729812
380	0.06730112
381	0.06729569
382	0.06729833
383	0.06728010
384	0.06728341
385	0.06727978
386	0.06727907
387	0.06727237
388	0.06727588
389	0.06727981
390	0.06726550
391	0.06727636
392	0.06728259
393	0.06727460
394	0.06728429
395	0.06728577
396	0.06730279
397	0.06729896
398	0.06729964
399	0.06730191
400	0.06729914
401	0.06729814
402	0.06731032
403	0.06729182
404	0.06728966
405	0.06730067
406	0.06728955
407	0.06730746
408	0.06730185
409	0.06729702
410	0.06730660
411	0.06730190
412	0.06728826
413	0.06730183
414	0.06729736
415	0.06731410
416	0.06731470
417	0.06729914
418	0.06731939
419	0.06733182
420	0.06731112
421	0.06732574
422	0.06730156
423	0.06729244
424	0.06730184
425	0.06731157
426	0.06731346
427	0.06731959
428	0.06731841
429	0.06730574
430	0.06733314
431	0.06733000
432	0.06733949
433	0.06734094
434	0.06732579
435	0.06733258
436	0.06731573
437	0.06730804
438	0.06731153
439	0.06731659
440	0.06730875
441	0.06730403
442	0.06731261
443	0.06731935
444	0.06733096
445	0.06730775
446	0.06730725
447	0.06731801
448	0.06733082
449	0.06732850
450	0.06733342
451	0.06733587
452	0.06732209
453	0.06733373
454	0.06731296
455	0.06732795
456	0.06731730
457	0.06732962
458	0.06731188
459	0.06729963
460	0.06731406
461	0.06732865
462	0.06732003
463	0.06730975
464	0.06731665
465	0.06731294
466	0.06731766
467	0.06731033
468	0.06731687
469	0.06732070
470	0.06731583
471	0.06733301
472	0.06732681
473	0.06734011
474	0.06732097
475	0.06733030
476	0.06730788
477	0.06731999
478	0.06731790
479	0.06732531
480	0.06730451
481	0.06732044
482	0.06731823
483	0.06732208
484	0.06732409
485	0.06730811
486	0.06730372
487	0.06731109
488	0.06731898
489	0.06732704
490	0.06732026
491	0.06731482
492	0.06730568
493	0.06731738
494	0.06731240
495	0.06731514
496	0.06731614
497	0.06731903
498	0.06731692
499	0.06730480
500	0.06730687
501	0.06730791
502	0.06731177
503	0.06731864
504	0.06731427
505	0.06732488
506	0.06732841
507	0.06731582
508	0.06733998
509	0.06731834
510	0.06732147
511	0.06731856
512	0.06731727
513	0.06731337
514	0.06731367
515	0.06733022
516	0.06733775
517	0.06733468
518	0.06732181
519	0.06732258
520	0.06733959
521	0.06732211
522	0.06733502
523	0.06732967
524	0.06731993
525	0.06732650
526	0.06733339
527	0.06732462
528	0.06733049
529	0.06733268
530	0.06733190
531	0.06732062
532	0.06732361
533	0.06733622
534	0.06732607
535	0.06732699
536	0.06732325
537	0.06732967
538	0.06732748
539	0.06733470
540	0.06731904
541	0.06732624
542	0.06733563
543	0.06732535
544	0.06732293
545	0.06733394
546	0.06730802
547	0.06732447
548	0.06731496
549	0.06732505
550	0.06733235
551	0.06733017
552	0.06733252
553	0.06734514
554	0.06733604
555	0.06732568
556	0.06732553
557	0.06732025
558	0.06732174
559	0.06731243
560	0.06733979
561	0.06732387
562	0.06732749
563	0.06732789
564	0.06732077
565	0.06733221
566	0.06730866
567	0.06732649
568	0.06731440
569	0.06732521
570	0.06734347
571	0.06732515
572	0.06732865
573	0.06732114
574	0.06732397
575	0.06731658
576	0.06732416
577	0.06732050
578	0.06732935
579	0.06732123
580	0.06732716
581	0.06732153
582	0.06731823
583	0.06734041
584	0.06732929
585	0.06732913
586	0.06732049
587	0.06733590
588	0.06731447
589	0.06732383
590	0.06731147
591	0.06731299
592	0.06734100
593	0.06732424
594	0.06732997
595	0.06732838
596	0.06732950
597	0.06732555
598	0.06733871
599	0.06733387
600	0.06732892