	C:\Users\jkuzm\OneDrive - University of Massachusetts\HRSL x UMILL-PUMA Fatigue - Fatigue\Data\F01\FR3_static1.c3d _ImpedanceExport
	LTOE
	TARGET
	ORIGINAL
ITEM	Y
1	0.49114573
2	0.49114996
3	0.49115697
4	0.49115369
5	0.49116001
6	0.49117693
7	0.49117732
8	0.49117863
9	0.49118873
10	0.49118841
11	0.49117479
12	0.49118197
13	0.49119115
14	0.49119100
15	0.49117580
16	0.49121660
17	0.49121296
18	0.49122244
19	0.49123746
20	0.49120507
21	0.49122539
22	0.49125546
23	0.49123123
24	0.49121705
25	0.49122611
26	0.49124607
27	0.49123669
28	0.49122930
29	0.49125963
30	0.49125820
31	0.49125963
32	0.49128282
33	0.49126005
34	0.49127120
35	0.49127740
36	0.49127308
37	0.49127319
38	0.49129987
39	0.49129772
40	0.49132043
41	0.49131057
42	0.49132392
43	0.49133942
44	0.49133870
45	0.49132845
46	0.49133816
47	0.49135765
48	0.49135247
49	0.49136522
50	0.49138650
51	0.49139076
52	0.49141458
53	0.49141139
54	0.49140841
55	0.49142522
56	0.49141330
57	0.49140605
58	0.49142545
59	0.49144214
60	0.49141228
61	0.49147159
62	0.49145806
63	0.49146000
64	0.49145925
65	0.49147823
66	0.49148494
67	0.49147496
68	0.49146694
69	0.49147245
70	0.49147436
71	0.49146914
72	0.49149907
73	0.49148959
74	0.49149814
75	0.49149203
76	0.49148244
77	0.49149916
78	0.49148843
79	0.49149013
80	0.49146953
81	0.49148849
82	0.49146682
83	0.49147913
84	0.49150428
85	0.49150234
86	0.49150297
87	0.49148414
88	0.49148521
89	0.49148217
90	0.49146795
91	0.49149349
92	0.49149969
93	0.49151424
94	0.49149352
95	0.49150071
96	0.49153078
97	0.49151716
98	0.49149755
99	0.49149832
100	0.49149007
101	0.49149883
102	0.49148303
103	0.49146432
104	0.49147710
105	0.49149838
106	0.49147189
107	0.49150902
108	0.49150848
109	0.49151132
110	0.49149942
111	0.49150547
112	0.49149621
113	0.49151388
114	0.49149624
115	0.49149537
116	0.49151537
117	0.49151543
118	0.49151817
119	0.49153402
120	0.49151790
121	0.49150974
122	0.49153748
123	0.49151587
124	0.49150160
125	0.49151361
126	0.49149930
127	0.49148378
128	0.49151474
129	0.49150580
130	0.49150491
131	0.49153405
132	0.49151695
133	0.49153712
134	0.49152660
135	0.49153337
136	0.49153012
137	0.49151510
138	0.49154451
139	0.49152336
140	0.49154779
141	0.49152300
142	0.49156022
143	0.49154890
144	0.49156657
145	0.49154562
146	0.49155191
147	0.49155039
148	0.49155149
149	0.49155423
150	0.49154359
151	0.49158612
152	0.49155608
153	0.49156162
154	0.49156198
155	0.49158511
156	0.49156463
157	0.49156326
158	0.49156380
159	0.49153864
160	0.49157026
161	0.49155349
162	0.49156764
163	0.49157012
164	0.49156827
165	0.49156204
166	0.49158767
167	0.49154446
168	0.49154255
169	0.49157283
170	0.49155810
171	0.49156299
172	0.49154732
173	0.49155134
174	0.49156499
175	0.49157402
176	0.49157697
177	0.49158663
178	0.49157113
179	0.49159136
180	0.49159285
181	0.49156740
182	0.49157473
183	0.49159363
184	0.49159360
185	0.49161229
186	0.49159658
187	0.49159646
188	0.49161139
189	0.49161908
190	0.49160480
191	0.49163687
192	0.49159789
193	0.49161074
194	0.49163142
195	0.49163908
196	0.49163470
197	0.49163979
198	0.49159834
199	0.49162045
200	0.49162433
201	0.49160317
202	0.49161667
203	0.49163628
204	0.49163452
205	0.49163842
206	0.49164236
207	0.49159148
208	0.49162507
209	0.49162009
210	0.49162015
211	0.49161154
212	0.49162194
213	0.49160704
214	0.49162734
215	0.49164057
216	0.49165234
217	0.49164179
218	0.49165899
219	0.49165776
220	0.49166769
221	0.49164960
222	0.49167088
223	0.49165121
224	0.49166346
225	0.49166954
226	0.49166930
227	0.49169689
228	0.49166754
229	0.49168506
230	0.49168584
231	0.49169219
232	0.49168912
233	0.49169663
234	0.49168918
235	0.49167117
236	0.49169937
237	0.49171138
238	0.49171227
239	0.49170104
240	0.49170351
241	0.49171844
242	0.49171269
243	0.49171272
244	0.49172661
245	0.49170172
246	0.49172398
247	0.49172401
248	0.49170983
249	0.49172410
250	0.49171567
251	0.49173737
252	0.49174437
253	0.49178717
254	0.49175403
255	0.49175239
256	0.49173233
257	0.49173707
258	0.49177870
259	0.49177185
260	0.49177790
261	0.49177578
262	0.49182600
263	0.49182129
264	0.49181652
265	0.49180701
266	0.49182147
267	0.49178451
268	0.49177104
269	0.49177992
270	0.49178320
271	0.49180356
272	0.49178699
273	0.49180299
274	0.49180451
275	0.49183509
276	0.49180844
277	0.49178395
278	0.49179152
279	0.49181017
280	0.49183503
281	0.49183127
282	0.49183479
283	0.49184591
284	0.49185070
285	0.49186704
286	0.49187320
287	0.49187127
288	0.49184859
289	0.49182767
290	0.49185959
291	0.49185684
292	0.49187893
293	0.49188796
294	0.49189484
295	0.49189571
296	0.49192509
297	0.49190408
298	0.49190828
299	0.49189559
300	0.49190339
301	0.49190816
302	0.49189225
303	0.49192098
304	0.49192354
305	0.49192411
306	0.49191642
307	0.49191448
308	0.49191442
309	0.49191350
310	0.49191329
311	0.49188611
312	0.49190730
313	0.49190086
314	0.49190515
315	0.49191654
316	0.49191147
317	0.49190876
318	0.49192122
319	0.49190369
320	0.49191812
321	0.49189180
322	0.49187413
323	0.49189177
324	0.49187878
325	0.49188456
326	0.49188647
327	0.49189544
328	0.49187270
329	0.49190819
330	0.49188662
331	0.49189565
332	0.49186143
333	0.49189553
334	0.49188995
335	0.49187568
336	0.49189049
337	0.49189064
338	0.49190271
339	0.49190763
340	0.49190289
341	0.49189723
342	0.49189594
343	0.49188846
344	0.49188778
345	0.49190462
346	0.49188578
347	0.49188846
348	0.49191132
349	0.49192682
350	0.49191934
351	0.49189702
352	0.49190447
353	0.49191359
354	0.49190053
355	0.49192044
356	0.49191114
357	0.49189654
358	0.49193737
359	0.49191162
360	0.49191135
361	0.49192861
362	0.49194983
363	0.49193686
364	0.49193504
365	0.49193841
366	0.49193737
367	0.49194801
368	0.49193498
369	0.49194285
370	0.49195510
371	0.49197245
372	0.49197203
373	0.49196976
374	0.49195606
375	0.49197668
376	0.49198002
377	0.49196184
378	0.49196523
379	0.49197811
380	0.49197745
381	0.49199110
382	0.49199063
383	0.49197361
384	0.49198920
385	0.49200431
386	0.49200207
387	0.49200067
388	0.49200270
389	0.49198520
390	0.49198011
391	0.49197242
392	0.49199924
393	0.49199256
394	0.49199218
395	0.49201113
396	0.49201411
397	0.49199274
398	0.49196476
399	0.49198800
400	0.49195275
401	0.49198186
402	0.49197841
403	0.49195102
404	0.49194899
405	0.49194723
406	0.49194512
407	0.49195129
408	0.49193436
409	0.49191916
410	0.49192017
411	0.49189681
412	0.49190667
413	0.49191499
414	0.49193370
415	0.49193016
416	0.49192911
417	0.49190763
418	0.49191865
419	0.49192724
420	0.49192280
421	0.49189419
422	0.49189356
423	0.49188468
424	0.49189103
425	0.49187860
426	0.49186364
427	0.49186644
428	0.49187768
429	0.49188164
430	0.49187502
431	0.49185291
432	0.49184123
433	0.49185374
434	0.49185652
435	0.49184614
436	0.49186286
437	0.49186295
438	0.49185249
439	0.49187624
440	0.49186644
441	0.49185288
442	0.49186310
443	0.49184370
444	0.49184927
445	0.49185237
446	0.49184367
447	0.49185061
448	0.49187446
449	0.49186203
450	0.49186671
451	0.49184301
452	0.49185881
453	0.49186099
454	0.49185711
455	0.49182856
456	0.49184012
457	0.49183175
458	0.49185088
459	0.49186116
460	0.49185738
461	0.49186727
462	0.49185595
463	0.49183860
464	0.49184734
465	0.49182421
466	0.49183539
467	0.49182150
468	0.49180710
469	0.49181658
470	0.49184126
471	0.49181706
472	0.49182972
473	0.49185985
474	0.49185503
475	0.49182877
476	0.49184835
477	0.49182498
478	0.49184331
479	0.49184206
480	0.49181977
481	0.49184462
482	0.49183255
483	0.49181363
484	0.49183106
485	0.49183565
486	0.49183691
487	0.49183428
488	0.49177814
489	0.49181771
490	0.49180719
491	0.49182618
492	0.49183774
493	0.49181893
494	0.49184388
495	0.49183795
496	0.49181980
497	0.49181324
498	0.49182793
499	0.49183428
500	0.49178594
501	0.49181578
502	0.49181214
503	0.49178085
504	0.49181655
505	0.49179482
506	0.49181131
507	0.49180698
508	0.49179929
509	0.49178046
510	0.49175444
511	0.49177751
512	0.49178156
513	0.49178329
514	0.49179155
515	0.49178904
516	0.49180418
517	0.49177897
518	0.49179485
519	0.49177402
520	0.49177626
521	0.49177313
522	0.49177256
523	0.49179286
524	0.49178216
525	0.49177471
526	0.49174994
527	0.49176371
528	0.49175203
529	0.49174008
530	0.49174112
531	0.49172917
532	0.49175507
533	0.49173036
534	0.49175549
535	0.49174738
536	0.49176362
537	0.49174443
538	0.49173856
539	0.49177039
540	0.49171793
541	0.49174538
542	0.49172428
543	0.49173415
544	0.49171361
545	0.49174151
546	0.49172279
547	0.49174511
548	0.49173751
549	0.49171317
550	0.49171284
551	0.49172142
552	0.49170545
553	0.49170125
554	0.49169648
555	0.49170020
556	0.49169278
557	0.49169934
558	0.49167669
559	0.49169299
560	0.49170882
561	0.49169713
562	0.49168456
563	0.49169603
564	0.49169293
565	0.49169716
566	0.49167976
567	0.49166501
568	0.49167594
569	0.49167752
570	0.49167681
571	0.49168643
572	0.49168888
573	0.49170175
574	0.49170706
575	0.49169138
576	0.49168301
577	0.49170679
578	0.49169248
579	0.49169162
580	0.49170378
581	0.49170583
582	0.49170175
583	0.49171028
584	0.49172351
585	0.49171430
586	0.49171209
587	0.49167705
588	0.49169222
589	0.49169266
590	0.49168628
591	0.49169013
592	0.49169990
593	0.49168670
594	0.49166906
595	0.49168706
596	0.49165925
597	0.49168083
598	0.49165937
599	0.49165535
600	0.49163741