	C:\Users\jkuzm\OneDrive - University of Massachusetts\HRSL x UMILL-PUMA Fatigue - Fatigue\Data\F01\FR3_static1.c3d _ImpedanceExport
	LCAL1
	TARGET
	ORIGINAL
ITEM	X
1	0.18810184
2	0.18810667
3	0.18809940
4	0.18810347
5	0.18805236
6	0.18806361
7	0.18807614
8	0.18807717
9	0.18808392
10	0.18807174
11	0.18806794
12	0.18804698
13	0.18805006
14	0.18806040
15	0.18804394
16	0.18805937
17	0.18805346
18	0.18806839
19	0.18806246
20	0.18805829
21	0.18806182
22	0.18808469
23	0.18805504
24	0.18804196
25	0.18805200
26	0.18802215
27	0.18803333
28	0.18802641
29	0.18803200
30	0.18802387
31	0.18803410
32	0.18802896
33	0.18805765
34	0.18801455
35	0.18800969
36	0.18802057
37	0.18799865
38	0.18802212
39	0.18802498
40	0.18799759
41	0.18798260
42	0.18799125
43	0.18799005
44	0.18802375
45	0.18799338
46	0.18800218
47	0.18800423
48	0.18800579
49	0.18800125
50	0.18800332
51	0.18800287
52	0.18800913
53	0.18800654
54	0.18801755
55	0.18798321
56	0.18798703
57	0.18799658
58	0.18799415
59	0.18799920
60	0.18798493
61	0.18799295
62	0.18798754
63	0.18800154
64	0.18798660
65	0.18799146
66	0.18800274
67	0.18799140
68	0.18799330
69	0.18799481
70	0.18800850
71	0.18799616
72	0.18800625
73	0.18801181
74	0.18801318
75	0.18802369
76	0.18802108
77	0.18800442
78	0.18801421
79	0.18801695
80	0.18800145
81	0.18800019
82	0.18801689
83	0.18799984
84	0.18801011
85	0.18800710
86	0.18801966
87	0.18802238
88	0.18801400
89	0.18803614
90	0.18802500
91	0.18800662
92	0.18800525
93	0.18800525
94	0.18801700
95	0.18802035
96	0.18802063
97	0.18801722
98	0.18800806
99	0.18802685
100	0.18801863
101	0.18802281
102	0.18802369
103	0.18800415
104	0.18800366
105	0.18800038
106	0.18800656
107	0.18799490
108	0.18799900
109	0.18800750
110	0.18801752
111	0.18800825
112	0.18802218
113	0.18801224
114	0.18801457
115	0.18802899
116	0.18804041
117	0.18803680
118	0.18803555
119	0.18804421
120	0.18805243
121	0.18803424
122	0.18803093
123	0.18804571
124	0.18802273
125	0.18804443
126	0.18802921
127	0.18803030
128	0.18802801
129	0.18803290
130	0.18803069
131	0.18802963
132	0.18803535
133	0.18802303
134	0.18803723
135	0.18802857
136	0.18803106
137	0.18802008
138	0.18803509
139	0.18804055
140	0.18803467
141	0.18804632
142	0.18802984
143	0.18803577
144	0.18803631
145	0.18803041
146	0.18802053
147	0.18801692
148	0.18801281
149	0.18801376
150	0.18801096
151	0.18800263
152	0.18801856
153	0.18800022
154	0.18801428
155	0.18801206
156	0.18801099
157	0.18801101
158	0.18802142
159	0.18802382
160	0.18801489
161	0.18803774
162	0.18801807
163	0.18801834
164	0.18802457
165	0.18801686
166	0.18801345
167	0.18802290
168	0.18800732
169	0.18801565
170	0.18802279
171	0.18799672
172	0.18799725
173	0.18801077
174	0.18801348
175	0.18799470
176	0.18799587
177	0.18800437
178	0.18798181
179	0.18799359
180	0.18798256
181	0.18798961
182	0.18798326
183	0.18797831
184	0.18797083
185	0.18797258
186	0.18799387
187	0.18799421
188	0.18797962
189	0.18798375
190	0.18799217
191	0.18798618
192	0.18800005
193	0.18799073
194	0.18797095
195	0.18797663
196	0.18798262
197	0.18797651
198	0.18798627
199	0.18798244
200	0.18798958
201	0.18796237
202	0.18797472
203	0.18796185
204	0.18798085
205	0.18797965
206	0.18796754
207	0.18798891
208	0.18797474
209	0.18796118
210	0.18797378
211	0.18798402
212	0.18797231
213	0.18796679
214	0.18796250
215	0.18795982
216	0.18796849
217	0.18796068
218	0.18795532
219	0.18795465
220	0.18794838
221	0.18796468
222	0.18795638
223	0.18796252
224	0.18795547
225	0.18794475
226	0.18796438
227	0.18796809
228	0.18795800
229	0.18796532
230	0.18795885
231	0.18796802
232	0.18796971
233	0.18796225
234	0.18796930
235	0.18798137
236	0.18796650
237	0.18797466
238	0.18797442
239	0.18798558
240	0.18797436
241	0.18796766
242	0.18798839
243	0.18796769
244	0.18796892
245	0.18795754
246	0.18796398
247	0.18793862
248	0.18794811
249	0.18793617
250	0.18793271
251	0.18795864
252	0.18794702
253	0.18795352
254	0.18795660
255	0.18795677
256	0.18793997
257	0.18796776
258	0.18796942
259	0.18796019
260	0.18796767
261	0.18797182
262	0.18796925
263	0.18797496
264	0.18798323
265	0.18798777
266	0.18798637
267	0.18796967
268	0.18798125
269	0.18797521
270	0.18800227
271	0.18798579
272	0.18798022
273	0.18799253
274	0.18798827
275	0.18799792
276	0.18802041
277	0.18800195
278	0.18799627
279	0.18799913
280	0.18799357
281	0.18800855
282	0.18799946
283	0.18801802
284	0.18799561
285	0.18800069
286	0.18801217
287	0.18801631
288	0.18802465
289	0.18801682
290	0.18801926
291	0.18802297
292	0.18803056
293	0.18802780
294	0.18803899
295	0.18804495
296	0.18803394
297	0.18804756
298	0.18803929
299	0.18803000
300	0.18803385
301	0.18803874
302	0.18804459
303	0.18803963
304	0.18806230
305	0.18802619
306	0.18806273
307	0.18805213
308	0.18807040
309	0.18808259
310	0.18807246
311	0.18807200
312	0.18807079
313	0.18808888
314	0.18805335
315	0.18806344
316	0.18806709
317	0.18806766
318	0.18808766
319	0.18806390
320	0.18805389
321	0.18803842
322	0.18803915
323	0.18802457
324	0.18807285
325	0.18804845
326	0.18806730
327	0.18808988
328	0.18805358
329	0.18809026
330	0.18807141
331	0.18806332
332	0.18808131
333	0.18808876
334	0.18808068
335	0.18804973
336	0.18806991
337	0.18808517
338	0.18809450
339	0.18808530
340	0.18808672
341	0.18808454
342	0.18808508
343	0.18809418
344	0.18810710
345	0.18808350
346	0.18808147
347	0.18808079
348	0.18808115
349	0.18808226
350	0.18805662
351	0.18806726
352	0.18806721
353	0.18807775
354	0.18807361
355	0.18804531
356	0.18805814
357	0.18805975
358	0.18804708
359	0.18803608
360	0.18805718
361	0.18803969
362	0.18804067
363	0.18802795
364	0.18802334
365	0.18799432
366	0.18801574
367	0.18801479
368	0.18801957
369	0.18797646
370	0.18800201
371	0.18798138
372	0.18800710
373	0.18802735
374	0.18803303
375	0.18801595
376	0.18802217
377	0.18804175
378	0.18800804
379	0.18801966
380	0.18799447
381	0.18797913
382	0.18798766
383	0.18797131
384	0.18797916
385	0.18797489
386	0.18795955
387	0.18798321
388	0.18798466
389	0.18797541
390	0.18799062
391	0.18799016
392	0.18796739
393	0.18801267
394	0.18801637
395	0.18801445
396	0.18799153
397	0.18801317
398	0.18800506
399	0.18800108
400	0.18801920
401	0.18801706
402	0.18801923
403	0.18802679
404	0.18804638
405	0.18802947
406	0.18802671
407	0.18803760
408	0.18803535
409	0.18803091
410	0.18802817
411	0.18803255
412	0.18799809
413	0.18800153
414	0.18800692
415	0.18802598
416	0.18799807
417	0.18803777
418	0.18800141
419	0.18800430
420	0.18800262
421	0.18799934
422	0.18799305
423	0.18799476
424	0.18800186
425	0.18798395
426	0.18798812
427	0.18801865
428	0.18800797
429	0.18799846
430	0.18799371
431	0.18800037
432	0.18800417
433	0.18802707
434	0.18801326
435	0.18801533
436	0.18800063
437	0.18800922
438	0.18800344
439	0.18801750
440	0.18800351
441	0.18800795
442	0.18800627
443	0.18800572
444	0.18800868
445	0.18801849
446	0.18801843
447	0.18801907
448	0.18801089
449	0.18801510
450	0.18801306
451	0.18803152
452	0.18800835
453	0.18802395
454	0.18801749
455	0.18801914
456	0.18802854
457	0.18800619
458	0.18803032
459	0.18802206
460	0.18799406
461	0.18801910
462	0.18802281
463	0.18800886
464	0.18801880
465	0.18802668
466	0.18800586
467	0.18801022
468	0.18801950
469	0.18802278
470	0.18802601
471	0.18802370
472	0.18802561
473	0.18803476
474	0.18804207
475	0.18803479
476	0.18802950
477	0.18802851
478	0.18800278
479	0.18800405
480	0.18800445
481	0.18799746
482	0.18799835
483	0.18801160
484	0.18799256
485	0.18799005
486	0.18798670
487	0.18799727
488	0.18800306
489	0.18802197
490	0.18801919
491	0.18801661
492	0.18800829
493	0.18802246
494	0.18801351
495	0.18802586
496	0.18801142
497	0.18802796
498	0.18800856
499	0.18800321
500	0.18798915
501	0.18799971
502	0.18801065
503	0.18800528
504	0.18799968
505	0.18800421
506	0.18800440
507	0.18801332
508	0.18801153
509	0.18800862
510	0.18801442
511	0.18801364
512	0.18801329
513	0.18800777
514	0.18802291
515	0.18801893
516	0.18800598
517	0.18800087
518	0.18800600
519	0.18800482
520	0.18798371
521	0.18799859
522	0.18799493
523	0.18799070
524	0.18800037
525	0.18798989
526	0.18799023
527	0.18801062
528	0.18800421
529	0.18799838
530	0.18799528
531	0.18799908
532	0.18800186
533	0.18799503
534	0.18799034
535	0.18798707
536	0.18800008
537	0.18801227
538	0.18800460
539	0.18800084
540	0.18800983
541	0.18799104
542	0.18799138
543	0.18797639
544	0.18799742
545	0.18798706
546	0.18800053
547	0.18797515
548	0.18799335
549	0.18798368
550	0.18799318
551	0.18799084
552	0.18800019
553	0.18799895
554	0.18799323
555	0.18799654
556	0.18798985
557	0.18798377
558	0.18798478
559	0.18798855
560	0.18798544
561	0.18798567
562	0.18798237
563	0.18796988
564	0.18796693
565	0.18795598
566	0.18797600
567	0.18796122
568	0.18796898
569	0.18796092
570	0.18797605
571	0.18797478
572	0.18795097
573	0.18795562
574	0.18797132
575	0.18797006
576	0.18796423
577	0.18797183
578	0.18796594
579	0.18797410
580	0.18796496
581	0.18797010
582	0.18796396
583	0.18796308
584	0.18797693
585	0.18795905
586	0.18794802
587	0.18796411
588	0.18795727
589	0.18797053
590	0.18796088
591	0.18796833
592	0.18795927
593	0.18795946
594	0.18796889
595	0.18796292
596	0.18798864
597	0.18797898
598	0.18799680
599	0.18797916
600	0.18798122