	C:\Users\jkuzm\OneDrive - University of Massachusetts\HRSL x UMILL-PUMA Fatigue - Fatigue\Data\F01\FR3_static1.c3d _ImpedanceExport
	RTOE
	TARGET
	ORIGINAL
ITEM	X
1	0.44700971
2	0.44701201
3	0.44700375
4	0.44700840
5	0.44705445
6	0.44705331
7	0.44706264
8	0.44707751
9	0.44707793
10	0.44705835
11	0.44705492
12	0.44708046
13	0.44708487
14	0.44708645
15	0.44708204
16	0.44707122
17	0.44708937
18	0.44709527
19	0.44709191
20	0.44707698
21	0.44709256
22	0.44709915
23	0.44709837
24	0.44709456
25	0.44709149
26	0.44710803
27	0.44708335
28	0.44709998
29	0.44711083
30	0.44711292
31	0.44710812
32	0.44710156
33	0.44710785
34	0.44710886
35	0.44711822
36	0.44711480
37	0.44710809
38	0.44712356
39	0.44710919
40	0.44709089
41	0.44712606
42	0.44712159
43	0.44713578
44	0.44712996
45	0.44712642
46	0.44711941
47	0.44710994
48	0.44713512
49	0.44714260
50	0.44714028
51	0.44714898
52	0.44714361
53	0.44713110
54	0.44715166
55	0.44714841
56	0.44713956
57	0.44717026
58	0.44715750
59	0.44714212
60	0.44713902
61	0.44714749
62	0.44716236
63	0.44716564
64	0.44715169
65	0.44716331
66	0.44718063
67	0.44715863
68	0.44714209
69	0.44716302
70	0.44717196
71	0.44715852
72	0.44716930
73	0.44716227
74	0.44716260
75	0.44715884
76	0.44716722
77	0.44715214
78	0.44716275
79	0.44717070
80	0.44717640
81	0.44716799
82	0.44716060
83	0.44716048
84	0.44715723
85	0.44715285
86	0.44715181
87	0.44716337
88	0.44715938
89	0.44715440
90	0.44714442
91	0.44716054
92	0.44714612
93	0.44715932
94	0.44715559
95	0.44715291
96	0.44715518
97	0.44715485
98	0.44716230
99	0.44716793
100	0.44717574
101	0.44715446
102	0.44715670
103	0.44716668
104	0.44714513
105	0.44714639
106	0.44715685
107	0.44714502
108	0.44716015
109	0.44714028
110	0.44714749
111	0.44716474
112	0.44714311
113	0.44714299
114	0.44714865
115	0.44715223
116	0.44715765
117	0.44716647
118	0.44715029
119	0.44715393
120	0.44716728
121	0.44718316
122	0.44718736
123	0.44715145
124	0.44714835
125	0.44716087
126	0.44716272
127	0.44716552
128	0.44716653
129	0.44716582
130	0.44717366
131	0.44717056
132	0.44716433
133	0.44716698
134	0.44716987
135	0.44716007
136	0.44717598
137	0.44718459
138	0.44717661
139	0.44718182
140	0.44716790
141	0.44716790
142	0.44716552
143	0.44718370
144	0.44717970
145	0.44717327
146	0.44718233
147	0.44716880
148	0.44716910
149	0.44716853
150	0.44717446
151	0.44717407
152	0.44716510
153	0.44717488
154	0.44718304
155	0.44718772
156	0.44719326
157	0.44717643
158	0.44716910
159	0.44719175
160	0.44718304
161	0.44716397
162	0.44717628
163	0.44719559
164	0.44717374
165	0.44719952
166	0.44719517
167	0.44720456
168	0.44718325
169	0.44718462
170	0.44719890
171	0.44718614
172	0.44717732
173	0.44717163
174	0.44718924
175	0.44717297
176	0.44717598
177	0.44718969
178	0.44716346
179	0.44716907
180	0.44715676
181	0.44715625
182	0.44716242
183	0.44717175
184	0.44716212
185	0.44716367
186	0.44716039
187	0.44717142
188	0.44716653
189	0.44716519
190	0.44716173
191	0.44715512
192	0.44715992
193	0.44716248
194	0.44716489
195	0.44716987
196	0.44717133
197	0.44718102
198	0.44716030
199	0.44717321
200	0.44717586
201	0.44718054
202	0.44718173
203	0.44717601
204	0.44717443
205	0.44718620
206	0.44718513
207	0.44717410
208	0.44719535
209	0.44718239
210	0.44718546
211	0.44717911
212	0.44718125
213	0.44718614
214	0.44718719
215	0.44719008
216	0.44719172
217	0.44718444
218	0.44719598
219	0.44721007
220	0.44719112
221	0.44720200
222	0.44718492
223	0.44719020
224	0.44717842
225	0.44718418
226	0.44717786
227	0.44718361
228	0.44718122
229	0.44719747
230	0.44718632
231	0.44719508
232	0.44719478
233	0.44719669
234	0.44719791
235	0.44719508
236	0.44720861
237	0.44722435
238	0.44720715
239	0.44720393
240	0.44721556
241	0.44719675
242	0.44720981
243	0.44721133
244	0.44721282
245	0.44721940
246	0.44722190
247	0.44721106
248	0.44721645
249	0.44723627
250	0.44721660
251	0.44722301
252	0.44722995
253	0.44721186
254	0.44725046
255	0.44723552
256	0.44722804
257	0.44725055
258	0.44722492
259	0.44724104
260	0.44723415
261	0.44722787
262	0.44724622
263	0.44723040
264	0.44724351
265	0.44725606
266	0.44724500
267	0.44725415
268	0.44724479
269	0.44724444
270	0.44726375
271	0.44724590
272	0.44724792
273	0.44724590
274	0.44723886
275	0.44725674
276	0.44725427
277	0.44725376
278	0.44725364
279	0.44726935
280	0.44723001
281	0.44723299
282	0.44722554
283	0.44724151
284	0.44724974
285	0.44725409
286	0.44724119
287	0.44724405
288	0.44724321
289	0.44724089
290	0.44724476
291	0.44723862
292	0.44724569
293	0.44723502
294	0.44725317
295	0.44726023
296	0.44722429
297	0.44724059
298	0.44723478
299	0.44723278
300	0.44723764
301	0.44722888
302	0.44722438
303	0.44724008
304	0.44724351
305	0.44723424
306	0.44723761
307	0.44723722
308	0.44722924
309	0.44724649
310	0.44724339
311	0.44723570
312	0.44723144
313	0.44723031
314	0.44723609
315	0.44723332
316	0.44721955
317	0.44724584
318	0.44721636
319	0.44723621
320	0.44722825
321	0.44723284
322	0.44724464
323	0.44723791
324	0.44722712
325	0.44722793
326	0.44722623
327	0.44724274
328	0.44723696
329	0.44721866
330	0.44723609
331	0.44722787
332	0.44722459
333	0.44722521
334	0.44721144
335	0.44722953
336	0.44722128
337	0.44723037
338	0.44722250
339	0.44723132
340	0.44724438
341	0.44723430
342	0.44723490
343	0.44723034
344	0.44722235
345	0.44724220
346	0.44723573
347	0.44722736
348	0.44724143
349	0.44723138
350	0.44722641
351	0.44723749
352	0.44723123
353	0.44723353
354	0.44724974
355	0.44724065
356	0.44724265
357	0.44724712
358	0.44725528
359	0.44726092
360	0.44725105
361	0.44723481
362	0.44724515
363	0.44726455
364	0.44722661
365	0.44723937
366	0.44723940
367	0.44724390
368	0.44726068
369	0.44724536
370	0.44724578
371	0.44725740
372	0.44725898
373	0.44725987
374	0.44724467
375	0.44724041
376	0.44724494
377	0.44724703
378	0.44724986
379	0.44724244
380	0.44725114
381	0.44725412
382	0.44725257
383	0.44725615
384	0.44725415
385	0.44726363
386	0.44725791
387	0.44725659
388	0.44725931
389	0.44725931
390	0.44727203
391	0.44725612
392	0.44725758
393	0.44727027
394	0.44727829
395	0.44726098
396	0.44725978
397	0.44726256
398	0.44725510
399	0.44726765
400	0.44727054
401	0.44726089
402	0.44725934
403	0.44726840
404	0.44727749
405	0.44726640
406	0.44726396
407	0.44726324
408	0.44725949
409	0.44725409
410	0.44725326
411	0.44725442
412	0.44723549
413	0.44725108
414	0.44725442
415	0.44724214
416	0.44724336
417	0.44724545
418	0.44722542
419	0.44723725
420	0.44722906
421	0.44723570
422	0.44722319
423	0.44723007
424	0.44722924
425	0.44723970
426	0.44723842
427	0.44722185
428	0.44721594
429	0.44722348
430	0.44720823
431	0.44721401
432	0.44721335
433	0.44721127
434	0.44721475
435	0.44721606
436	0.44722050
437	0.44723192
438	0.44723007
439	0.44722599
440	0.44722876
441	0.44722807
442	0.44722429
443	0.44720951
444	0.44722953
445	0.44722077
446	0.44722757
447	0.44722441
448	0.44722718
449	0.44721854
450	0.44721970
451	0.44723043
452	0.44721213
453	0.44722340
454	0.44721287
455	0.44721788
456	0.44724458
457	0.44722036
458	0.44722271
459	0.44721341
460	0.44723073
461	0.44724035
462	0.44723907
463	0.44723549
464	0.44721958
465	0.44723886
466	0.44723046
467	0.44725403
468	0.44722992
469	0.44722968
470	0.44722649
471	0.44723412
472	0.44723514
473	0.44723845
474	0.44724050
475	0.44720581
476	0.44723472
477	0.44723636
478	0.44723108
479	0.44723237
480	0.44723609
481	0.44723457
482	0.44725880
483	0.44726869
484	0.44724870
485	0.44725490
486	0.44724232
487	0.44724533
488	0.44725078
489	0.44724137
490	0.44723979
491	0.44723985
492	0.44724184
493	0.44724783
494	0.44724047
495	0.44725290
496	0.44725728
497	0.44725335
498	0.44724947
499	0.44723845
500	0.44722998
501	0.44724315
502	0.44725609
503	0.44724661
504	0.44723463
505	0.44724941
506	0.44722888
507	0.44721648
508	0.44722429
509	0.44723484
510	0.44721639
511	0.44723883
512	0.44721714
513	0.44724172
514	0.44725043
515	0.44725615
516	0.44724742
517	0.44723222
518	0.44720301
519	0.44722563
520	0.44721794
521	0.44723135
522	0.44722250
523	0.44723484
524	0.44721895
525	0.44722855
526	0.44721699
527	0.44722620
528	0.44720650
529	0.44722247
530	0.44724673
531	0.44722697
532	0.44723526
533	0.44722465
534	0.44720411
535	0.44722471
536	0.44720125
537	0.44720185
538	0.44723225
539	0.44720662
540	0.44720948
541	0.44718730
542	0.44719502
543	0.44720438
544	0.44719732
545	0.44718188
546	0.44718388
547	0.44719094
548	0.44719169
549	0.44717532
550	0.44719222
551	0.44718248
552	0.44717789
553	0.44718143
554	0.44718340
555	0.44719669
556	0.44719276
557	0.44718570
558	0.44717458
559	0.44718963
560	0.44720048
561	0.44718921
562	0.44718531
563	0.44718850
564	0.44716653
565	0.44720000
566	0.44718251
567	0.44720030
568	0.44719398
569	0.44719326
570	0.44717661
571	0.44719511
572	0.44719213
573	0.44719049
574	0.44718874
575	0.44721037
576	0.44720659
577	0.44718921
578	0.44719011
579	0.44717735
580	0.44719249
581	0.44719762
582	0.44719118
583	0.44719282
584	0.44717398
585	0.44718310
586	0.44717115
587	0.44718096
588	0.44717875
589	0.44717723
590	0.44718647
591	0.44719425
592	0.44718829
593	0.44719270
594	0.44720712
595	0.44720647
596	0.44719896
597	0.44721660
598	0.44720718
599	0.44718602
600	0.44719866