	C:\Users\jkuzm\OneDrive - University of Massachusetts\HRSL x UMILL-PUMA Fatigue - Fatigue\Data\F01\FR3_static1.c3d _ImpedanceExport
	RTOE
	TARGET
	ORIGINAL
ITEM	Z
1	0.04870861
2	0.04870149
3	0.04872323
4	0.04871525
5	0.04867158
6	0.04864000
7	0.04863454
8	0.04861841
9	0.04860962
10	0.04860544
11	0.04863601
12	0.04861080
13	0.04857218
14	0.04860853
15	0.04856242
16	0.04857107
17	0.04855876
18	0.04854074
19	0.04854163
20	0.04853943
21	0.04852724
22	0.04854262
23	0.04852906
24	0.04852881
25	0.04853301
26	0.04849299
27	0.04851996
28	0.04849625
29	0.04847902
30	0.04847913
31	0.04845731
32	0.04843976
33	0.04843808
34	0.04846185
35	0.04843508
36	0.04844658
37	0.04842364
38	0.04840282
39	0.04841536
40	0.04839205
41	0.04836468
42	0.04835360
43	0.04834457
44	0.04832391
45	0.04832230
46	0.04833300
47	0.04833047
48	0.04828561
49	0.04829419
50	0.04826457
51	0.04823956
52	0.04823976
53	0.04822490
54	0.04820245
55	0.04820089
56	0.04817935
57	0.04816641
58	0.04816763
59	0.04816015
60	0.04814637
61	0.04812389
62	0.04815639
63	0.04814376
64	0.04813015
65	0.04811801
66	0.04808954
67	0.04809361
68	0.04810191
69	0.04811165
70	0.04808890
71	0.04809230
72	0.04807959
73	0.04807274
74	0.04806378
75	0.04805262
76	0.04804927
77	0.04805165
78	0.04806751
79	0.04805473
80	0.04804701
81	0.04803685
82	0.04804051
83	0.04803625
84	0.04800564
85	0.04802378
86	0.04804343
87	0.04803619
88	0.04805265
89	0.04801567
90	0.04804884
91	0.04802947
92	0.04803082
93	0.04803239
94	0.04802145
95	0.04803981
96	0.04803654
97	0.04798922
98	0.04802791
99	0.04799554
100	0.04800621
101	0.04800446
102	0.04802304
103	0.04801159
104	0.04799962
105	0.04801038
106	0.04798248
107	0.04800399
108	0.04798891
109	0.04798545
110	0.04796770
111	0.04796383
112	0.04798623
113	0.04799490
114	0.04798500
115	0.04797892
116	0.04794547
117	0.04795862
118	0.04796004
119	0.04793864
120	0.04795150
121	0.04793505
122	0.04792914
123	0.04796217
124	0.04795882
125	0.04795035
126	0.04794109
127	0.04790928
128	0.04793809
129	0.04792769
130	0.04793365
131	0.04792459
132	0.04793429
133	0.04792355
134	0.04790711
135	0.04791643
136	0.04790708
137	0.04790416
138	0.04789389
139	0.04789841
140	0.04790373
141	0.04791059
142	0.04788691
143	0.04787872
144	0.04788023
145	0.04789887
146	0.04790308
147	0.04789319
148	0.04791914
149	0.04787316
150	0.04789584
151	0.04787906
152	0.04788826
153	0.04789329
154	0.04787513
155	0.04785071
156	0.04784330
157	0.04785601
158	0.04787815
159	0.04786715
160	0.04787734
161	0.04786711
162	0.04785282
163	0.04784320
164	0.04788141
165	0.04787841
166	0.04784970
167	0.04786931
168	0.04787190
169	0.04784505
170	0.04783973
171	0.04783670
172	0.04784912
173	0.04781704
174	0.04781386
175	0.04783571
176	0.04783436
177	0.04780823
178	0.04783558
179	0.04781930
180	0.04782450
181	0.04780942
182	0.04782562
183	0.04782313
184	0.04783833
185	0.04782482
186	0.04780541
187	0.04781625
188	0.04778370
189	0.04781083
190	0.04780776
191	0.04781291
192	0.04781074
193	0.04780973
194	0.04780348
195	0.04780081
196	0.04779636
197	0.04777886
198	0.04778103
199	0.04779002
200	0.04776841
201	0.04776706
202	0.04776534
203	0.04776958
204	0.04777744
205	0.04775340
206	0.04775787
207	0.04774142
208	0.04772160
209	0.04775335
210	0.04773271
211	0.04774057
212	0.04771049
213	0.04769609
214	0.04771004
215	0.04770641
216	0.04768018
217	0.04769950
218	0.04768101
219	0.04769862
220	0.04766265
221	0.04765733
222	0.04767447
223	0.04768007
224	0.04767812
225	0.04764382
226	0.04764478
227	0.04763687
228	0.04762590
229	0.04761753
230	0.04760440
231	0.04759574
232	0.04758758
233	0.04758982
234	0.04757392
235	0.04759992
236	0.04757787
237	0.04757346
238	0.04755613
239	0.04756197
240	0.04753996
241	0.04754575
242	0.04754271
243	0.04753211
244	0.04753785
245	0.04751916
246	0.04752096
247	0.04750452
248	0.04750629
249	0.04746452
250	0.04744774
251	0.04747576
252	0.04744024
253	0.04747725
254	0.04741846
255	0.04742766
256	0.04740513
257	0.04739313
258	0.04738487
259	0.04737670
260	0.04736875
261	0.04735319
262	0.04731792
263	0.04732139
264	0.04732259
265	0.04731764
266	0.04729838
267	0.04729669
268	0.04727880
269	0.04727886
270	0.04726810
271	0.04726670
272	0.04726340
273	0.04725969
274	0.04725982
275	0.04724158
276	0.04727805
277	0.04726046
278	0.04726465
279	0.04725879
280	0.04726894
281	0.04724886
282	0.04725550
283	0.04723029
284	0.04725017
285	0.04724022
286	0.04724652
287	0.04722950
288	0.04724534
289	0.04722869
290	0.04723921
291	0.04723590
292	0.04723787
293	0.04721899
294	0.04721895
295	0.04719730
296	0.04718372
297	0.04717678
298	0.04717054
299	0.04717984
300	0.04715574
301	0.04714992
302	0.04715717
303	0.04713904
304	0.04712827
305	0.04712461
306	0.04710324
307	0.04708738
308	0.04710517
309	0.04709087
310	0.04711480
311	0.04710358
312	0.04710208
313	0.04708847
314	0.04710274
315	0.04709237
316	0.04710247
317	0.04709658
318	0.04708744
319	0.04707537
320	0.04706093
321	0.04706471
322	0.04709800
323	0.04709877
324	0.04709684
325	0.04707560
326	0.04707774
327	0.04708005
328	0.04707773
329	0.04706466
330	0.04708963
331	0.04708862
332	0.04706526
333	0.04706895
334	0.04707959
335	0.04706174
336	0.04708221
337	0.04706725
338	0.04706201
339	0.04705400
340	0.04704756
341	0.04706229
342	0.04703823
343	0.04704457
344	0.04706588
345	0.04704966
346	0.04704597
347	0.04704146
348	0.04704601
349	0.04703182
350	0.04702291
351	0.04703238
352	0.04702587
353	0.04703381
354	0.04702530
355	0.04703904
356	0.04700549
357	0.04703250
358	0.04701349
359	0.04701987
360	0.04702183
361	0.04702155
362	0.04702919
363	0.04700617
364	0.04701786
365	0.04700180
366	0.04701148
367	0.04701071
368	0.04698548
369	0.04700992
370	0.04701863
371	0.04697372
372	0.04697983
373	0.04698645
374	0.04697598
375	0.04697074
376	0.04697077
377	0.04697966
378	0.04697235
379	0.04694943
380	0.04695928
381	0.04697244
382	0.04695492
383	0.04694192
384	0.04693516
385	0.04693895
386	0.04694662
387	0.04694608
388	0.04695578
389	0.04696777
390	0.04696952
391	0.04695718
392	0.04697474
393	0.04694363
394	0.04696580
395	0.04693831
396	0.04697762
397	0.04695699
398	0.04699400
399	0.04698764
400	0.04698682
401	0.04697723
402	0.04698761
403	0.04699236
404	0.04700700
405	0.04703275
406	0.04703590
407	0.04702758
408	0.04706933
409	0.04705517
410	0.04706856
411	0.04709042
412	0.04710598
413	0.04710361
414	0.04711177
415	0.04713537
416	0.04712350
417	0.04715598
418	0.04717473
419	0.04718747
420	0.04718604
421	0.04721294
422	0.04721899
423	0.04722979
424	0.04722962
425	0.04722299
426	0.04723851
427	0.04721310
428	0.04724444
429	0.04724799
430	0.04724050
431	0.04725561
432	0.04727116
433	0.04728379
434	0.04726579
435	0.04726257
436	0.04728673
437	0.04727656
438	0.04725714
439	0.04724403
440	0.04723476
441	0.04723938
442	0.04722836
443	0.04725640
444	0.04724376
445	0.04723924
446	0.04724927
447	0.04723402
448	0.04723728
449	0.04724449
450	0.04722202
451	0.04721552
452	0.04721324
453	0.04720905
454	0.04722071
455	0.04720884
456	0.04721734
457	0.04720804
458	0.04720062
459	0.04720020
460	0.04720755
461	0.04719200
462	0.04719937
463	0.04720705
464	0.04722356
465	0.04721200
466	0.04721128
467	0.04720786
468	0.04721184
469	0.04721976
470	0.04719969
471	0.04720412
472	0.04720874
473	0.04718884
474	0.04718103
475	0.04721173
476	0.04721123
477	0.04719541
478	0.04719362
479	0.04722075
480	0.04718939
481	0.04719930
482	0.04718824
483	0.04718049
484	0.04716944
485	0.04716343
486	0.04716300
487	0.04718959
488	0.04716916
489	0.04717670
490	0.04718156
491	0.04716375
492	0.04714766
493	0.04717031
494	0.04714425
495	0.04715456
496	0.04714893
497	0.04714907
498	0.04714387
499	0.04717281
500	0.04717910
501	0.04716890
502	0.04716292
503	0.04719665
504	0.04720297
505	0.04720344
506	0.04719613
507	0.04723769
508	0.04720404
509	0.04721014
510	0.04722200
511	0.04723807
512	0.04725080
513	0.04721896
514	0.04722905
515	0.04723164
516	0.04721506
517	0.04725696
518	0.04726475
519	0.04724552
520	0.04727745
521	0.04726218
522	0.04728928
523	0.04730073
524	0.04729180
525	0.04730535
526	0.04730963
527	0.04729482
528	0.04731852
529	0.04732049
530	0.04731970
531	0.04732394
532	0.04733015
533	0.04734919
534	0.04739413
535	0.04734980
536	0.04739090
537	0.04740341
538	0.04737302
539	0.04739182
540	0.04737574
541	0.04741669
542	0.04744270
543	0.04745566
544	0.04745909
545	0.04746248
546	0.04747682
547	0.04747686
548	0.04747941
549	0.04747541
550	0.04748261
551	0.04747904
552	0.04748116
553	0.04751116
554	0.04750539
555	0.04749410
556	0.04750804
557	0.04751569
558	0.04749396
559	0.04749765
560	0.04748271
561	0.04745152
562	0.04751752
563	0.04750050
564	0.04750746
565	0.04750298
566	0.04748596
567	0.04748343
568	0.04747719
569	0.04747598
570	0.04747847
571	0.04744395
572	0.04745718
573	0.04744723
574	0.04745063
575	0.04745131
576	0.04744805
577	0.04744611
578	0.04746080
579	0.04745181
580	0.04745231
581	0.04744850
582	0.04744336
583	0.04745154
584	0.04748648
585	0.04747232
586	0.04747669
587	0.04749914
588	0.04750654
589	0.04748526
590	0.04748339
591	0.04746750
592	0.04750426
593	0.04747703
594	0.04751289
595	0.04748957
596	0.04750105
597	0.04751964
598	0.04752896
599	0.04753168
600	0.04751592