	C:\Users\jkuzm\OneDrive - University of Massachusetts\HRSL x UMILL-PUMA Fatigue - Fatigue\Data\F01\FR3_static1.c3d _ImpedanceExport
	RCAL3
	TARGET
	ORIGINAL
ITEM	Z
1	0.02102827
2	0.02102498
3	0.02105433
4	0.02103811
5	0.02109254
6	0.02110705
7	0.02109660
8	0.02113804
9	0.02110531
10	0.02111181
11	0.02106350
12	0.02117906
13	0.02112770
14	0.02117249
15	0.02117839
16	0.02119318
17	0.02117421
18	0.02116297
19	0.02120699
20	0.02119282
21	0.02118794
22	0.02120523
23	0.02121036
24	0.02119812
25	0.02121882
26	0.02123373
27	0.02125331
28	0.02127003
29	0.02126765
30	0.02126043
31	0.02129207
32	0.02131771
33	0.02130489
34	0.02132271
35	0.02132636
36	0.02133400
37	0.02135265
38	0.02137658
39	0.02139133
40	0.02138128
41	0.02139833
42	0.02141745
43	0.02143575
44	0.02142978
45	0.02144143
46	0.02146387
47	0.02148637
48	0.02149326
49	0.02149409
50	0.02150642
51	0.02153281
52	0.02155573
53	0.02154651
54	0.02156987
55	0.02159700
56	0.02162444
57	0.02164374
58	0.02170047
59	0.02165044
60	0.02169430
61	0.02166972
62	0.02169604
63	0.02174504
64	0.02175778
65	0.02172687
66	0.02177230
67	0.02179989
68	0.02179249
69	0.02182856
70	0.02182918
71	0.02183778
72	0.02179954
73	0.02182127
74	0.02181539
75	0.02184838
76	0.02185161
77	0.02184365
78	0.02184439
79	0.02189428
80	0.02187726
81	0.02187215
82	0.02186509
83	0.02186809
84	0.02183557
85	0.02183215
86	0.02185068
87	0.02184255
88	0.02185987
89	0.02184101
90	0.02184421
91	0.02184629
92	0.02184114
93	0.02184706
94	0.02186769
95	0.02184284
96	0.02181160
97	0.02185120
98	0.02185495
99	0.02184791
100	0.02187956
101	0.02186825
102	0.02188483
103	0.02191158
104	0.02188821
105	0.02189025
106	0.02192144
107	0.02187203
108	0.02188522
109	0.02190265
110	0.02187093
111	0.02190116
112	0.02189890
113	0.02191130
114	0.02192551
115	0.02191523
116	0.02194815
117	0.02191150
118	0.02193503
119	0.02190673
120	0.02194376
121	0.02196340
122	0.02197800
123	0.02194722
124	0.02193547
125	0.02199607
126	0.02194962
127	0.02193629
128	0.02196210
129	0.02194864
130	0.02193928
131	0.02195966
132	0.02197442
133	0.02196863
134	0.02198266
135	0.02198281
136	0.02198874
137	0.02200140
138	0.02203342
139	0.02202434
140	0.02201670
141	0.02201275
142	0.02199910
143	0.02201729
144	0.02204793
145	0.02206635
146	0.02202171
147	0.02203828
148	0.02204951
149	0.02208070
150	0.02204902
151	0.02207714
152	0.02206311
153	0.02207230
154	0.02209057
155	0.02209325
156	0.02206984
157	0.02211523
158	0.02212503
159	0.02210260
160	0.02213141
161	0.02213729
162	0.02214338
163	0.02211012
164	0.02215056
165	0.02213737
166	0.02214735
167	0.02214585
168	0.02213830
169	0.02218202
170	0.02216099
171	0.02217778
172	0.02216890
173	0.02217821
174	0.02217500
175	0.02215388
176	0.02221529
177	0.02216526
178	0.02219997
179	0.02221622
180	0.02220609
181	0.02220712
182	0.02222305
183	0.02220724
184	0.02218263
185	0.02219366
186	0.02223258
187	0.02223523
188	0.02220650
189	0.02225576
190	0.02225227
191	0.02222874
192	0.02226707
193	0.02223560
194	0.02226843
195	0.02226861
196	0.02225377
197	0.02230188
198	0.02227720
199	0.02230583
200	0.02229133
201	0.02231566
202	0.02230392
203	0.02231386
204	0.02229240
205	0.02234196
206	0.02232890
207	0.02233183
208	0.02233898
209	0.02238087
210	0.02238415
211	0.02239797
212	0.02239271
213	0.02239124
214	0.02240144
215	0.02243041
216	0.02240376
217	0.02239298
218	0.02243456
219	0.02245279
220	0.02246255
221	0.02244470
222	0.02247036
223	0.02249480
224	0.02247485
225	0.02246765
226	0.02249532
227	0.02249617
228	0.02253054
229	0.02253748
230	0.02252705
231	0.02255020
232	0.02255638
233	0.02255447
234	0.02256266
235	0.02258975
236	0.02257811
237	0.02256788
238	0.02258832
239	0.02261397
240	0.02260865
241	0.02259288
242	0.02262391
243	0.02263503
244	0.02261205
245	0.02261110
246	0.02262192
247	0.02260904
248	0.02268748
249	0.02261275
250	0.02265172
251	0.02265669
252	0.02263978
253	0.02267619
254	0.02267432
255	0.02270055
256	0.02272926
257	0.02270894
258	0.02271614
259	0.02272501
260	0.02274469
261	0.02275158
262	0.02275237
263	0.02277095
264	0.02275842
265	0.02277634
266	0.02280793
267	0.02280216
268	0.02279408
269	0.02281197
270	0.02283860
271	0.02281964
272	0.02284353
273	0.02282061
274	0.02281713
275	0.02284042
276	0.02283287
277	0.02284901
278	0.02282655
279	0.02283181
280	0.02283936
281	0.02284522
282	0.02284429
283	0.02281324
284	0.02284398
285	0.02283005
286	0.02286350
287	0.02284136
288	0.02285882
289	0.02289741
290	0.02286185
291	0.02284487
292	0.02285473
293	0.02287002
294	0.02289620
295	0.02289955
296	0.02289479
297	0.02287104
298	0.02289290
299	0.02290200
300	0.02292389
301	0.02292680
302	0.02294022
303	0.02292765
304	0.02294065
305	0.02294574
306	0.02295861
307	0.02295578
308	0.02295781
309	0.02295553
310	0.02296234
311	0.02298927
312	0.02298187
313	0.02296830
314	0.02298803
315	0.02298002
316	0.02297048
317	0.02297921
318	0.02298069
319	0.02296747
320	0.02297500
321	0.02296447
322	0.02299303
323	0.02297513
324	0.02296925
325	0.02295513
326	0.02295985
327	0.02295990
328	0.02294533
329	0.02296177
330	0.02296164
331	0.02296118
332	0.02294837
333	0.02294888
334	0.02297607
335	0.02296880
336	0.02296159
337	0.02297852
338	0.02297986
339	0.02297623
340	0.02299611
341	0.02299118
342	0.02295331
343	0.02297948
344	0.02299154
345	0.02296664
346	0.02301203
347	0.02301005
348	0.02298838
349	0.02299542
350	0.02299366
351	0.02301274
352	0.02302750
353	0.02302881
354	0.02300102
355	0.02302940
356	0.02302773
357	0.02305399
358	0.02306696
359	0.02304526
360	0.02306290
361	0.02304769
362	0.02304753
363	0.02304496
364	0.02305433
365	0.02304215
366	0.02304288
367	0.02307292
368	0.02305265
369	0.02305084
370	0.02308425
371	0.02305672
372	0.02305128
373	0.02309397
374	0.02307598
375	0.02307585
376	0.02308246
377	0.02309905
378	0.02308398
379	0.02307994
380	0.02309687
381	0.02308015
382	0.02310600
383	0.02311324
384	0.02310643
385	0.02310904
386	0.02310017
387	0.02310912
388	0.02312247
389	0.02311849
390	0.02311062
391	0.02309659
392	0.02310730
393	0.02311433
394	0.02309923
395	0.02311513
396	0.02310256
397	0.02311278
398	0.02309967
399	0.02310644
400	0.02311204
401	0.02309164
402	0.02307567
403	0.02306508
404	0.02306770
405	0.02304106
406	0.02303550
407	0.02303101
408	0.02302350
409	0.02301262
410	0.02298589
411	0.02300583
412	0.02298093
413	0.02296931
414	0.02293645
415	0.02294195
416	0.02290095
417	0.02290739
418	0.02291348
419	0.02288395
420	0.02289199
421	0.02287815
422	0.02286662
423	0.02286989
424	0.02282439
425	0.02284042
426	0.02285354
427	0.02281934
428	0.02280072
429	0.02280558
430	0.02280444
431	0.02282303
432	0.02281199
433	0.02284521
434	0.02280601
435	0.02285769
436	0.02281296
437	0.02279631
438	0.02278707
439	0.02278238
440	0.02282813
441	0.02278985
442	0.02279797
443	0.02281935
444	0.02279421
445	0.02281105
446	0.02281336
447	0.02280979
448	0.02283052
449	0.02279001
450	0.02281064
451	0.02282081
452	0.02277721
453	0.02279171
454	0.02283820
455	0.02284099
456	0.02285658
457	0.02282066
458	0.02287886
459	0.02286026
460	0.02285245
461	0.02284401
462	0.02285286
463	0.02282393
464	0.02284045
465	0.02286312
466	0.02286268
467	0.02287470
468	0.02286043
469	0.02282487
470	0.02284657
471	0.02281801
472	0.02281157
473	0.02284658
474	0.02286463
475	0.02282537
476	0.02284273
477	0.02284435
478	0.02284138
479	0.02282673
480	0.02285890
481	0.02288005
482	0.02283011
483	0.02283216
484	0.02281278
485	0.02281743
486	0.02284883
487	0.02282465
488	0.02284585
489	0.02286327
490	0.02286511
491	0.02287225
492	0.02285626
493	0.02283299
494	0.02287245
495	0.02285876
496	0.02284722
497	0.02287729
498	0.02288552
499	0.02286194
500	0.02286002
501	0.02287488
502	0.02282444
503	0.02283602
504	0.02282084
505	0.02284636
506	0.02282034
507	0.02280406
508	0.02283808
509	0.02281866
510	0.02280397
511	0.02279532
512	0.02279513
513	0.02275020
514	0.02276150
515	0.02278153
516	0.02276244
517	0.02274845
518	0.02273936
519	0.02273683
520	0.02272562
521	0.02274501
522	0.02273830
523	0.02273046
524	0.02271767
525	0.02271714
526	0.02268228
527	0.02268802
528	0.02270200
529	0.02271635
530	0.02268583
531	0.02270120
532	0.02268535
533	0.02267108
534	0.02265402
535	0.02270085
536	0.02267163
537	0.02265966
538	0.02264431
539	0.02264293
540	0.02265857
541	0.02263328
542	0.02265104
543	0.02264343
544	0.02262830
545	0.02263289
546	0.02261890
547	0.02263056
548	0.02260887
549	0.02260860
550	0.02261752
551	0.02257687
552	0.02259309
553	0.02258517
554	0.02260196
555	0.02256922
556	0.02259193
557	0.02255604
558	0.02258024
559	0.02257895
560	0.02256293
561	0.02255620
562	0.02256913
563	0.02258117
564	0.02257147
565	0.02256314
566	0.02260144
567	0.02259619
568	0.02258630
569	0.02257174
570	0.02260286
571	0.02258877
572	0.02257287
573	0.02255718
574	0.02256580
575	0.02261109
576	0.02262179
577	0.02262113
578	0.02263844
579	0.02257903
580	0.02261691
581	0.02259598
582	0.02263723
583	0.02262470
584	0.02258959
585	0.02257843
586	0.02260614
587	0.02261955
588	0.02261082
589	0.02259345
590	0.02260470
591	0.02260824
592	0.02257604
593	0.02258742
594	0.02256507
595	0.02257622
596	0.02257387
597	0.02254668
598	0.02254388
599	0.02255164
600	0.02250713