	C:\Users\jkuzm\OneDrive - University of Massachusetts\HRSL x UMILL-PUMA Fatigue - Fatigue\Data\F01\FR3_static1.c3d _ImpedanceExport
	RMT1H
	TARGET
	ORIGINAL
ITEM	Z
1	0.03158070
2	0.03156779
3	0.03155752
4	0.03154284
5	0.03151969
6	0.03151985
7	0.03150998
8	0.03149619
9	0.03151063
10	0.03149284
11	0.03150995
12	0.03149226
13	0.03150358
14	0.03150786
15	0.03151276
16	0.03150478
17	0.03148399
18	0.03149308
19	0.03149706
20	0.03152747
21	0.03148670
22	0.03151131
23	0.03152163
24	0.03151008
25	0.03149753
26	0.03151789
27	0.03150162
28	0.03148623
29	0.03152559
30	0.03151581
31	0.03150674
32	0.03147920
33	0.03150690
34	0.03149227
35	0.03151894
36	0.03149367
37	0.03148657
38	0.03150671
39	0.03148908
40	0.03150687
41	0.03148152
42	0.03148926
43	0.03146361
44	0.03148202
45	0.03144323
46	0.03145574
47	0.03145329
48	0.03145117
49	0.03145710
50	0.03144874
51	0.03145561
52	0.03144514
53	0.03143242
54	0.03143578
55	0.03143081
56	0.03141662
57	0.03141974
58	0.03142189
59	0.03143110
60	0.03139146
61	0.03142106
62	0.03142466
63	0.03141554
64	0.03141859
65	0.03142034
66	0.03140925
67	0.03140906
68	0.03139047
69	0.03140003
70	0.03139104
71	0.03139700
72	0.03139496
73	0.03140257
74	0.03137406
75	0.03139146
76	0.03138541
77	0.03138229
78	0.03136554
79	0.03139388
80	0.03138010
81	0.03138849
82	0.03137595
83	0.03138300
84	0.03137096
85	0.03137393
86	0.03134997
87	0.03137231
88	0.03139594
89	0.03136912
90	0.03136831
91	0.03136873
92	0.03138507
93	0.03134622
94	0.03136715
95	0.03136845
96	0.03136861
97	0.03136871
98	0.03137104
99	0.03136181
100	0.03138097
101	0.03136231
102	0.03137220
103	0.03137009
104	0.03135521
105	0.03135725
106	0.03135581
107	0.03135368
108	0.03135699
109	0.03135789
110	0.03136316
111	0.03135106
112	0.03136164
113	0.03135637
114	0.03135531
115	0.03134874
116	0.03134542
117	0.03135973
118	0.03135091
119	0.03133813
120	0.03132799
121	0.03132799
122	0.03134219
123	0.03133925
124	0.03133199
125	0.03132864
126	0.03134447
127	0.03133732
128	0.03133162
129	0.03133012
130	0.03130435
131	0.03134638
132	0.03133671
133	0.03131295
134	0.03131304
135	0.03132199
136	0.03131832
137	0.03133650
138	0.03131452
139	0.03131877
140	0.03131350
141	0.03131265
142	0.03133026
143	0.03132216
144	0.03133249
145	0.03131149
146	0.03134489
147	0.03133156
148	0.03132574
149	0.03133209
150	0.03133010
151	0.03130645
152	0.03131651
153	0.03133746
154	0.03133585
155	0.03133912
156	0.03131719
157	0.03132953
158	0.03132923
159	0.03130788
160	0.03130911
161	0.03130642
162	0.03131142
163	0.03132893
164	0.03131813
165	0.03131412
166	0.03133829
167	0.03132376
168	0.03132102
169	0.03132402
170	0.03131713
171	0.03130113
172	0.03130071
173	0.03131963
174	0.03129460
175	0.03127824
176	0.03127887
177	0.03128105
178	0.03129576
179	0.03131516
180	0.03130245
181	0.03131561
182	0.03131210
183	0.03131505
184	0.03129112
185	0.03127482
186	0.03128226
187	0.03130186
188	0.03130649
189	0.03128731
190	0.03131447
191	0.03128790
192	0.03127686
193	0.03127515
194	0.03128209
195	0.03128298
196	0.03128454
197	0.03128592
198	0.03129132
199	0.03127122
200	0.03127760
201	0.03127319
202	0.03130131
203	0.03126658
204	0.03129707
205	0.03126388
206	0.03128843
207	0.03126640
208	0.03125840
209	0.03128567
210	0.03127541
211	0.03126577
212	0.03127691
213	0.03125732
214	0.03127756
215	0.03126549
216	0.03126664
217	0.03126307
218	0.03124695
219	0.03125480
220	0.03124277
221	0.03127645
222	0.03124976
223	0.03122414
224	0.03123464
225	0.03121137
226	0.03123052
227	0.03122139
228	0.03122327
229	0.03124421
230	0.03120678
231	0.03121584
232	0.03119498
233	0.03122838
234	0.03123427
235	0.03120777
236	0.03120217
237	0.03118241
238	0.03120698
239	0.03119987
240	0.03121465
241	0.03121478
242	0.03122238
243	0.03120091
244	0.03118628
245	0.03117777
246	0.03120123
247	0.03118048
248	0.03117715
249	0.03117911
250	0.03117409
251	0.03118290
252	0.03114840
253	0.03115509
254	0.03116563
255	0.03114550
256	0.03114489
257	0.03114862
258	0.03113228
259	0.03112452
260	0.03112818
261	0.03111995
262	0.03111983
263	0.03112056
264	0.03112298
265	0.03113567
266	0.03112863
267	0.03112268
268	0.03111673
269	0.03111653
270	0.03112052
271	0.03112361
272	0.03110569
273	0.03111104
274	0.03110628
275	0.03110680
276	0.03111482
277	0.03109418
278	0.03109619
279	0.03108499
280	0.03109420
281	0.03110014
282	0.03110052
283	0.03110372
284	0.03109672
285	0.03110674
286	0.03108312
287	0.03107014
288	0.03107695
289	0.03110940
290	0.03108056
291	0.03108913
292	0.03106226
293	0.03107204
294	0.03107315
295	0.03107826
296	0.03106264
297	0.03106517
298	0.03109473
299	0.03105921
300	0.03107483
301	0.03105522
302	0.03102853
303	0.03105272
304	0.03104551
305	0.03103695
306	0.03102455
307	0.03105327
308	0.03102878
309	0.03104238
310	0.03104968
311	0.03103626
312	0.03101365
313	0.03101134
314	0.03101048
315	0.03102436
316	0.03100621
317	0.03102027
318	0.03103126
319	0.03099451
320	0.03101208
321	0.03101355
322	0.03100610
323	0.03101967
324	0.03102507
325	0.03102031
326	0.03103340
327	0.03098170
328	0.03101927
329	0.03099596
330	0.03101831
331	0.03102992
332	0.03100595
333	0.03099549
334	0.03103383
335	0.03100627
336	0.03101112
337	0.03101966
338	0.03100633
339	0.03099690
340	0.03100910
341	0.03099835
342	0.03099008
343	0.03098171
344	0.03100135
345	0.03099493
346	0.03102290
347	0.03098498
348	0.03100884
349	0.03097945
350	0.03098763
351	0.03097447
352	0.03098894
353	0.03098846
354	0.03098632
355	0.03100342
356	0.03100389
357	0.03098665
358	0.03100157
359	0.03099793
360	0.03100680
361	0.03098078
362	0.03102093
363	0.03100434
364	0.03097975
365	0.03101658
366	0.03100792
367	0.03102052
368	0.03097427
369	0.03099919
370	0.03100365
371	0.03099208
372	0.03099171
373	0.03099131
374	0.03095658
375	0.03095351
376	0.03097852
377	0.03096350
378	0.03099934
379	0.03095421
380	0.03094453
381	0.03095888
382	0.03097575
383	0.03095061
384	0.03096019
385	0.03096186
386	0.03093978
387	0.03094505
388	0.03097437
389	0.03094409
390	0.03095842
391	0.03095808
392	0.03097421
393	0.03097535
394	0.03094789
395	0.03096341
396	0.03096196
397	0.03096145
398	0.03096339
399	0.03096269
400	0.03094709
401	0.03096596
402	0.03100094
403	0.03097814
404	0.03098105
405	0.03099030
406	0.03098339
407	0.03098404
408	0.03100351
409	0.03102402
410	0.03102404
411	0.03103577
412	0.03102207
413	0.03101031
414	0.03104374
415	0.03099286
416	0.03104008
417	0.03105365
418	0.03105127
419	0.03105170
420	0.03104852
421	0.03105642
422	0.03105202
423	0.03104699
424	0.03106041
425	0.03108260
426	0.03106222
427	0.03106053
428	0.03107290
429	0.03105779
430	0.03108424
431	0.03109701
432	0.03108237
433	0.03109963
434	0.03109914
435	0.03111219
436	0.03111080
437	0.03109334
438	0.03107498
439	0.03109076
440	0.03109618
441	0.03108799
442	0.03108893
443	0.03109602
444	0.03106075
445	0.03107786
446	0.03107385
447	0.03107719
448	0.03110095
449	0.03107832
450	0.03108843
451	0.03108163
452	0.03107449
453	0.03107304
454	0.03104926
455	0.03105952
456	0.03107782
457	0.03106391
458	0.03106959
459	0.03106193
460	0.03107899
461	0.03107776
462	0.03107717
463	0.03108479
464	0.03108777
465	0.03108366
466	0.03106108
467	0.03108488
468	0.03106813
469	0.03107782
470	0.03107727
471	0.03107366
472	0.03108916
473	0.03109115
474	0.03107349
475	0.03108560
476	0.03108856
477	0.03107790
478	0.03106345
479	0.03107800
480	0.03107119
481	0.03106517
482	0.03105822
483	0.03108056
484	0.03108085
485	0.03108256
486	0.03107962
487	0.03107579
488	0.03105756
489	0.03106255
490	0.03106496
491	0.03103621
492	0.03105617
493	0.03107043
494	0.03105674
495	0.03106126
496	0.03104883
497	0.03104949
498	0.03108855
499	0.03109606
500	0.03106149
501	0.03106806
502	0.03108643
503	0.03107128
504	0.03108117
505	0.03106415
506	0.03110137
507	0.03107290
508	0.03107280
509	0.03108085
510	0.03108728
511	0.03107608
512	0.03108781
513	0.03107889
514	0.03108400
515	0.03109720
516	0.03107523
517	0.03109138
518	0.03108431
519	0.03109053
520	0.03110143
521	0.03109702
522	0.03109411
523	0.03110227
524	0.03109806
525	0.03113454
526	0.03110896
527	0.03111954
528	0.03112468
529	0.03112018
530	0.03111916
531	0.03112797
532	0.03111660
533	0.03113789
534	0.03112344
535	0.03112317
536	0.03113032
537	0.03111883
538	0.03111710
539	0.03113074
540	0.03111959
541	0.03111645
542	0.03112968
543	0.03114308
544	0.03113129
545	0.03115174
546	0.03116103
547	0.03116604
548	0.03116079
549	0.03113637
550	0.03118874
551	0.03116934
552	0.03116249
553	0.03117097
554	0.03117649
555	0.03118580
556	0.03118122
557	0.03114042
558	0.03115836
559	0.03118764
560	0.03118759
561	0.03119046
562	0.03117165
563	0.03118262
564	0.03118387
565	0.03115593
566	0.03116252
567	0.03116483
568	0.03115122
569	0.03113935
570	0.03113652
571	0.03114614
572	0.03115336
573	0.03113585
574	0.03115052
575	0.03114106
576	0.03115628
577	0.03116374
578	0.03115959
579	0.03112727
580	0.03115241
581	0.03116720
582	0.03113701
583	0.03114859
584	0.03117034
585	0.03117299
586	0.03118923
587	0.03115857
588	0.03115231
589	0.03115700
590	0.03114499
591	0.03115332
592	0.03113373
593	0.03116834
594	0.03117711
595	0.03115245
596	0.03117588
597	0.03118042
598	0.03116879
599	0.03118722
600	0.03115791