	C:\Users\jkuzm\OneDrive - University of Massachusetts\HRSL x UMILL-PUMA Fatigue - Fatigue\Data\F01\FR3_static1.c3d _ImpedanceExport
	LCAL1
	TARGET
	ORIGINAL
ITEM	Y
1	0.25517893
2	0.25516862
3	0.25518212
4	0.25518093
5	0.25514442
6	0.25517580
7	0.25520182
8	0.25520167
9	0.25520456
10	0.25521466
11	0.25521702
12	0.25521600
13	0.25520673
14	0.25522143
15	0.25523338
16	0.25524601
17	0.25524727
18	0.25525028
19	0.25526908
20	0.25526881
21	0.25526994
22	0.25526497
23	0.25529271
24	0.25528911
25	0.25529540
26	0.25528735
27	0.25528723
28	0.25529963
29	0.25532237
30	0.25531965
31	0.25532296
32	0.25533575
33	0.25533041
34	0.25534412
35	0.25537017
36	0.25535762
37	0.25536576
38	0.25536570
39	0.25537947
40	0.25540426
41	0.25540134
42	0.25542012
43	0.25542989
44	0.25543600
45	0.25546435
46	0.25544974
47	0.25547153
48	0.25548846
49	0.25549036
50	0.25552237
51	0.25551692
52	0.25550267
53	0.25553346
54	0.25553411
55	0.25555390
56	0.25555497
57	0.25557828
58	0.25557411
59	0.25557843
60	0.25557643
61	0.25560185
62	0.25561488
63	0.25563106
64	0.25561747
65	0.25563157
66	0.25564250
67	0.25564420
68	0.25563395
69	0.25563410
70	0.25565341
71	0.25565618
72	0.25565445
73	0.25566599
74	0.25568065
75	0.25567997
76	0.25568616
77	0.25568777
78	0.25569263
79	0.25567368
80	0.25567055
81	0.25567356
82	0.25567526
83	0.25567409
84	0.25569203
85	0.25569186
86	0.25568882
87	0.25567341
88	0.25569227
89	0.25569117
90	0.25568151
91	0.25566962
92	0.25566852
93	0.25568855
94	0.25568357
95	0.25568607
96	0.25570151
97	0.25570166
98	0.25570002
99	0.25570482
100	0.25571653
101	0.25570250
102	0.25570083
103	0.25569659
104	0.25570691
105	0.25568882
106	0.25568283
107	0.25569147
108	0.25570428
109	0.25570476
110	0.25570562
111	0.25569084
112	0.25571033
113	0.25571764
114	0.25573063
115	0.25572461
116	0.25574040
117	0.25573441
118	0.25573406
119	0.25574097
120	0.25574771
121	0.25573802
122	0.25573620
123	0.25573835
124	0.25572708
125	0.25573933
126	0.25574172
127	0.25574410
128	0.25574601
129	0.25575307
130	0.25575733
131	0.25576347
132	0.25576317
133	0.25575906
134	0.25575855
135	0.25576678
136	0.25576848
137	0.25576371
138	0.25574410
139	0.25578776
140	0.25578114
141	0.25578353
142	0.25578734
143	0.25577715
144	0.25579304
145	0.25578359
146	0.25579238
147	0.25577739
148	0.25579053
149	0.25578526
150	0.25577855
151	0.25578818
152	0.25579232
153	0.25579804
154	0.25580510
155	0.25579828
156	0.25580716
157	0.25580472
158	0.25580770
159	0.25579962
160	0.25582054
161	0.25582194
162	0.25582013
163	0.25582206
164	0.25582638
165	0.25582790
166	0.25581127
167	0.25582582
168	0.25582716
169	0.25582522
170	0.25583372
171	0.25583762
172	0.25584307
173	0.25584596
174	0.25584525
175	0.25585040
176	0.25587189
177	0.25585082
178	0.25585848
179	0.25585306
180	0.25583458
181	0.25585639
182	0.25586060
183	0.25585794
184	0.25585291
185	0.25585479
186	0.25584972
187	0.25585520
188	0.25586385
189	0.25587940
190	0.25588638
191	0.25590253
192	0.25587654
193	0.25587273
194	0.25588241
195	0.25587153
196	0.25587222
197	0.25588131
198	0.25588062
199	0.25587532
200	0.25589964
201	0.25589016
202	0.25588775
203	0.25588310
204	0.25589660
205	0.25588951
206	0.25588179
207	0.25590605
208	0.25591597
209	0.25589526
210	0.25590345
211	0.25590324
212	0.25590250
213	0.25591260
214	0.25591707
215	0.25590178
216	0.25591522
217	0.25594500
218	0.25592697
219	0.25592607
220	0.25593144
221	0.25594085
222	0.25593275
223	0.25593507
224	0.25593233
225	0.25593549
226	0.25595731
227	0.25595203
228	0.25596595
229	0.25598496
230	0.25597230
231	0.25598642
232	0.25597233
233	0.25598472
234	0.25598523
235	0.25599959
236	0.25598213
237	0.25600681
238	0.25598916
239	0.25602123
240	0.25602418
241	0.25600746
242	0.25603127
243	0.25603461
244	0.25602961
245	0.25602439
246	0.25604379
247	0.25602442
248	0.25603420
249	0.25603792
250	0.25604266
251	0.25605804
252	0.25604331
253	0.25605601
254	0.25606886
255	0.25607511
256	0.25605980
257	0.25608212
258	0.25608498
259	0.25609398
260	0.25610223
261	0.25610754
262	0.25611380
263	0.25612634
264	0.25612304
265	0.25613707
266	0.25613135
267	0.25613496
268	0.25614804
269	0.25612193
270	0.25612128
271	0.25613660
272	0.25613841
273	0.25615501
274	0.25614354
275	0.25614160
276	0.25615853
277	0.25614396
278	0.25615159
279	0.25614402
280	0.25613913
281	0.25615099
282	0.25616789
283	0.25617653
284	0.25617307
285	0.25617939
286	0.25618848
287	0.25620684
288	0.25621930
289	0.25620428
290	0.25622430
291	0.25622895
292	0.25622496
293	0.25623387
294	0.25623468
295	0.25624371
296	0.25624344
297	0.25623289
298	0.25622484
299	0.25625283
300	0.25623503
301	0.25625202
302	0.25625765
303	0.25625932
304	0.25624889
305	0.25625104
306	0.25624985
307	0.25624570
308	0.25626719
309	0.25627539
310	0.25626019
311	0.25627297
312	0.25625530
313	0.25626561
314	0.25628620
315	0.25626779
316	0.25627130
317	0.25625846
318	0.25626573
319	0.25627679
320	0.25627464
321	0.25626913
322	0.25626203
323	0.25624710
324	0.25627208
325	0.25626758
326	0.25626311
327	0.25627565
328	0.25627407
329	0.25627437
330	0.25626841
331	0.25628790
332	0.25625753
333	0.25625798
334	0.25625175
335	0.25627506
336	0.25625563
337	0.25626981
338	0.25627205
339	0.25626349
340	0.25627813
341	0.25629020
342	0.25628269
343	0.25628537
344	0.25627765
345	0.25627121
346	0.25627285
347	0.25626263
348	0.25627518
349	0.25629169
350	0.25628191
351	0.25629634
352	0.25628901
353	0.25631315
354	0.25630793
355	0.25631052
356	0.25628719
357	0.25633046
358	0.25631684
359	0.25630346
360	0.25633287
361	0.25631741
362	0.25631160
363	0.25633216
364	0.25631613
365	0.25632867
366	0.25632969
367	0.25632197
368	0.25633612
369	0.25633347
370	0.25635877
371	0.25635058
372	0.25635114
373	0.25636235
374	0.25634888
375	0.25635794
376	0.25636783
377	0.25636476
378	0.25637409
379	0.25638503
380	0.25637698
381	0.25637582
382	0.25639436
383	0.25639555
384	0.25639191
385	0.25639033
386	0.25638726
387	0.25639087
388	0.25637656
389	0.25639990
390	0.25639907
391	0.25639421
392	0.25640455
393	0.25640839
394	0.25640294
395	0.25639039
396	0.25638038
397	0.25639090
398	0.25638130
399	0.25638032
400	0.25636393
401	0.25635868
402	0.25632939
403	0.25634781
404	0.25635061
405	0.25633350
406	0.25634187
407	0.25631839
408	0.25631100
409	0.25631353
410	0.25629520
411	0.25627691
412	0.25626844
413	0.25628015
414	0.25627634
415	0.25624603
416	0.25626341
417	0.25627089
418	0.25625244
419	0.25624326
420	0.25625885
421	0.25623682
422	0.25622886
423	0.25621217
424	0.25622410
425	0.25619358
426	0.25621709
427	0.25620714
428	0.25620744
429	0.25618610
430	0.25618064
431	0.25619304
432	0.25618905
433	0.25620529
434	0.25619915
435	0.25619933
436	0.25619632
437	0.25619861
438	0.25618640
439	0.25620964
440	0.25620770
441	0.25620002
442	0.25619656
443	0.25618958
444	0.25617751
445	0.25620311
446	0.25621745
447	0.25619784
448	0.25618806
449	0.25621477
450	0.25619340
451	0.25620303
452	0.25618652
453	0.25619692
454	0.25618446
455	0.25618392
456	0.25619009
457	0.25617898
458	0.25619772
459	0.25618720
460	0.25618050
461	0.25618449
462	0.25619107
463	0.25617212
464	0.25616881
465	0.25618440
466	0.25616953
467	0.25616607
468	0.25617129
469	0.25616372
470	0.25616995
471	0.25614271
472	0.25617620
473	0.25616923
474	0.25617468
475	0.25616735
476	0.25616837
477	0.25615576
478	0.25614652
479	0.25614432
480	0.25614801
481	0.25614324
482	0.25615224
483	0.25614104
484	0.25614223
485	0.25613940
486	0.25614014
487	0.25614336
488	0.25611952
489	0.25614476
490	0.25614488
491	0.25612435
492	0.25615469
493	0.25615036
494	0.25614139
495	0.25615764
496	0.25613996
497	0.25614718
498	0.25613850
499	0.25613421
500	0.25612786
501	0.25612640
502	0.25615084
503	0.25611880
504	0.25613588
505	0.25613287
506	0.25612494
507	0.25612360
508	0.25611958
509	0.25610417
510	0.25610983
511	0.25611502
512	0.25610119
513	0.25610557
514	0.25610131
515	0.25611088
516	0.25610471
517	0.25608960
518	0.25609952
519	0.25608948
520	0.25610778
521	0.25608686
522	0.25608718
523	0.25607577
524	0.25607377
525	0.25606084
526	0.25606474
527	0.25606835
528	0.25606188
529	0.25605422
530	0.25605783
531	0.25606734
532	0.25604984
533	0.25604707
534	0.25604990
535	0.25605014
536	0.25605971
537	0.25605825
538	0.25604904
539	0.25604153
540	0.25604701
541	0.25604931
542	0.25603834
543	0.25602302
544	0.25604334
545	0.25601977
546	0.25604787
547	0.25602210
548	0.25602514
549	0.25601274
550	0.25601625
551	0.25601515
552	0.25602913
553	0.25601497
554	0.25600535
555	0.25599232
556	0.25598869
557	0.25599906
558	0.25599924
559	0.25599417
560	0.25600672
561	0.25600818
562	0.25599152
563	0.25599203
564	0.25597337
565	0.25598070
566	0.25597838
567	0.25598890
568	0.25598735
569	0.25599223
570	0.25599155
571	0.25599983
572	0.25600490
573	0.25600627
574	0.25600669
575	0.25601763
576	0.25602475
577	0.25602454
578	0.25602120
579	0.25603384
580	0.25602788
581	0.25602761
582	0.25600246
583	0.25601712
584	0.25600669
585	0.25599301
586	0.25599310
587	0.25596535
588	0.25596741
589	0.25597733
590	0.25598025
591	0.25596729
592	0.25595367
593	0.25595358
594	0.25595480
595	0.25596726
596	0.25596741
597	0.25595027
598	0.25595349
599	0.25595912
600	0.25595683