	C:\Users\jkuzm\OneDrive - University of Massachusetts\HRSL x UMILL-PUMA Fatigue - Fatigue\Data\F01\FR3_static1.c3d _ImpedanceExport
	LMT1H
	TARGET
	ORIGINAL
ITEM	Y
1	0.45793656
2	0.45791063
3	0.45792454
4	0.45789602
5	0.45804024
6	0.45805287
7	0.45804688
8	0.45807201
9	0.45808926
10	0.45809785
11	0.45811063
12	0.45809904
13	0.45809126
14	0.45812464
15	0.45813465
16	0.45813385
17	0.45816711
18	0.45816717
19	0.45816091
20	0.45820245
21	0.45817715
22	0.45819461
23	0.45817974
24	0.45819890
25	0.45820138
26	0.45818841
27	0.45818704
28	0.45822883
29	0.45823574
30	0.45824540
31	0.45822862
32	0.45821413
33	0.45822322
34	0.45826325
35	0.45823267
36	0.45823309
37	0.45823339
38	0.45824972
39	0.45826396
40	0.45827502
41	0.45826221
42	0.45828113
43	0.45827776
44	0.45829982
45	0.45830557
46	0.45829281
47	0.45830858
48	0.45831445
49	0.45832062
50	0.45835921
51	0.45836657
52	0.45836905
53	0.45838153
54	0.45838198
55	0.45840040
56	0.45841265
57	0.45837533
58	0.45838785
59	0.45841315
60	0.45841432
61	0.45840600
62	0.45843485
63	0.45840970
64	0.45840818
65	0.45842493
66	0.45841929
67	0.45843485
68	0.45844975
69	0.45845273
70	0.45842147
71	0.45843008
72	0.45843154
73	0.45847172
74	0.45845598
75	0.45847255
76	0.45846400
77	0.45846158
78	0.45845541
79	0.45844996
80	0.45846057
81	0.45846030
82	0.45845637
83	0.45845395
84	0.45845801
85	0.45844096
86	0.45845482
87	0.45844772
88	0.45845214
89	0.45846075
90	0.45845288
91	0.45844173
92	0.45844400
93	0.45845672
94	0.45847291
95	0.45846549
96	0.45850429
97	0.45847911
98	0.45846581
99	0.45846713
100	0.45847651
101	0.45845062
102	0.45843619
103	0.45844463
104	0.45844641
105	0.45844918
106	0.45845583
107	0.45846099
108	0.45845497
109	0.45849690
110	0.45846581
111	0.45846146
112	0.45844620
113	0.45845622
114	0.45846131
115	0.45847109
116	0.45848766
117	0.45849773
118	0.45849824
119	0.45847973
120	0.45850360
121	0.45847186
122	0.45847383
123	0.45845351
124	0.45847917
125	0.45846778
126	0.45845935
127	0.45847744
128	0.45846772
129	0.45849970
130	0.45846686
131	0.45848173
132	0.45851234
133	0.45847693
134	0.45845473
135	0.45849055
136	0.45846337
137	0.45846817
138	0.45850301
139	0.45850635
140	0.45849895
141	0.45850027
142	0.45852149
143	0.45849940
144	0.45850763
145	0.45850959
146	0.45851883
147	0.45848945
148	0.45850396
149	0.45850667
150	0.45851687
151	0.45849982
152	0.45851350
153	0.45852143
154	0.45850617
155	0.45851347
156	0.45850754
157	0.45851207
158	0.45851609
159	0.45852691
160	0.45850989
161	0.45852211
162	0.45853177
163	0.45851192
164	0.45850670
165	0.45852348
166	0.45850551
167	0.45851541
168	0.45850897
169	0.45851153
170	0.45850161
171	0.45849875
172	0.45850897
173	0.45849460
174	0.45851383
175	0.45852467
176	0.45851472
177	0.45852819
178	0.45850405
179	0.45851430
180	0.45851365
181	0.45851123
182	0.45851633
183	0.45851341
184	0.45854381
185	0.45852175
186	0.45853379
187	0.45852512
188	0.45853415
189	0.45852801
190	0.45853165
191	0.45853034
192	0.45852178
193	0.45854324
194	0.45853299
195	0.45854592
196	0.45855170
197	0.45854419
198	0.45856285
199	0.45854971
200	0.45853493
201	0.45856473
202	0.45851189
203	0.45851347
204	0.45854804
205	0.45853850
206	0.45854521
207	0.45856726
208	0.45854917
209	0.45856920
210	0.45855516
211	0.45853224
212	0.45854989
213	0.45854560
214	0.45855090
215	0.45855615
216	0.45856652
217	0.45856899
218	0.45856833
219	0.45856732
220	0.45856050
221	0.45855755
222	0.45856640
223	0.45857742
224	0.45855916
225	0.45856339
226	0.45859426
227	0.45858940
228	0.45859757
229	0.45858413
230	0.45860448
231	0.45858032
232	0.45860103
233	0.45859149
234	0.45859271
235	0.45857754
236	0.45859304
237	0.45860028
238	0.45859513
239	0.45860782
240	0.45862836
241	0.45860568
242	0.45861143
243	0.45861259
244	0.45859075
245	0.45860681
246	0.45860037
247	0.45860752
248	0.45861933
249	0.45860636
250	0.45861286
251	0.45862365
252	0.45862922
253	0.45863366
254	0.45864996
255	0.45864010
256	0.45861593
257	0.45862713
258	0.45864049
259	0.45867190
260	0.45865005
261	0.45865643
262	0.45866325
263	0.45868203
264	0.45866212
265	0.45868707
266	0.45867348
267	0.45867887
268	0.45865691
269	0.45866084
270	0.45864779
271	0.45866328
272	0.45867562
273	0.45868397
274	0.45868501
275	0.45868593
276	0.45867097
277	0.45867786
278	0.45866448
279	0.45867643
280	0.45868602
281	0.45868471
282	0.45868358
283	0.45870879
284	0.45869380
285	0.45871675
286	0.45875654
287	0.45870709
288	0.45872304
289	0.45870075
290	0.45872143
291	0.45871824
292	0.45874110
293	0.45872319
294	0.45875204
295	0.45873281
296	0.45873925
297	0.45874456
298	0.45873305
299	0.45874596
300	0.45873916
301	0.45872062
302	0.45872200
303	0.45873404
304	0.45875737
305	0.45874268
306	0.45875227
307	0.45874476
308	0.45879027
309	0.45880708
310	0.45874608
311	0.45874071
312	0.45870939
313	0.45874107
314	0.45875517
315	0.45874679
316	0.45878226
317	0.45876917
318	0.45876232
319	0.45877662
320	0.45871812
321	0.45874494
322	0.45874998
323	0.45874229
324	0.45873880
325	0.45873028
326	0.45873383
327	0.45871004
328	0.45875117
329	0.45875147
330	0.45874405
331	0.45871770
332	0.45873985
333	0.45873013
334	0.45873109
335	0.45872119
336	0.45871803
337	0.45877245
338	0.45872545
339	0.45874566
340	0.45879924
341	0.45874989
342	0.45876911
343	0.45876643
344	0.45874819
345	0.45876640
346	0.45875376
347	0.45876071
348	0.45878923
349	0.45875931
350	0.45875937
351	0.45877483
352	0.45877978
353	0.45877069
354	0.45878646
355	0.45876497
356	0.45876682
357	0.45877630
358	0.45877829
359	0.45877165
360	0.45878780
361	0.45879385
362	0.45882002
363	0.45881960
364	0.45880637
365	0.45877695
366	0.45879313
367	0.45881113
368	0.45878056
369	0.45878500
370	0.45881128
371	0.45881912
372	0.45882425
373	0.45881453
374	0.45881215
375	0.45884600
376	0.45881197
377	0.45883110
378	0.45884609
379	0.45885640
380	0.45884758
381	0.45884317
382	0.45887604
383	0.45887130
384	0.45887545
385	0.45886594
386	0.45887038
387	0.45885926
388	0.45883879
389	0.45882332
390	0.45884067
391	0.45883971
392	0.45885551
393	0.45886239
394	0.45884731
395	0.45884743
396	0.45887050
397	0.45884719
398	0.45884225
399	0.45885378
400	0.45883501
401	0.45884684
402	0.45882350
403	0.45882398
404	0.45882353
405	0.45880499
406	0.45880952
407	0.45882729
408	0.45880020
409	0.45879397
410	0.45879883
411	0.45876765
412	0.45877299
413	0.45875603
414	0.45876262
415	0.45878989
416	0.45877761
417	0.45877489
418	0.45874965
419	0.45874128
420	0.45875105
421	0.45876515
422	0.45872262
423	0.45871112
424	0.45871729
425	0.45873186
426	0.45873538
427	0.45869866
428	0.45873013
429	0.45870242
430	0.45869443
431	0.45869890
432	0.45870623
433	0.45871544
434	0.45871547
435	0.45871404
436	0.45872295
437	0.45871541
438	0.45871022
439	0.45869303
440	0.45872259
441	0.45871076
442	0.45870802
443	0.45871806
444	0.45869806
445	0.45869884
446	0.45868748
447	0.45870578
448	0.45871457
449	0.45872757
450	0.45870733
451	0.45870370
452	0.45871875
453	0.45871744
454	0.45870060
455	0.45865595
456	0.45870697
457	0.45868206
458	0.45867938
459	0.45867616
460	0.45868507
461	0.45867988
462	0.45869794
463	0.45870337
464	0.45868745
465	0.45868245
466	0.45867485
467	0.45867994
468	0.45867062
469	0.45867729
470	0.45867905
471	0.45868063
472	0.45867860
473	0.45868379
474	0.45870596
475	0.45868868
476	0.45867491
477	0.45868558
478	0.45867762
479	0.45867583
480	0.45867905
481	0.45866930
482	0.45867479
483	0.45866415
484	0.45867741
485	0.45867643
486	0.45865971
487	0.45868853
488	0.45865047
489	0.45867261
490	0.45866334
491	0.45867682
492	0.45866579
493	0.45868468
494	0.45869327
495	0.45870399
496	0.45869789
497	0.45870593
498	0.45866123
499	0.45866609
500	0.45867497
501	0.45864862
502	0.45867458
503	0.45866838
504	0.45866629
505	0.45868886
506	0.45866659
507	0.45866221
508	0.45865834
509	0.45866680
510	0.45866245
511	0.45865381
512	0.45864931
513	0.45864990
514	0.45865399
515	0.45865163
516	0.45864478
517	0.45867163
518	0.45864597
519	0.45864716
520	0.45863003
521	0.45864773
522	0.45863113
523	0.45863450
524	0.45864064
525	0.45864144
526	0.45864516
527	0.45865101
528	0.45865461
529	0.45864746
530	0.45864719
531	0.45862910
532	0.45859158
533	0.45861897
534	0.45861995
535	0.45861173
536	0.45863634
537	0.45861804
538	0.45863813
539	0.45862773
540	0.45863029
541	0.45862556
542	0.45861691
543	0.45862150
544	0.45859319
545	0.45859221
546	0.45862707
547	0.45859611
548	0.45860335
549	0.45862859
550	0.45861375
551	0.45859584
552	0.45860749
553	0.45861587
554	0.45859525
555	0.45859253
556	0.45859358
557	0.45860586
558	0.45860022
559	0.45860079
560	0.45859808
561	0.45859405
562	0.45860091
563	0.45858100
564	0.45859650
565	0.45859388
566	0.45856479
567	0.45858896
568	0.45857945
569	0.45856130
570	0.45857692
571	0.45856997
572	0.45856407
573	0.45859528
574	0.45857799
575	0.45859796
576	0.45859790
577	0.45860884
578	0.45860568
579	0.45858455
580	0.45862624
581	0.45862037
582	0.45864236
583	0.45863417
584	0.45862138
585	0.45862311
586	0.45861593
587	0.45858982
588	0.45858464
589	0.45859838
590	0.45858172
591	0.45858943
592	0.45857331
593	0.45859212
594	0.45858335
595	0.45858091
596	0.45857239
597	0.45857635
598	0.45856085
599	0.45856217
600	0.45854583