	C:\Users\jkuzm\OneDrive - University of Massachusetts\HRSL x UMILL-PUMA Fatigue - Fatigue\Data\F01\FR3_static1.c3d _ImpedanceExport
	RCAL2
	TARGET
	ORIGINAL
ITEM	X
1	0.40386984
2	0.40387145
3	0.40387669
4	0.40387526
5	0.40394017
6	0.40392372
7	0.40392953
8	0.40393570
9	0.40392461
10	0.40393490
11	0.40393379
12	0.40395442
13	0.40396109
14	0.40395319
15	0.40395865
16	0.40396184
17	0.40396380
18	0.40397432
19	0.40395963
20	0.40394768
21	0.40395916
22	0.40397826
23	0.40395913
24	0.40395632
25	0.40396646
26	0.40395480
27	0.40397143
28	0.40397692
29	0.40396968
30	0.40396798
31	0.40397355
32	0.40396658
33	0.40396729
34	0.40396512
35	0.40396789
36	0.40397638
37	0.40395910
38	0.40395746
39	0.40396169
40	0.40395173
41	0.40394396
42	0.40394565
43	0.40394369
44	0.40393147
45	0.40392724
46	0.40395531
47	0.40395617
48	0.40394387
49	0.40394878
50	0.40394181
51	0.40395057
52	0.40394175
53	0.40394393
54	0.40393555
55	0.40393299
56	0.40394962
57	0.40393841
58	0.40393674
59	0.40394402
60	0.40394801
61	0.40394863
62	0.40395194
63	0.40395126
64	0.40393379
65	0.40394658
66	0.40394890
67	0.40393716
68	0.40394214
69	0.40393317
70	0.40392148
71	0.40393242
72	0.40392047
73	0.40392986
74	0.40392554
75	0.40393168
76	0.40393120
77	0.40392455
78	0.40392083
79	0.40391630
80	0.40391070
81	0.40392256
82	0.40393642
83	0.40393505
84	0.40392438
85	0.40391919
86	0.40393347
87	0.40390679
88	0.40392640
89	0.40391123
90	0.40392631
91	0.40393674
92	0.40394101
93	0.40393904
94	0.40393353
95	0.40393427
96	0.40394941
97	0.40394008
98	0.40392858
99	0.40392721
100	0.40392679
101	0.40393111
102	0.40392303
103	0.40392217
104	0.40393969
105	0.40391412
106	0.40392572
107	0.40391663
108	0.40392268
109	0.40392604
110	0.40391681
111	0.40391839
112	0.40392387
113	0.40392897
114	0.40391701
115	0.40392631
116	0.40392408
117	0.40393469
118	0.40393928
119	0.40394557
120	0.40391806
121	0.40392956
122	0.40392655
123	0.40392277
124	0.40392023
125	0.40391004
126	0.40392253
127	0.40392590
128	0.40392727
129	0.40394357
130	0.40392303
131	0.40391174
132	0.40391520
133	0.40392411
134	0.40393692
135	0.40392050
136	0.40392295
137	0.40392077
138	0.40392554
139	0.40392080
140	0.40393394
141	0.40391248
142	0.40393734
143	0.40392870
144	0.40392220
145	0.40391555
146	0.40392146
147	0.40391201
148	0.40390494
149	0.40390795
150	0.40392700
151	0.40391880
152	0.40391138
153	0.40391743
154	0.40391231
155	0.40390602
156	0.40391746
157	0.40391120
158	0.40390861
159	0.40388760
160	0.40390378
161	0.40390030
162	0.40389875
163	0.40388387
164	0.40390092
165	0.40391859
166	0.40392563
167	0.40391073
168	0.40392080
169	0.40390471
170	0.40390694
171	0.40391788
172	0.40391037
173	0.40390235
174	0.40388069
175	0.40388909
176	0.40387771
177	0.40390149
178	0.40388319
179	0.40389064
180	0.40387961
181	0.40387601
182	0.40387088
183	0.40386748
184	0.40385428
185	0.40386340
186	0.40387750
187	0.40386361
188	0.40388408
189	0.40387052
190	0.40387982
191	0.40388814
192	0.40389484
193	0.40387326
194	0.40387338
195	0.40388501
196	0.40387595
197	0.40388709
198	0.40387130
199	0.40387931
200	0.40387702
201	0.40388131
202	0.40389264
203	0.40387830
204	0.40388584
205	0.40388519
206	0.40387315
207	0.40388262
208	0.40388286
209	0.40388694
210	0.40388289
211	0.40386301
212	0.40388241
213	0.40390575
214	0.40387800
215	0.40388465
216	0.40388790
217	0.40390512
218	0.40387884
219	0.40389374
220	0.40389699
221	0.40388983
222	0.40388104
223	0.40389445
224	0.40387863
225	0.40390748
226	0.40389359
227	0.40389121
228	0.40388623
229	0.40387559
230	0.40387550
231	0.40388170
232	0.40385506
233	0.40388620
234	0.40386090
235	0.40387651
236	0.40387961
237	0.40388376
238	0.40385416
239	0.40387285
240	0.40387395
241	0.40389335
242	0.40388310
243	0.40388876
244	0.40387279
245	0.40385807
246	0.40386817
247	0.40386912
248	0.40386862
249	0.40386903
250	0.40385228
251	0.40385073
252	0.40384442
253	0.40385336
254	0.40383378
255	0.40382740
256	0.40386462
257	0.40383890
258	0.40385377
259	0.40383857
260	0.40384740
261	0.40383145
262	0.40384895
263	0.40383041
264	0.40382233
265	0.40383974
266	0.40383536
267	0.40381885
268	0.40381905
269	0.40383050
270	0.40382412
271	0.40384611
272	0.40384185
273	0.40383610
274	0.40382677
275	0.40383741
276	0.40383291
277	0.40382043
278	0.40384310
279	0.40383700
280	0.40382481
281	0.40383914
282	0.40383920
283	0.40383279
284	0.40384275
285	0.40383056
286	0.40383282
287	0.40383920
288	0.40383294
289	0.40383276
290	0.40382290
291	0.40382826
292	0.40382960
293	0.40383008
294	0.40383562
295	0.40382403
296	0.40384650
297	0.40381578
298	0.40383711
299	0.40382460
300	0.40383062
301	0.40383494
302	0.40382662
303	0.40383202
304	0.40383109
305	0.40383899
306	0.40383628
307	0.40382367
308	0.40382999
309	0.40382797
310	0.40382120
311	0.40384573
312	0.40382555
313	0.40383074
314	0.40384790
315	0.40382123
316	0.40383068
317	0.40382969
318	0.40383950
319	0.40382591
320	0.40384772
321	0.40384185
322	0.40384251
323	0.40385938
324	0.40384105
325	0.40384829
326	0.40384069
327	0.40386197
328	0.40384701
329	0.40385416
330	0.40385285
331	0.40385911
332	0.40385261
333	0.40384245
334	0.40383577
335	0.40385833
336	0.40383619
337	0.40383694
338	0.40383801
339	0.40385678
340	0.40383536
341	0.40384817
342	0.40383953
343	0.40385774
344	0.40384147
345	0.40386018
346	0.40385300
347	0.40386847
348	0.40387270
349	0.40386358
350	0.40385184
351	0.40385380
352	0.40386736
353	0.40386075
354	0.40387380
355	0.40386590
356	0.40387633
357	0.40387818
358	0.40387431
359	0.40389448
360	0.40387529
361	0.40387011
362	0.40387216
363	0.40387139
364	0.40384603
365	0.40385681
366	0.40386045
367	0.40386266
368	0.40384498
369	0.40387249
370	0.40385869
371	0.40384671
372	0.40385357
373	0.40385434
374	0.40385479
375	0.40386337
376	0.40385211
377	0.40385845
378	0.40385276
379	0.40385374
380	0.40385234
381	0.40387145
382	0.40383631
383	0.40383098
384	0.40385258
385	0.40386698
386	0.40384841
387	0.40383723
388	0.40384337
389	0.40384510
390	0.40384647
391	0.40384018
392	0.40383881
393	0.40384457
394	0.40385416
395	0.40384594
396	0.40383825
397	0.40385219
398	0.40383568
399	0.40383220
400	0.40385085
401	0.40384033
402	0.40384778
403	0.40385664
404	0.40384406
405	0.40383762
406	0.40382826
407	0.40383607
408	0.40382394
409	0.40383753
410	0.40384567
411	0.40383789
412	0.40383014
413	0.40382034
414	0.40384272
415	0.40384179
416	0.40382704
417	0.40383670
418	0.40382561
419	0.40381819
420	0.40381905
421	0.40382922
422	0.40381330
423	0.40381011
424	0.40381470
425	0.40380841
426	0.40381941
427	0.40380967
428	0.40383428
429	0.40382534
430	0.40381685
431	0.40380633
432	0.40379688
433	0.40382001
434	0.40381262
435	0.40383369
436	0.40384340
437	0.40385976
438	0.40385404
439	0.40387204
440	0.40386897
441	0.40386605
442	0.40384504
443	0.40384978
444	0.40386847
445	0.40385437
446	0.40386146
447	0.40386155
448	0.40383831
449	0.40386441
450	0.40386572
451	0.40386656
452	0.40387139
453	0.40386733
454	0.40387514
455	0.40386346
456	0.40387082
457	0.40386611
458	0.40388566
459	0.40385610
460	0.40386316
461	0.40385151
462	0.40383434
463	0.40385586
464	0.40385184
465	0.40385729
466	0.40386617
467	0.40386498
468	0.40384775
469	0.40385243
470	0.40386152
471	0.40386197
472	0.40384829
473	0.40384582
474	0.40386042
475	0.40385035
476	0.40385851
477	0.40387386
478	0.40388289
479	0.40386471
480	0.40386480
481	0.40386710
482	0.40386909
483	0.40387279
484	0.40387464
485	0.40388277
486	0.40387601
487	0.40387976
488	0.40386564
489	0.40385130
490	0.40386465
491	0.40386903
492	0.40387407
493	0.40387028
494	0.40385807
495	0.40386590
496	0.40385094
497	0.40386316
498	0.40387678
499	0.40386498
500	0.40387797
501	0.40386334
502	0.40387309
503	0.40388831
504	0.40386939
505	0.40386659
506	0.40384382
507	0.40385833
508	0.40385678
509	0.40385306
510	0.40387326
511	0.40386695
512	0.40386906
513	0.40388572
514	0.40387365
515	0.40386498
516	0.40385541
517	0.40384585
518	0.40385669
519	0.40383670
520	0.40385455
521	0.40387082
522	0.40387586
523	0.40388763
524	0.40388411
525	0.40388310
526	0.40387237
527	0.40387321
528	0.40387356
529	0.40387148
530	0.40389225
531	0.40387753
532	0.40386268
533	0.40387046
534	0.40387115
535	0.40387765
536	0.40388161
537	0.40386638
538	0.40387681
539	0.40387866
540	0.40390021
541	0.40388176
542	0.40388098
543	0.40388256
544	0.40387419
545	0.40388036
546	0.40387571
547	0.40388745
548	0.40387553
549	0.40387172
550	0.40388748
551	0.40388721
552	0.40389663
553	0.40388840
554	0.40389013
555	0.40388820
556	0.40388572
557	0.40389889
558	0.40388927
559	0.40388826
560	0.40389022
561	0.40388349
562	0.40389690
563	0.40389383
564	0.40390301
565	0.40389448
566	0.40388560
567	0.40389019
568	0.40389529
569	0.40386555
570	0.40385887
571	0.40387633
572	0.40388060
573	0.40388152
574	0.40387750
575	0.40388229
576	0.40387124
577	0.40388268
578	0.40388152
579	0.40388298
580	0.40390241
581	0.40391231
582	0.40390369
583	0.40388697
584	0.40389004
585	0.40388206
586	0.40388596
587	0.40388983
588	0.40389663
589	0.40389130
590	0.40388063
591	0.40389019
592	0.40386844
593	0.40389353
594	0.40388334
595	0.40389064
596	0.40388376
597	0.40387857
598	0.40388748
599	0.40388569
600	0.40390477