	C:\Users\jkuzm\OneDrive - University of Massachusetts\HRSL x UMILL-PUMA Fatigue - Fatigue\Data\F01\FR3_static1.c3d _ImpedanceExport
	LMT5H
	TARGET
	ORIGINAL
ITEM	Z
1	0.03441002
2	0.03439859
3	0.03441869
4	0.03440237
5	0.03433451
6	0.03434043
7	0.03431089
8	0.03433423
9	0.03431062
10	0.03431961
11	0.03430592
12	0.03430794
13	0.03431373
14	0.03429761
15	0.03430167
16	0.03429698
17	0.03427372
18	0.03427767
19	0.03428880
20	0.03426571
21	0.03429500
22	0.03427494
23	0.03430149
24	0.03428660
25	0.03427682
26	0.03430505
27	0.03429494
28	0.03430372
29	0.03429383
30	0.03428597
31	0.03428682
32	0.03430114
33	0.03429592
34	0.03427737
35	0.03428634
36	0.03430289
37	0.03429356
38	0.03427945
39	0.03426401
40	0.03427078
41	0.03426544
42	0.03426992
43	0.03424713
44	0.03427276
45	0.03425109
46	0.03426054
47	0.03426333
48	0.03425690
49	0.03425714
50	0.03423793
51	0.03424312
52	0.03422724
53	0.03422989
54	0.03423817
55	0.03423744
56	0.03422922
57	0.03423440
58	0.03422672
59	0.03423032
60	0.03424748
61	0.03423771
62	0.03422082
63	0.03419890
64	0.03420733
65	0.03421716
66	0.03422990
67	0.03421348
68	0.03424080
69	0.03423423
70	0.03422053
71	0.03422052
72	0.03421349
73	0.03420041
74	0.03421122
75	0.03423159
76	0.03421423
77	0.03421413
78	0.03421707
79	0.03422440
80	0.03420225
81	0.03421280
82	0.03420939
83	0.03418493
84	0.03420110
85	0.03418701
86	0.03418719
87	0.03419363
88	0.03419339
89	0.03420432
90	0.03421272
91	0.03420291
92	0.03420081
93	0.03420727
94	0.03421210
95	0.03419062
96	0.03420745
97	0.03421206
98	0.03420788
99	0.03421373
100	0.03422289
101	0.03419671
102	0.03419960
103	0.03421608
104	0.03421603
105	0.03421003
106	0.03421649
107	0.03422199
108	0.03421191
109	0.03421241
110	0.03420362
111	0.03421490
112	0.03421831
113	0.03420357
114	0.03418998
115	0.03421451
116	0.03420826
117	0.03419629
118	0.03421681
119	0.03420381
120	0.03423544
121	0.03423682
122	0.03423121
123	0.03423012
124	0.03424519
125	0.03420655
126	0.03421411
127	0.03421669
128	0.03421145
129	0.03421454
130	0.03422153
131	0.03421700
132	0.03420599
133	0.03420373
134	0.03421251
135	0.03421320
136	0.03421854
137	0.03420367
138	0.03420947
139	0.03421341
140	0.03420951
141	0.03418649
142	0.03419610
143	0.03421185
144	0.03420553
145	0.03418874
146	0.03419145
147	0.03419113
148	0.03417766
149	0.03418862
150	0.03417706
151	0.03417785
152	0.03417936
153	0.03419259
154	0.03417805
155	0.03418524
156	0.03420110
157	0.03418186
158	0.03418490
159	0.03419384
160	0.03417735
161	0.03418278
162	0.03419673
163	0.03420280
164	0.03419100
165	0.03419117
166	0.03420198
167	0.03418506
168	0.03418246
169	0.03417934
170	0.03419119
171	0.03416749
172	0.03418332
173	0.03416989
174	0.03417389
175	0.03419277
176	0.03415043
177	0.03417503
178	0.03417800
179	0.03418628
180	0.03419277
181	0.03418603
182	0.03417200
183	0.03420044
184	0.03415693
185	0.03417064
186	0.03416191
187	0.03418241
188	0.03416473
189	0.03417169
190	0.03417493
191	0.03419228
192	0.03418576
193	0.03415519
194	0.03417170
195	0.03415865
196	0.03418004
197	0.03415281
198	0.03415950
199	0.03415167
200	0.03416578
201	0.03415118
202	0.03416803
203	0.03414715
204	0.03416117
205	0.03415349
206	0.03415372
207	0.03416449
208	0.03415165
209	0.03413767
210	0.03417208
211	0.03414923
212	0.03414337
213	0.03413614
214	0.03416569
215	0.03414002
216	0.03415295
217	0.03412701
218	0.03412071
219	0.03413470
220	0.03412885
221	0.03411616
222	0.03413702
223	0.03415855
224	0.03413963
225	0.03415429
226	0.03414433
227	0.03415019
228	0.03415051
229	0.03413900
230	0.03413942
231	0.03413381
232	0.03412518
233	0.03415034
234	0.03413702
235	0.03413552
236	0.03414172
237	0.03414153
238	0.03413368
239	0.03415440
240	0.03413346
241	0.03413987
242	0.03413617
243	0.03411746
244	0.03414275
245	0.03413340
246	0.03412385
247	0.03412250
248	0.03413862
249	0.03413558
250	0.03412295
251	0.03412266
252	0.03411520
253	0.03414722
254	0.03412363
255	0.03413706
256	0.03412950
257	0.03413994
258	0.03413776
259	0.03412900
260	0.03413001
261	0.03412676
262	0.03412978
263	0.03413793
264	0.03411767
265	0.03413355
266	0.03413214
267	0.03413699
268	0.03414404
269	0.03414740
270	0.03413725
271	0.03412230
272	0.03412958
273	0.03414401
274	0.03413062
275	0.03412629
276	0.03413213
277	0.03414326
278	0.03413546
279	0.03414597
280	0.03415443
281	0.03415352
282	0.03414542
283	0.03415243
284	0.03414120
285	0.03414343
286	0.03414867
287	0.03415317
288	0.03414140
289	0.03415561
290	0.03414395
291	0.03412294
292	0.03415997
293	0.03415680
294	0.03416603
295	0.03412911
296	0.03415095
297	0.03416111
298	0.03415079
299	0.03413980
300	0.03414217
301	0.03413804
302	0.03413431
303	0.03414816
304	0.03413403
305	0.03415352
306	0.03416234
307	0.03415232
308	0.03415415
309	0.03416446
310	0.03414107
311	0.03415786
312	0.03416217
313	0.03416941
314	0.03414356
315	0.03414694
316	0.03415712
317	0.03415474
318	0.03413939
319	0.03414640
320	0.03413930
321	0.03413559
322	0.03415569
323	0.03413818
324	0.03413904
325	0.03413668
326	0.03413352
327	0.03413913
328	0.03412747
329	0.03413963
330	0.03413573
331	0.03414790
332	0.03415432
333	0.03415963
334	0.03414511
335	0.03413755
336	0.03414283
337	0.03414433
338	0.03415402
339	0.03413235
340	0.03414575
341	0.03415747
342	0.03415452
343	0.03413566
344	0.03415779
345	0.03416192
346	0.03414819
347	0.03412336
348	0.03414417
349	0.03412969
350	0.03413047
351	0.03412408
352	0.03415244
353	0.03412567
354	0.03414840
355	0.03414832
356	0.03415392
357	0.03411865
358	0.03415350
359	0.03414388
360	0.03411234
361	0.03413299
362	0.03411432
363	0.03411235
364	0.03411894
365	0.03414356
366	0.03414054
367	0.03411525
368	0.03409524
369	0.03411753
370	0.03411553
371	0.03410936
372	0.03412418
373	0.03411081
374	0.03411242
375	0.03411085
376	0.03410626
377	0.03412229
378	0.03411960
379	0.03412521
380	0.03411663
381	0.03411793
382	0.03413294
383	0.03410008
384	0.03411514
385	0.03412035
386	0.03412792
387	0.03413048
388	0.03411432
389	0.03413821
390	0.03414075
391	0.03411726
392	0.03412697
393	0.03412714
394	0.03411547
395	0.03411643
396	0.03411366
397	0.03410405
398	0.03410979
399	0.03411493
400	0.03413835
401	0.03411808
402	0.03410198
403	0.03409737
404	0.03411305
405	0.03411289
406	0.03412554
407	0.03410267
408	0.03410660
409	0.03412348
410	0.03412288
411	0.03411421
412	0.03410961
413	0.03412396
414	0.03411669
415	0.03410594
416	0.03409919
417	0.03410459
418	0.03412010
419	0.03412433
420	0.03411155
421	0.03409431
422	0.03412759
423	0.03411434
424	0.03411388
425	0.03412840
426	0.03411936
427	0.03410938
428	0.03411097
429	0.03410947
430	0.03411185
431	0.03410063
432	0.03410320
433	0.03411174
434	0.03411979
435	0.03411745
436	0.03414528
437	0.03413301
438	0.03411109
439	0.03411300
440	0.03413211
441	0.03413178
442	0.03411668
443	0.03412430
444	0.03413651
445	0.03413415
446	0.03414001
447	0.03415658
448	0.03413616
449	0.03412994
450	0.03413960
451	0.03412873
452	0.03412856
453	0.03414574
454	0.03413236
455	0.03414501
456	0.03414999
457	0.03416054
458	0.03415674
459	0.03415916
460	0.03415021
461	0.03413495
462	0.03415674
463	0.03414321
464	0.03417231
465	0.03414779
466	0.03414425
467	0.03413603
468	0.03415150
469	0.03412973
470	0.03415149
471	0.03413292
472	0.03412797
473	0.03413479
474	0.03415148
475	0.03415287
476	0.03414752
477	0.03415957
478	0.03414580
479	0.03414224
480	0.03415179
481	0.03413858
482	0.03413384
483	0.03416508
484	0.03415231
485	0.03415437
486	0.03413288
487	0.03414749
488	0.03415791
489	0.03414036
490	0.03413285
491	0.03415427
492	0.03414395
493	0.03413855
494	0.03416850
495	0.03416265
496	0.03415111
497	0.03417300
498	0.03413941
499	0.03415196
500	0.03415680
501	0.03416511
502	0.03414824
503	0.03416828
504	0.03413948
505	0.03415950
506	0.03416338
507	0.03416106
508	0.03415621
509	0.03416548
510	0.03415260
511	0.03416922
512	0.03415589
513	0.03417858
514	0.03416613
515	0.03414688
516	0.03413283
517	0.03416156
518	0.03415101
519	0.03417666
520	0.03415767
521	0.03414442
522	0.03415083
523	0.03414907
524	0.03415998
525	0.03415262
526	0.03416273
527	0.03414150
528	0.03413953
529	0.03416272
530	0.03415212
531	0.03415735
532	0.03417500
533	0.03415804
534	0.03414977
535	0.03415171
536	0.03416408
537	0.03415865
538	0.03416219
539	0.03413891
540	0.03417352
541	0.03416974
542	0.03415548
543	0.03416566
544	0.03415716
545	0.03413386
546	0.03414583
547	0.03414393
548	0.03417468
549	0.03417682
550	0.03416288
551	0.03416910
552	0.03417134
553	0.03414382
554	0.03415290
555	0.03416562
556	0.03415726
557	0.03414952
558	0.03416375
559	0.03414914
560	0.03414650
561	0.03413849
562	0.03415418
563	0.03414891
564	0.03414265
565	0.03415759
566	0.03416679
567	0.03416444
568	0.03414812
569	0.03415975
570	0.03414368
571	0.03415012
572	0.03416009
573	0.03415702
574	0.03414958
575	0.03418265
576	0.03417628
577	0.03418092
578	0.03414306
579	0.03417397
580	0.03415801
581	0.03416418
582	0.03416155
583	0.03415131
584	0.03415253
585	0.03416732
586	0.03413793
587	0.03415810
588	0.03419013
589	0.03415136
590	0.03415334
591	0.03415499
592	0.03417085
593	0.03416116
594	0.03414186
595	0.03417087
596	0.03417177
597	0.03415357
598	0.03416348
599	0.03415710
600	0.03414221