	C:\Users\jkuzm\OneDrive - University of Massachusetts\HRSL x UMILL-PUMA Fatigue - Fatigue\Data\F01\FR3_static1.c3d _ImpedanceExport
	LCAL2
	TARGET
	ORIGINAL
ITEM	X
1	0.21021172
2	0.21020527
3	0.21022384
4	0.21021004
5	0.21023361
6	0.21022698
7	0.21023297
8	0.21023236
9	0.21023808
10	0.21021952
11	0.21023016
12	0.21023071
13	0.21022801
14	0.21022183
15	0.21024418
16	0.21022706
17	0.21022408
18	0.21024230
19	0.21023497
20	0.21023597
21	0.21023124
22	0.21023424
23	0.21023802
24	0.21022515
25	0.21023220
26	0.21023959
27	0.21022195
28	0.21022706
29	0.21022597
30	0.21022893
31	0.21022390
32	0.21021554
33	0.21021733
34	0.21022345
35	0.21021698
36	0.21022663
37	0.21021955
38	0.21020970
39	0.21019617
40	0.21020608
41	0.21021414
42	0.21021420
43	0.21021083
44	0.21020724
45	0.21019220
46	0.21020643
47	0.21020155
48	0.21020031
49	0.21020707
50	0.21018763
51	0.21021675
52	0.21020401
53	0.21020254
54	0.21019268
55	0.21021204
56	0.21018808
57	0.21022069
58	0.21020685
59	0.21021403
60	0.21020035
61	0.21020795
62	0.21019962
63	0.21020620
64	0.21022172
65	0.21020441
66	0.21019343
67	0.21020104
68	0.21020553
69	0.21021685
70	0.21021245
71	0.21023043
72	0.21021551
73	0.21020421
74	0.21022451
75	0.21023148
76	0.21022230
77	0.21022548
78	0.21021913
79	0.21020515
80	0.21019365
81	0.21022464
82	0.21020222
83	0.21020664
84	0.21020593
85	0.21021852
86	0.21021035
87	0.21021859
88	0.21023054
89	0.21022688
90	0.21023065
91	0.21021689
92	0.21021378
93	0.21022718
94	0.21021995
95	0.21020634
96	0.21021987
97	0.21021849
98	0.21022902
99	0.21020374
100	0.21021064
101	0.21022233
102	0.21021116
103	0.21022056
104	0.21022084
105	0.21021430
106	0.21020839
107	0.21022210
108	0.21020876
109	0.21020940
110	0.21020995
111	0.21020573
112	0.21021815
113	0.21021929
114	0.21021362
115	0.21022344
116	0.21021889
117	0.21024276
118	0.21022518
119	0.21023335
120	0.21025275
121	0.21022643
122	0.21022780
123	0.21023339
124	0.21022540
125	0.21021026
126	0.21022968
127	0.21022516
128	0.21020460
129	0.21024172
130	0.21023640
131	0.21022046
132	0.21021989
133	0.21022591
134	0.21022515
135	0.21023157
136	0.21021335
137	0.21022008
138	0.21023990
139	0.21022695
140	0.21023177
141	0.21022683
142	0.21022312
143	0.21023521
144	0.21023349
145	0.21022093
146	0.21021485
147	0.21022263
148	0.21023481
149	0.21022655
150	0.21023540
151	0.21023194
152	0.21021841
153	0.21022612
154	0.21020608
155	0.21021561
156	0.21022888
157	0.21022002
158	0.21022241
159	0.21021551
160	0.21023269
161	0.21021001
162	0.21022265
163	0.21023263
164	0.21024033
165	0.21023346
166	0.21021391
167	0.21022047
168	0.21022475
169	0.21022408
170	0.21021758
171	0.21022475
172	0.21020570
173	0.21022302
174	0.21021935
175	0.21021117
176	0.21022117
177	0.21022393
178	0.21021564
179	0.21019094
180	0.21019377
181	0.21021464
182	0.21020545
183	0.21019414
184	0.21019626
185	0.21019566
186	0.21018368
187	0.21019804
188	0.21018673
189	0.21018817
190	0.21019730
191	0.21019235
192	0.21019964
193	0.21019575
194	0.21019518
195	0.21019429
196	0.21019819
197	0.21018334
198	0.21021044
199	0.21019067
200	0.21019818
201	0.21019249
202	0.21018672
203	0.21018282
204	0.21018866
205	0.21018027
206	0.21018369
207	0.21018581
208	0.21018940
209	0.21017754
210	0.21017931
211	0.21019076
212	0.21019782
213	0.21018398
214	0.21018979
215	0.21019468
216	0.21018572
217	0.21019694
218	0.21017948
219	0.21017432
220	0.21017577
221	0.21017890
222	0.21019091
223	0.21018520
224	0.21019413
225	0.21018501
226	0.21018556
227	0.21016870
228	0.21019092
229	0.21016978
230	0.21017499
231	0.21018052
232	0.21018524
233	0.21018556
234	0.21019867
235	0.21018897
236	0.21019326
237	0.21019244
238	0.21018314
239	0.21019763
240	0.21019873
241	0.21019733
242	0.21019331
243	0.21019064
244	0.21018106
245	0.21019831
246	0.21019344
247	0.21017265
248	0.21017791
249	0.21018967
250	0.21018811
251	0.21018077
252	0.21016420
253	0.21019159
254	0.21018672
255	0.21017793
256	0.21019015
257	0.21018906
258	0.21017922
259	0.21019866
260	0.21019129
261	0.21020222
262	0.21019736
263	0.21022251
264	0.21020825
265	0.21020760
266	0.21019322
267	0.21019775
268	0.21019997
269	0.21020427
270	0.21019839
271	0.21020125
272	0.21019962
273	0.21020962
274	0.21020810
275	0.21020755
276	0.21021490
277	0.21022896
278	0.21020527
279	0.21020207
280	0.21020432
281	0.21021287
282	0.21021226
283	0.21021213
284	0.21021733
285	0.21020895
286	0.21021351
287	0.21020469
288	0.21022375
289	0.21020578
290	0.21021703
291	0.21022519
292	0.21022356
293	0.21022876
294	0.21023799
295	0.21023992
296	0.21022759
297	0.21023001
298	0.21022040
299	0.21022390
300	0.21020553
301	0.21022967
302	0.21021740
303	0.21022131
304	0.21020703
305	0.21023524
306	0.21021438
307	0.21022499
308	0.21023548
309	0.21023630
310	0.21023493
311	0.21023417
312	0.21024576
313	0.21021374
314	0.21022184
315	0.21023627
316	0.21023010
317	0.21024098
318	0.21023618
319	0.21024089
320	0.21023050
321	0.21022463
322	0.21023229
323	0.21022420
324	0.21023367
325	0.21023104
326	0.21023440
327	0.21023554
328	0.21021228
329	0.21024090
330	0.21022953
331	0.21024585
332	0.21023351
333	0.21022524
334	0.21025531
335	0.21023138
336	0.21024562
337	0.21022801
338	0.21023656
339	0.21021889
340	0.21023664
341	0.21024084
342	0.21023594
343	0.21025208
344	0.21025014
345	0.21023384
346	0.21024424
347	0.21023126
348	0.21024854
349	0.21024986
350	0.21021968
351	0.21023406
352	0.21023242
353	0.21022564
354	0.21022841
355	0.21022218
356	0.21023548
357	0.21023171
358	0.21023080
359	0.21022055
360	0.21021938
361	0.21022622
362	0.21020299
363	0.21020083
364	0.21021017
365	0.21019985
366	0.21018685
367	0.21021248
368	0.21018757
369	0.21019945
370	0.21020699
371	0.21020012
372	0.21020782
373	0.21021195
374	0.21020514
375	0.21021454
376	0.21021092
377	0.21020792
378	0.21019657
379	0.21019949
380	0.21020508
381	0.21016772
382	0.21018745
383	0.21020374
384	0.21020429
385	0.21019146
386	0.21019121
387	0.21019199
388	0.21019973
389	0.21020384
390	0.21018340
391	0.21019667
392	0.21021001
393	0.21019998
394	0.21019962
395	0.21019317
396	0.21020786
397	0.21022427
398	0.21023308
399	0.21023431
400	0.21022341
401	0.21020839
402	0.21021868
403	0.21022449
404	0.21022889
405	0.21021277
406	0.21022633
407	0.21022245
408	0.21022165
409	0.21021135
410	0.21022014
411	0.21021119
412	0.21022703
413	0.21022531
414	0.21022812
415	0.21021499
416	0.21021298
417	0.21022625
418	0.21021064
419	0.21020025
420	0.21021852
421	0.21021082
422	0.21020165
423	0.21020550
424	0.21020661
425	0.21023014
426	0.21022269
427	0.21021363
428	0.21020973
429	0.21021755
430	0.21021409
431	0.21022590
432	0.21022359
433	0.21021895
434	0.21022041
435	0.21021909
436	0.21021257
437	0.21021049
438	0.21021773
439	0.21021231
440	0.21021208
441	0.21019487
442	0.21022096
443	0.21021505
444	0.21020168
445	0.21021622
446	0.21022439
447	0.21023037
448	0.21020581
449	0.21021165
450	0.21020409
451	0.21021891
452	0.21022242
453	0.21023132
454	0.21022512
455	0.21022569
456	0.21023306
457	0.21021189
458	0.21022251
459	0.21022181
460	0.21020496
461	0.21020305
462	0.21020034
463	0.21021421
464	0.21022698
465	0.21020044
466	0.21022309
467	0.21021684
468	0.21019369
469	0.21021442
470	0.21021619
471	0.21020582
472	0.21021669
473	0.21022509
474	0.21022907
475	0.21023437
476	0.21022317
477	0.21021052
478	0.21021402
479	0.21020839
480	0.21020997
481	0.21019922
482	0.21021083
483	0.21021937
484	0.21020024
485	0.21020009
486	0.21019441
487	0.21019013
488	0.21020783
489	0.21020471
490	0.21022621
491	0.21019864
492	0.21021369
493	0.21020985
494	0.21021055
495	0.21021532
496	0.21021019
497	0.21021265
498	0.21020952
499	0.21021990
500	0.21020201
501	0.21019535
502	0.21020336
503	0.21020876
504	0.21020956
505	0.21021648
506	0.21022046
507	0.21020500
508	0.21021174
509	0.21019962
510	0.21019584
511	0.21020839
512	0.21019343
513	0.21021292
514	0.21020673
515	0.21020398
516	0.21019961
517	0.21020526
518	0.21021686
519	0.21021064
520	0.21019618
521	0.21020256
522	0.21017614
523	0.21018864
524	0.21019283
525	0.21021695
526	0.21020129
527	0.21022558
528	0.21020032
529	0.21020469
530	0.21021222
531	0.21019933
532	0.21019405
533	0.21019126
534	0.21019270
535	0.21020383
536	0.21020761
537	0.21020433
538	0.21020649
539	0.21022427
540	0.21018659
541	0.21020475
542	0.21020210
543	0.21019232
544	0.21020187
545	0.21020733
546	0.21018530
547	0.21020928
548	0.21019927
549	0.21019089
550	0.21021210
551	0.21020618
552	0.21018864
553	0.21021140
554	0.21020889
555	0.21021385
556	0.21020408
557	0.21020275
558	0.21020585
559	0.21020252
560	0.21019718
561	0.21021636
562	0.21021567
563	0.21019717
564	0.21020542
565	0.21018398
566	0.21018197
567	0.21018860
568	0.21019548
569	0.21019621
570	0.21018684
571	0.21018760
572	0.21018386
573	0.21018912
574	0.21021481
575	0.21020290
576	0.21021968
577	0.21021467
578	0.21019578
579	0.21020547
580	0.21019807
581	0.21019506
582	0.21019088
583	0.21020362
584	0.21019451
585	0.21018937
586	0.21018249
587	0.21018641
588	0.21020271
589	0.21020178
590	0.21019612
591	0.21021073
592	0.21019241
593	0.21021655
594	0.21018577
595	0.21021035
596	0.21021077
597	0.21019624
598	0.21021599
599	0.21020415
600	0.21019951