	C:\Users\jkuzm\OneDrive - University of Massachusetts\HRSL x UMILL-PUMA Fatigue - Fatigue\Data\F01\FR3_static1.c3d _ImpedanceExport
	RCAL1
	TARGET
	ORIGINAL
ITEM	Y
1	0.26844132
2	0.26842839
3	0.26842347
4	0.26840276
5	0.26841733
6	0.26839352
7	0.26840305
8	0.26840928
9	0.26841587
10	0.26842439
11	0.26844451
12	0.26842749
13	0.26844093
14	0.26845002
15	0.26843536
16	0.26844618
17	0.26843759
18	0.26846120
19	0.26845974
20	0.26846939
21	0.26845145
22	0.26845792
23	0.26847619
24	0.26847199
25	0.26847026
26	0.26848927
27	0.26849777
28	0.26850337
29	0.26851335
30	0.26851171
31	0.26852319
32	0.26852190
33	0.26852107
34	0.26853880
35	0.26856184
36	0.26856437
37	0.26854861
38	0.26857725
39	0.26857391
40	0.26858500
41	0.26859233
42	0.26861450
43	0.26863796
44	0.26864490
45	0.26863599
46	0.26863083
47	0.26868081
48	0.26866654
49	0.26866189
50	0.26869601
51	0.26872769
52	0.26870051
53	0.26872641
54	0.26871729
55	0.26873475
56	0.26876980
57	0.26876411
58	0.26878685
59	0.26880392
60	0.26878938
61	0.26880452
62	0.26882264
63	0.26882654
64	0.26881751
65	0.26882771
66	0.26882443
67	0.26882324
68	0.26883492
69	0.26886448
70	0.26886663
71	0.26884609
72	0.26886731
73	0.26887113
74	0.26887700
75	0.26886716
76	0.26886538
77	0.26888689
78	0.26889053
79	0.26890358
80	0.26890653
81	0.26890028
82	0.26890615
83	0.26891762
84	0.26891848
85	0.26889959
86	0.26890397
87	0.26892120
88	0.26889059
89	0.26890486
90	0.26892191
91	0.26889083
92	0.26890752
93	0.26889193
94	0.26889482
95	0.26890662
96	0.26891685
97	0.26889989
98	0.26890939
99	0.26891130
100	0.26890218
101	0.26891333
102	0.26890367
103	0.26891634
104	0.26892021
105	0.26892501
106	0.26893091
107	0.26891965
108	0.26892966
109	0.26894540
110	0.26893267
111	0.26894438
112	0.26895678
113	0.26894212
114	0.26896173
115	0.26895398
116	0.26896861
117	0.26896736
118	0.26897362
119	0.26899675
120	0.26896337
121	0.26897478
122	0.26897579
123	0.26897457
124	0.26898748
125	0.26900309
126	0.26898649
127	0.26896611
128	0.26898384
129	0.26899135
130	0.26899162
131	0.26899710
132	0.26897216
133	0.26899952
134	0.26900387
135	0.26903397
136	0.26903021
137	0.26901862
138	0.26903334
139	0.26905188
140	0.26902750
141	0.26904789
142	0.26903665
143	0.26902929
144	0.26904002
145	0.26903880
146	0.26905134
147	0.26904839
148	0.26904923
149	0.26906970
150	0.26905805
151	0.26906642
152	0.26905268
153	0.26906350
154	0.26906663
155	0.26906964
156	0.26907721
157	0.26908699
158	0.26908958
159	0.26909924
160	0.26908597
161	0.26907748
162	0.26908946
163	0.26909879
164	0.26910630
165	0.26909065
166	0.26910457
167	0.26909876
168	0.26912338
169	0.26912105
170	0.26914003
171	0.26912647
172	0.26912633
173	0.26911974
174	0.26912895
175	0.26916552
176	0.26913238
177	0.26914307
178	0.26913491
179	0.26915216
180	0.26915973
181	0.26913127
182	0.26916113
183	0.26915729
184	0.26914296
185	0.26917487
186	0.26916981
187	0.26914853
188	0.26917315
189	0.26917112
190	0.26918137
191	0.26918682
192	0.26919010
193	0.26919526
194	0.26918355
195	0.26919949
196	0.26919276
197	0.26919422
198	0.26919001
199	0.26921192
200	0.26921362
201	0.26921186
202	0.26918966
203	0.26921049
204	0.26923060
205	0.26923260
206	0.26923046
207	0.26922581
208	0.26922953
209	0.26926118
210	0.26925176
211	0.26926702
212	0.26927388
213	0.26926243
214	0.26927823
215	0.26928425
216	0.26927876
217	0.26929826
218	0.26929334
219	0.26928866
220	0.26931050
221	0.26930141
222	0.26929724
223	0.26930910
224	0.26930937
225	0.26930448
226	0.26933810
227	0.26932168
228	0.26935512
229	0.26935485
230	0.26936686
231	0.26937231
232	0.26936704
233	0.26937714
234	0.26939407
235	0.26938999
236	0.26941648
237	0.26940763
238	0.26941568
239	0.26941082
240	0.26945519
241	0.26944843
242	0.26945114
243	0.26943615
244	0.26946840
245	0.26945624
246	0.26946798
247	0.26948678
248	0.26948562
249	0.26948467
250	0.26948905
251	0.26948798
252	0.26952285
253	0.26951542
254	0.26953164
255	0.26951787
256	0.26956537
257	0.26955843
258	0.26956448
259	0.26959339
260	0.26958334
261	0.26957577
262	0.26960963
263	0.26960796
264	0.26965356
265	0.26963010
266	0.26966682
267	0.26967046
268	0.26966763
269	0.26966467
270	0.26966295
271	0.26968932
272	0.26967803
273	0.26968032
274	0.26966915
275	0.26968291
276	0.26968315
277	0.26966530
278	0.26968411
279	0.26969185
280	0.26968545
281	0.26966408
282	0.26968253
283	0.26966923
284	0.26969290
285	0.26966831
286	0.26967099
287	0.26970166
288	0.26971123
289	0.26969895
290	0.26970929
291	0.26970738
292	0.26972127
293	0.26971906
294	0.26972869
295	0.26973107
296	0.26974419
297	0.26972839
298	0.26974857
299	0.26975939
300	0.26976886
301	0.26979318
302	0.26979861
303	0.26979637
304	0.26980636
305	0.26981348
306	0.26982236
307	0.26981822
308	0.26982316
309	0.26982102
310	0.26983249
311	0.26982555
312	0.26983050
313	0.26984590
314	0.26984969
315	0.26983482
316	0.26984340
317	0.26982462
318	0.26984745
319	0.26985881
320	0.26984084
321	0.26984355
322	0.26982984
323	0.26985916
324	0.26982915
325	0.26983106
326	0.26981789
327	0.26982784
328	0.26983085
329	0.26981783
330	0.26985148
331	0.26987252
332	0.26985037
333	0.26986939
334	0.26984939
335	0.26984262
336	0.26984739
337	0.26985019
338	0.26984298
339	0.26986507
340	0.26986128
341	0.26986244
342	0.26985121
343	0.26986739
344	0.26986903
345	0.26987550
346	0.26988220
347	0.26986471
348	0.26986125
349	0.26987106
350	0.26989728
351	0.26990235
352	0.26988423
353	0.26988572
354	0.26988313
355	0.26989609
356	0.26989478
357	0.26990587
358	0.26989648
359	0.26989102
360	0.26990440
361	0.26992708
362	0.26993096
363	0.26990733
364	0.26991329
365	0.26989743
366	0.26990402
367	0.26989451
368	0.26988646
369	0.26988828
370	0.26991034
371	0.26989982
372	0.26991579
373	0.26991910
374	0.26992443
375	0.26992419
376	0.26991853
377	0.26993829
378	0.26993659
379	0.26993617
380	0.26994339
381	0.26994511
382	0.26994744
383	0.26995584
384	0.26996022
385	0.26996064
386	0.26994982
387	0.26996168
388	0.26995271
389	0.26993388
390	0.26995483
391	0.26995909
392	0.26995686
393	0.26995450
394	0.26994705
395	0.26992616
396	0.26994964
397	0.26993591
398	0.26995274
399	0.26993594
400	0.26993793
401	0.26994255
402	0.26993302
403	0.26993772
404	0.26993006
405	0.26989228
406	0.26989654
407	0.26988602
408	0.26988763
409	0.26986217
410	0.26985100
411	0.26983711
412	0.26981449
413	0.26982024
414	0.26980409
415	0.26980591
416	0.26978397
417	0.26978669
418	0.26977003
419	0.26976809
420	0.26976898
421	0.26972729
422	0.26974925
423	0.26973262
424	0.26973206
425	0.26969835
426	0.26971096
427	0.26971132
428	0.26971146
429	0.26970997
430	0.26971662
431	0.26969555
432	0.26969984
433	0.26971745
434	0.26970407
435	0.26971397
436	0.26971117
437	0.26969841
438	0.26971215
439	0.26971006
440	0.26970702
441	0.26971272
442	0.26970673
443	0.26970604
444	0.26970944
445	0.26971102
446	0.26972476
447	0.26971313
448	0.26969951
449	0.26971465
450	0.26971346
451	0.26970947
452	0.26972935
453	0.26972076
454	0.26970127
455	0.26973110
456	0.26973909
457	0.26973709
458	0.26975369
459	0.26973107
460	0.26975027
461	0.26974928
462	0.26972508
463	0.26973513
464	0.26975149
465	0.26973417
466	0.26973626
467	0.26974303
468	0.26971349
469	0.26972425
470	0.26972771
471	0.26973996
472	0.26972303
473	0.26970214
474	0.26973844
475	0.26971456
476	0.26972058
477	0.26973742
478	0.26973754
479	0.26972955
480	0.26972625
481	0.26972851
482	0.26973182
483	0.26974237
484	0.26971126
485	0.26972795
486	0.26973853
487	0.26972803
488	0.26974040
489	0.26974595
490	0.26975095
491	0.26974559
492	0.26975840
493	0.26975238
494	0.26973909
495	0.26972699
496	0.26975173
497	0.26974401
498	0.26975113
499	0.26974031
500	0.26976630
501	0.26973867
502	0.26971966
503	0.26973206
504	0.26974031
505	0.26971945
506	0.26972407
507	0.26971820
508	0.26968908
509	0.26971051
510	0.26969656
511	0.26968625
512	0.26969141
513	0.26969594
514	0.26967007
515	0.26969159
516	0.26965359
517	0.26964974
518	0.26965219
519	0.26964670
520	0.26966918
521	0.26964170
522	0.26963016
523	0.26962531
524	0.26962042
525	0.26959631
526	0.26959470
527	0.26959035
528	0.26958317
529	0.26959160
530	0.26959687
531	0.26959649
532	0.26959518
533	0.26958123
534	0.26957700
535	0.26957691
536	0.26958007
537	0.26955897
538	0.26955950
539	0.26956668
540	0.26955664
541	0.26954052
542	0.26954326
543	0.26954448
544	0.26952532
545	0.26951620
546	0.26953462
547	0.26953393
548	0.26950771
549	0.26950526
550	0.26951051
551	0.26951346
552	0.26950440
553	0.26950762
554	0.26950610
555	0.26948053
556	0.26947510
557	0.26947981
558	0.26949072
559	0.26949945
560	0.26949039
561	0.26948169
562	0.26947486
563	0.26948509
564	0.26947233
565	0.26946923
566	0.26949060
567	0.26949254
568	0.26949176
569	0.26950064
570	0.26948762
571	0.26951364
572	0.26953223
573	0.26952842
574	0.26954129
575	0.26954338
576	0.26955575
577	0.26954529
578	0.26956159
579	0.26954350
580	0.26955399
581	0.26955286
582	0.26954442
583	0.26954418
584	0.26952738
585	0.26953268
586	0.26954347
587	0.26951703
588	0.26951712
589	0.26952416
590	0.26951072
591	0.26951104
592	0.26949668
593	0.26950499
594	0.26947817
595	0.26946819
596	0.26945320
597	0.26945147
598	0.26943067
599	0.26944876
600	0.26945540