	C:\Users\jkuzm\OneDrive - University of Massachusetts\HRSL x UMILL-PUMA Fatigue - Fatigue\Data\F01\FR3_static1.c3d _ImpedanceExport
	RCAL1
	TARGET
	ORIGINAL
ITEM	X
1	0.42898527
2	0.42897949
3	0.42900774
4	0.42898551
5	0.42899427
6	0.42898226
7	0.42898738
8	0.42898843
9	0.42899609
10	0.42898801
11	0.42898428
12	0.42900214
13	0.42902723
14	0.42900175
15	0.42897940
16	0.42899111
17	0.42898786
18	0.42900866
19	0.42899820
20	0.42901039
21	0.42898479
22	0.42900932
23	0.42902306
24	0.42900038
25	0.42902106
26	0.42902520
27	0.42901850
28	0.42902929
29	0.42902118
30	0.42902720
31	0.42903286
32	0.42901745
33	0.42903069
34	0.42902905
35	0.42905033
36	0.42901933
37	0.42901760
38	0.42906937
39	0.42902166
40	0.42901826
41	0.42903855
42	0.42903322
43	0.42899504
44	0.42900708
45	0.42903906
46	0.42904273
47	0.42902625
48	0.42904198
49	0.42904043
50	0.42903179
51	0.42903396
52	0.42902288
53	0.42902455
54	0.42901301
55	0.42900959
56	0.42903274
57	0.42901069
58	0.42899832
59	0.42901334
60	0.42899010
61	0.42900389
62	0.42899513
63	0.42901713
64	0.42899993
65	0.42901430
66	0.42899579
67	0.42899615
68	0.42897519
69	0.42898470
70	0.42899752
71	0.42897534
72	0.42898715
73	0.42898244
74	0.42896011
75	0.42899325
76	0.42896006
77	0.42896414
78	0.42897761
79	0.42896014
80	0.42895728
81	0.42897567
82	0.42896393
83	0.42896199
84	0.42896894
85	0.42898011
86	0.42897069
87	0.42896634
88	0.42895758
89	0.42899087
90	0.42896909
91	0.42897078
92	0.42897746
93	0.42898977
94	0.42898163
95	0.42898294
96	0.42899799
97	0.42898694
98	0.42899120
99	0.42900416
100	0.42898870
101	0.42898530
102	0.42898971
103	0.42897233
104	0.42898136
105	0.42897272
106	0.42896900
107	0.42896649
108	0.42898205
109	0.42899546
110	0.42899814
111	0.42900831
112	0.42897955
113	0.42897475
114	0.42899150
115	0.42898473
116	0.42899698
117	0.42899165
118	0.42898884
119	0.42900380
120	0.42898688
121	0.42898867
122	0.42899558
123	0.42899209
124	0.42898858
125	0.42899111
126	0.42898962
127	0.42899004
128	0.42897925
129	0.42900047
130	0.42898217
131	0.42900610
132	0.42898843
133	0.42897573
134	0.42896333
135	0.42898434
136	0.42898789
137	0.42899224
138	0.42898622
139	0.42899445
140	0.42898512
141	0.42898712
142	0.42898116
143	0.42898226
144	0.42899722
145	0.42898399
146	0.42898360
147	0.42896307
148	0.42897263
149	0.42898086
150	0.42896292
151	0.42895845
152	0.42895931
153	0.42894953
154	0.42896217
155	0.42895386
156	0.42894831
157	0.42895377
158	0.42893821
159	0.42894995
160	0.42895502
161	0.42896521
162	0.42894778
163	0.42896426
164	0.42894816
165	0.42896160
166	0.42895612
167	0.42895862
168	0.42896163
169	0.42896608
170	0.42894036
171	0.42893335
172	0.42892089
173	0.42892641
174	0.42891622
175	0.42891288
176	0.42890999
177	0.42890885
178	0.42890504
179	0.42890871
180	0.42891121
181	0.42889392
182	0.42891735
183	0.42891720
184	0.42889258
185	0.42889825
186	0.42889985
187	0.42890337
188	0.42890432
189	0.42891231
190	0.42890438
191	0.42888385
192	0.42889205
193	0.42890209
194	0.42888424
195	0.42889515
196	0.42887455
197	0.42889866
198	0.42887908
199	0.42887416
200	0.42887720
201	0.42887920
202	0.42887822
203	0.42889488
204	0.42890257
205	0.42889097
206	0.42889428
207	0.42889908
208	0.42888615
209	0.42889139
210	0.42888650
211	0.42887542
212	0.42889735
213	0.42888266
214	0.42888457
215	0.42890105
216	0.42888817
217	0.42888555
218	0.42889464
219	0.42888695
220	0.42890003
221	0.42890763
222	0.42889807
223	0.42891413
224	0.42891786
225	0.42889509
226	0.42889914
227	0.42888984
228	0.42890036
229	0.42886615
230	0.42887938
231	0.42886677
232	0.42888057
233	0.42885801
234	0.42887020
235	0.42887607
236	0.42885688
237	0.42887074
238	0.42887327
239	0.42888510
240	0.42888105
241	0.42889771
242	0.42888325
243	0.42888260
244	0.42887300
245	0.42884967
246	0.42887327
247	0.42881888
248	0.42885321
249	0.42882240
250	0.42882398
251	0.42883831
252	0.42882544
253	0.42882729
254	0.42881894
255	0.42884097
256	0.42882526
257	0.42881134
258	0.42881805
259	0.42881066
260	0.42881426
261	0.42879653
262	0.42881730
263	0.42882049
264	0.42881584
265	0.42882183
266	0.42883462
267	0.42880362
268	0.42877638
269	0.42879954
270	0.42881694
271	0.42881569
272	0.42880529
273	0.42880073
274	0.42883292
275	0.42880595
276	0.42876336
277	0.42882699
278	0.42878923
279	0.42877924
280	0.42883092
281	0.42883298
282	0.42881715
283	0.42882958
284	0.42877954
285	0.42881930
286	0.42879409
287	0.42879647
288	0.42881706
289	0.42878500
290	0.42879531
291	0.42878315
292	0.42878929
293	0.42879203
294	0.42877010
295	0.42875177
296	0.42876211
297	0.42876804
298	0.42876571
299	0.42877606
300	0.42874667
301	0.42875773
302	0.42878291
303	0.42877743
304	0.42878103
305	0.42877683
306	0.42876628
307	0.42877591
308	0.42878145
309	0.42877290
310	0.42878366
311	0.42878169
312	0.42877850
313	0.42877337
314	0.42877069
315	0.42878288
316	0.42878199
317	0.42875645
318	0.42879185
319	0.42880651
320	0.42879936
321	0.42880359
322	0.42880854
323	0.42880636
324	0.42880094
325	0.42880458
326	0.42879581
327	0.42880580
328	0.42880917
329	0.42881697
330	0.42880866
331	0.42879671
332	0.42882574
333	0.42880529
334	0.42880589
335	0.42877561
336	0.42878303
337	0.42876184
338	0.42878917
339	0.42880097
340	0.42878389
341	0.42879295
342	0.42880249
343	0.42881444
344	0.42880788
345	0.42880952
346	0.42883536
347	0.42882961
348	0.42882842
349	0.42881531
350	0.42883649
351	0.42885271
352	0.42886069
353	0.42883122
354	0.42886350
355	0.42885244
356	0.42882532
357	0.42884135
358	0.42885971
359	0.42886573
360	0.42886975
361	0.42885330
362	0.42886594
363	0.42887217
364	0.42886591
365	0.42886382
366	0.42885506
367	0.42885572
368	0.42884764
369	0.42884591
370	0.42885688
371	0.42884025
372	0.42884913
373	0.42883775
374	0.42884454
375	0.42882118
376	0.42883426
377	0.42882437
378	0.42881387
379	0.42883402
380	0.42882395
381	0.42882740
382	0.42880720
383	0.42882067
384	0.42880765
385	0.42882225
386	0.42880729
387	0.42882794
388	0.42880899
389	0.42880988
390	0.42879891
391	0.42882881
392	0.42880630
393	0.42880666
394	0.42881325
395	0.42882875
396	0.42880464
397	0.42879245
398	0.42878982
399	0.42879412
400	0.42877549
401	0.42880785
402	0.42878908
403	0.42881536
404	0.42881450
405	0.42879087
406	0.42880538
407	0.42878890
408	0.42878798
409	0.42879516
410	0.42878288
411	0.42878294
412	0.42878091
413	0.42877865
414	0.42877933
415	0.42879698
416	0.42876676
417	0.42874610
418	0.42875743
419	0.42873445
420	0.42875534
421	0.42872527
422	0.42874596
423	0.42873245
424	0.42873341
425	0.42872611
426	0.42871568
427	0.42875066
428	0.42872393
429	0.42878538
430	0.42873466
431	0.42877159
432	0.42877764
433	0.42875260
434	0.42875746
435	0.42880020
436	0.42875379
437	0.42880416
438	0.42878854
439	0.42881286
440	0.42880851
441	0.42881414
442	0.42881116
443	0.42878526
444	0.42880547
445	0.42883009
446	0.42883036
447	0.42877722
448	0.42881358
449	0.42879319
450	0.42881197
451	0.42878872
452	0.42879432
453	0.42880231
454	0.42884177
455	0.42879736
456	0.42881590
457	0.42879769
458	0.42879248
459	0.42877850
460	0.42877889
461	0.42880911
462	0.42882574
463	0.42878929
464	0.42880359
465	0.42880934
466	0.42879137
467	0.42879075
468	0.42880020
469	0.42880657
470	0.42881405
471	0.42880231
472	0.42879742
473	0.42882466
474	0.42884973
475	0.42885298
476	0.42880285
477	0.42882556
478	0.42882392
479	0.42883623
480	0.42882538
481	0.42882195
482	0.42885020
483	0.42888859
484	0.42884809
485	0.42884964
486	0.42889601
487	0.42885971
488	0.42888638
489	0.42883912
490	0.42882240
491	0.42882895
492	0.42884299
493	0.42888245
494	0.42884547
495	0.42886245
496	0.42884117
497	0.42887485
498	0.42884472
499	0.42883253
500	0.42884925
501	0.42886448
502	0.42886853
503	0.42884719
504	0.42884120
505	0.42886648
506	0.42883319
507	0.42880622
508	0.42882434
509	0.42884216
510	0.42883131
511	0.42883345
512	0.42884842
513	0.42884949
514	0.42885411
515	0.42887187
516	0.42885411
517	0.42884433
518	0.42883301
519	0.42883030
520	0.42882490
521	0.42886052
522	0.42883769
523	0.42882401
524	0.42884061
525	0.42883512
526	0.42882013
527	0.42884111
528	0.42881677
529	0.42882121
530	0.42881972
531	0.42881608
532	0.42881128
533	0.42882538
534	0.42883769
535	0.42881286
536	0.42881715
537	0.42879122
538	0.42881599
539	0.42882380
540	0.42881885
541	0.42883018
542	0.42881107
543	0.42880511
544	0.42881528
545	0.42882842
546	0.42882201
547	0.42881349
548	0.42879805
549	0.42880973
550	0.42882794
551	0.42882594
552	0.42883229
553	0.42881089
554	0.42882544
555	0.42882177
556	0.42882243
557	0.42882040
558	0.42883867
559	0.42884657
560	0.42882976
561	0.42883977
562	0.42884511
563	0.42885110
564	0.42883113
565	0.42882913
566	0.42882243
567	0.42882392
568	0.42882565
569	0.42882484
570	0.42880529
571	0.42881647
572	0.42881721
573	0.42883003
574	0.42883983
575	0.42886165
576	0.42883828
577	0.42885444
578	0.42885911
579	0.42885086
580	0.42885342
581	0.42885110
582	0.42885560
583	0.42887050
584	0.42884102
585	0.42884290
586	0.42884007
587	0.42885616
588	0.42884320
589	0.42883277
590	0.42884007
591	0.42883500
592	0.42882925
593	0.42883161
594	0.42884177
595	0.42883649
596	0.42884818
597	0.42883593
598	0.42884913
599	0.42885026
600	0.42887160