	C:\Users\jkuzm\OneDrive - University of Massachusetts\HRSL x UMILL-PUMA Fatigue - Fatigue\Data\F01\FR3_static1.c3d _ImpedanceExport
	RMT5H
	TARGET
	ORIGINAL
ITEM	X
1	0.51187301
2	0.51187629
3	0.51187468
4	0.51187152
5	0.51193446
6	0.51191658
7	0.51193511
8	0.51194125
9	0.51193875
10	0.51193535
11	0.51194233
12	0.51194400
13	0.51193970
14	0.51195294
15	0.51196837
16	0.51195246
17	0.51195037
18	0.51194918
19	0.51197189
20	0.51197660
21	0.51196814
22	0.51196361
23	0.51198405
24	0.51198429
25	0.51198572
26	0.51198071
27	0.51198590
28	0.51199824
29	0.51197195
30	0.51200342
31	0.51200503
32	0.51198781
33	0.51200062
34	0.51199692
35	0.51199591
36	0.51199645
37	0.51200259
38	0.51199716
39	0.51199067
40	0.51199055
41	0.51199192
42	0.51198548
43	0.51199228
44	0.51199794
45	0.51197976
46	0.51200342
47	0.51199484
48	0.51199460
49	0.51200533
50	0.51200324
51	0.51200294
52	0.51201618
53	0.51199961
54	0.51201844
55	0.51199841
56	0.51200694
57	0.51201981
58	0.51201582
59	0.51201355
60	0.51202190
61	0.51202130
62	0.51201522
63	0.51201928
64	0.51202762
65	0.51201832
66	0.51202464
67	0.51200503
68	0.51200294
69	0.51201349
70	0.51202279
71	0.51201868
72	0.51201487
73	0.51203221
74	0.51201785
75	0.51203108
76	0.51201344
77	0.51201898
78	0.51203394
79	0.51202798
80	0.51202548
81	0.51202005
82	0.51203555
83	0.51203769
84	0.51202220
85	0.51201963
86	0.51202935
87	0.51201671
88	0.51202303
89	0.51200712
90	0.51201630
91	0.51203024
92	0.51201797
93	0.51203048
94	0.51202494
95	0.51201689
96	0.51203269
97	0.51204026
98	0.51204091
99	0.51202369
100	0.51202750
101	0.51201802
102	0.51202404
103	0.51202184
104	0.51201838
105	0.51202285
106	0.51203448
107	0.51202530
108	0.51201838
109	0.51203144
110	0.51202053
111	0.51202714
112	0.51202857
113	0.51202565
114	0.51201487
115	0.51203805
116	0.51203203
117	0.51202923
118	0.51205087
119	0.51203716
120	0.51203245
121	0.51203030
122	0.51204324
123	0.51203841
124	0.51202941
125	0.51202428
126	0.51204783
127	0.51204509
128	0.51204598
129	0.51204252
130	0.51204383
131	0.51204741
132	0.51204437
133	0.51204604
134	0.51203662
135	0.51203650
136	0.51203305
137	0.51205540
138	0.51203507
139	0.51204574
140	0.51205963
141	0.51203901
142	0.51204181
143	0.51203543
144	0.51204008
145	0.51203001
146	0.51203966
147	0.51204753
148	0.51204103
149	0.51203394
150	0.51203537
151	0.51204270
152	0.51204783
153	0.51203024
154	0.51205236
155	0.51201808
156	0.51204163
157	0.51205325
158	0.51203239
159	0.51205492
160	0.51205176
161	0.51204067
162	0.51205742
163	0.51206738
164	0.51204789
165	0.51204878
166	0.51205045
167	0.51204890
168	0.51204389
169	0.51204443
170	0.51205254
171	0.51205796
172	0.51203752
173	0.51204115
174	0.51203108
175	0.51204211
176	0.51202708
177	0.51202565
178	0.51203120
179	0.51203239
180	0.51201230
181	0.51204741
182	0.51203001
183	0.51202381
184	0.51203591
185	0.51204532
186	0.51204276
187	0.51204425
188	0.51202089
189	0.51203912
190	0.51202118
191	0.51201230
192	0.51201808
193	0.51203215
194	0.51203573
195	0.51202327
196	0.51202351
197	0.51202077
198	0.51201862
199	0.51201582
200	0.51202911
201	0.51211309
202	0.51201993
203	0.51202053
204	0.51208460
205	0.51207799
206	0.51209760
207	0.51203036
208	0.51202196
209	0.51210845
210	0.51202351
211	0.51203239
212	0.51202959
213	0.51209986
214	0.51211292
215	0.51209950
216	0.51211202
217	0.51210976
218	0.51214027
219	0.51212353
220	0.51211107
221	0.51210684
222	0.51212120
223	0.51204389
224	0.51210862
225	0.51212066
226	0.51211119
227	0.51211959
228	0.51211256
229	0.51211673
230	0.51210988
231	0.51211488
232	0.51210207
233	0.51210070
234	0.51210523
235	0.51211685
236	0.51210850
237	0.51212955
238	0.51211333
239	0.51213080
240	0.51212382
241	0.51213515
242	0.51210940
243	0.51211292
244	0.51213473
245	0.51213330
246	0.51212454
247	0.51212096
248	0.51213849
249	0.51211661
250	0.51211601
251	0.51212460
252	0.51212102
253	0.51213408
254	0.51211888
255	0.51212788
256	0.51211685
257	0.51211351
258	0.51212603
259	0.51209825
260	0.51210964
261	0.51210588
262	0.51210284
263	0.51209372
264	0.51210481
265	0.51211154
266	0.51211190
267	0.51211226
268	0.51211840
269	0.51211315
270	0.51211429
271	0.51211172
272	0.51210290
273	0.51210982
274	0.51210064
275	0.51211792
276	0.51211560
277	0.51212943
278	0.51211190
279	0.51211435
280	0.51210481
281	0.51210093
282	0.51210964
283	0.51212054
284	0.51212716
285	0.51212478
286	0.51211578
287	0.51208496
288	0.51211870
289	0.51211309
290	0.51211739
291	0.51210624
292	0.51211971
293	0.51210243
294	0.51210582
295	0.51209849
296	0.51210600
297	0.51209354
298	0.51210147
299	0.51210368
300	0.51209784
301	0.51208419
302	0.51208717
303	0.51208562
304	0.51211482
305	0.51209342
306	0.51208723
307	0.51209426
308	0.51207936
309	0.51208627
310	0.51208067
311	0.51208234
312	0.51208466
313	0.51208693
314	0.51208413
315	0.51207376
316	0.51208210
317	0.51208121
318	0.51207983
319	0.51210105
320	0.51210862
321	0.51208854
322	0.51209641
323	0.51208889
324	0.51207018
325	0.51208055
326	0.51208717
327	0.51209468
328	0.51208138
329	0.51208752
330	0.51208019
331	0.51208866
332	0.51210034
333	0.51208973
334	0.51209068
335	0.51209331
336	0.51209646
337	0.51208228
338	0.51207024
339	0.51209933
340	0.51209372
341	0.51207846
342	0.51207680
343	0.51209825
344	0.51209319
345	0.51210719
346	0.51208991
347	0.51209998
348	0.51207697
349	0.51210177
350	0.51207006
351	0.51209962
352	0.51209408
353	0.51209223
354	0.51211584
355	0.51208639
356	0.51210529
357	0.51210028
358	0.51207882
359	0.51210564
360	0.51209962
361	0.51209921
362	0.51210701
363	0.51211774
364	0.51211053
365	0.51212424
366	0.51212800
367	0.51213688
368	0.51211953
369	0.51212502
370	0.51212794
371	0.51212507
372	0.51212370
373	0.51209217
374	0.51210803
375	0.51210994
376	0.51210529
377	0.51210845
378	0.51210684
379	0.51210356
380	0.51209885
381	0.51210576
382	0.51210690
383	0.51210529
384	0.51211429
385	0.51211613
386	0.51212943
387	0.51210994
388	0.51211679
389	0.51211202
390	0.51211494
391	0.51211119
392	0.51210785
393	0.51210946
394	0.51211125
395	0.51211590
396	0.51210886
397	0.51211941
398	0.51211727
399	0.51210898
400	0.51212460
401	0.51210475
402	0.51212323
403	0.51211333
404	0.51212013
405	0.51212078
406	0.51213431
407	0.51210880
408	0.51211506
409	0.51212049
410	0.51211184
411	0.51210696
412	0.51210636
413	0.51211369
414	0.51210719
415	0.51209730
416	0.51208830
417	0.51210767
418	0.51208752
419	0.51208383
420	0.51209641
421	0.51208144
422	0.51210803
423	0.51209491
424	0.51207781
425	0.51210177
426	0.51209426
427	0.51208979
428	0.51207072
429	0.51207286
430	0.51206684
431	0.51206690
432	0.51206768
433	0.51206827
434	0.51208007
435	0.51209205
436	0.51208442
437	0.51210028
438	0.51210946
439	0.51210105
440	0.51210004
441	0.51210541
442	0.51209998
443	0.51209551
444	0.51210129
445	0.51210207
446	0.51209527
447	0.51209009
448	0.51209062
449	0.51207578
450	0.51208103
451	0.51209241
452	0.51210165
453	0.51211154
454	0.51209199
455	0.51210946
456	0.51210600
457	0.51208955
458	0.51210463
459	0.51207942
460	0.51211125
461	0.51209003
462	0.51210928
463	0.51209897
464	0.51209766
465	0.51209027
466	0.51208419
467	0.51208997
468	0.51210654
469	0.51210791
470	0.51210231
471	0.51209563
472	0.51210278
473	0.51210183
474	0.51210594
475	0.51210964
476	0.51209998
477	0.51211631
478	0.51211220
479	0.51209408
480	0.51211721
481	0.51210219
482	0.51211518
483	0.51209962
484	0.51211137
485	0.51212436
486	0.51211762
487	0.51210529
488	0.51212293
489	0.51212227
490	0.51211715
491	0.51210225
492	0.51210541
493	0.51210290
494	0.51210129
495	0.51210594
496	0.51212144
497	0.51210839
498	0.51211232
499	0.51210195
500	0.51212770
501	0.51211715
502	0.51211554
503	0.51211733
504	0.51212066
505	0.51210773
506	0.51211971
507	0.51211125
508	0.51210314
509	0.51209295
510	0.51208901
511	0.51210117
512	0.51211703
513	0.51211357
514	0.51211554
515	0.51212180
516	0.51211411
517	0.51209581
518	0.51209241
519	0.51211137
520	0.51211619
521	0.51209629
522	0.51209360
523	0.51211226
524	0.51210362
525	0.51210880
526	0.51210141
527	0.51211524
528	0.51208770
529	0.51209623
530	0.51210177
531	0.51210409
532	0.51210481
533	0.51207477
534	0.51208907
535	0.51210219
536	0.51209027
537	0.51208448
538	0.51208645
539	0.51209748
540	0.51209331
541	0.51208317
542	0.51207006
543	0.51207680
544	0.51207793
545	0.51206815
546	0.51208359
547	0.51209021
548	0.51208276
549	0.51208371
550	0.51206601
551	0.51207972
552	0.51207352
553	0.51209301
554	0.51210678
555	0.51211101
556	0.51209557
557	0.51210207
558	0.51209021
559	0.51209104
560	0.51211423
561	0.51209658
562	0.51210743
563	0.51209873
564	0.51209146
565	0.51207942
566	0.51210493
567	0.51208186
568	0.51207876
569	0.51208901
570	0.51209164
571	0.51210290
572	0.51209778
573	0.51207143
574	0.51208675
575	0.51209593
576	0.51209015
577	0.51210701
578	0.51209956
579	0.51208639
580	0.51208162
581	0.51209170
582	0.51209068
583	0.51209450
584	0.51209623
585	0.51208979
586	0.51209140
587	0.51209152
588	0.51210004
589	0.51209790
590	0.51208150
591	0.51210606
592	0.51210070
593	0.51210612
594	0.51210892
595	0.51212633
596	0.51212442
597	0.51212907
598	0.51212096
599	0.51210982
600	0.51210201