	C:\Users\jkuzm\OneDrive - University of Massachusetts\HRSL x UMILL-PUMA Fatigue - Fatigue\Data\F01\FR3_static1.c3d _ImpedanceExport
	LCAL2
	TARGET
	ORIGINAL
ITEM	Y
1	0.27632990
2	0.27633128
3	0.27632576
4	0.27630922
5	0.27629498
6	0.27630466
7	0.27630517
8	0.27633303
9	0.27631691
10	0.27630830
11	0.27630746
12	0.27634174
13	0.27628973
14	0.27630970
15	0.27632186
16	0.27632883
17	0.27631903
18	0.27634618
19	0.27636257
20	0.27635157
21	0.27635720
22	0.27634415
23	0.27634808
24	0.27636382
25	0.27633712
26	0.27636662
27	0.27634513
28	0.27633810
29	0.27636433
30	0.27638119
31	0.27639252
32	0.27638784
33	0.27642617
34	0.27641830
35	0.27638420
36	0.27642614
37	0.27640539
38	0.27639237
39	0.27637836
40	0.27641436
41	0.27642122
42	0.27643991
43	0.27645320
44	0.27641925
45	0.27644011
46	0.27646846
47	0.27647960
48	0.27647054
49	0.27645296
50	0.27648085
51	0.27649376
52	0.27651793
53	0.27652535
54	0.27650750
55	0.27652851
56	0.27651766
57	0.27650115
58	0.27654114
59	0.27653241
60	0.27652544
61	0.27653083
62	0.27655396
63	0.27656215
64	0.27657354
65	0.27655494
66	0.27655637
67	0.27657661
68	0.27652779
69	0.27652922
70	0.27656305
71	0.27656284
72	0.27653790
73	0.27654094
74	0.27660042
75	0.27660871
76	0.27660158
77	0.27659097
78	0.27657554
79	0.27656943
80	0.27654552
81	0.27658644
82	0.27657387
83	0.27659872
84	0.27658904
85	0.27659157
86	0.27659091
87	0.27659336
88	0.27657849
89	0.27657542
90	0.27657619
91	0.27655262
92	0.27657169
93	0.27658105
94	0.27659690
95	0.27663472
96	0.27658260
97	0.27662045
98	0.27662799
99	0.27660170
100	0.27661285
101	0.27660456
102	0.27658737
103	0.27659854
104	0.27659220
105	0.27658564
106	0.27660021
107	0.27657139
108	0.27659407
109	0.27662995
110	0.27660736
111	0.27660117
112	0.27660421
113	0.27658948
114	0.27660096
115	0.27656898
116	0.27659279
117	0.27658695
118	0.27659932
119	0.27659583
120	0.27662161
121	0.27662361
122	0.27659631
123	0.27660388
124	0.27660391
125	0.27658820
126	0.27660635
127	0.27658781
128	0.27658951
129	0.27660567
130	0.27664259
131	0.27661186
132	0.27659208
133	0.27662790
134	0.27663884
135	0.27662987
136	0.27662221
137	0.27661490
138	0.27660185
139	0.27663416
140	0.27660224
141	0.27661055
142	0.27664211
143	0.27662542
144	0.27665058
145	0.27663785
146	0.27659002
147	0.27663454
148	0.27659154
149	0.27664509
150	0.27660960
151	0.27664208
152	0.27663365
153	0.27662811
154	0.27664894
155	0.27662623
156	0.27661145
157	0.27659217
158	0.27660513
159	0.27662596
160	0.27662233
161	0.27661502
162	0.27665520
163	0.27663112
164	0.27663752
165	0.27666909
166	0.27661809
167	0.27662617
168	0.27664343
169	0.27663836
170	0.27660698
171	0.27667129
172	0.27662233
173	0.27665073
174	0.27666438
175	0.27664527
176	0.27662870
177	0.27666134
178	0.27664316
179	0.27664462
180	0.27664313
181	0.27662301
182	0.27664512
183	0.27666020
184	0.27664331
185	0.27665389
186	0.27666330
187	0.27663782
188	0.27663028
189	0.27665961
190	0.27665439
191	0.27663380
192	0.27663365
193	0.27667201
194	0.27663070
195	0.27666751
196	0.27665138
197	0.27666065
198	0.27668130
199	0.27669674
200	0.27665347
201	0.27665552
202	0.27664441
203	0.27666822
204	0.27665353
205	0.27666280
206	0.27667505
207	0.27666563
208	0.27667004
209	0.27667722
210	0.27668765
211	0.27667633
212	0.27668369
213	0.27666983
214	0.27666202
215	0.27668449
216	0.27670380
217	0.27668807
218	0.27667060
219	0.27667716
220	0.27670395
221	0.27671802
222	0.27669793
223	0.27668479
224	0.27666554
225	0.27669722
226	0.27670857
227	0.27670616
228	0.27670664
229	0.27669230
230	0.27673241
231	0.27673560
232	0.27672070
233	0.27672464
234	0.27672425
235	0.27673846
236	0.27669919
237	0.27671370
238	0.27673286
239	0.27673522
240	0.27674618
241	0.27675185
242	0.27676368
243	0.27673844
244	0.27673763
245	0.27675834
246	0.27671707
247	0.27672067
248	0.27673927
249	0.27673593
250	0.27676299
251	0.27675605
252	0.27678594
253	0.27676094
254	0.27676159
255	0.27676028
256	0.27678132
257	0.27675065
258	0.27676004
259	0.27675435
260	0.27675554
261	0.27677453
262	0.27677622
263	0.27680224
264	0.27680668
265	0.27680811
266	0.27678844
267	0.27679923
268	0.27677479
269	0.27678841
270	0.27679142
271	0.27677375
272	0.27682218
273	0.27677557
274	0.27680743
275	0.27681318
276	0.27681309
277	0.27681437
278	0.27676418
279	0.27679861
280	0.27679262
281	0.27680427
282	0.27680272
283	0.27679679
284	0.27682674
285	0.27683622
286	0.27684075
287	0.27684423
288	0.27683312
289	0.27683717
290	0.27684838
291	0.27685034
292	0.27684250
293	0.27684069
294	0.27686304
295	0.27684164
296	0.27685443
297	0.27685350
298	0.27683577
299	0.27686411
300	0.27687624
301	0.27687889
302	0.27685481
303	0.27687144
304	0.27685389
305	0.27685043
306	0.27686021
307	0.27687272
308	0.27687964
309	0.27687031
310	0.27688214
311	0.27687299
312	0.27689660
313	0.27686325
314	0.27686310
315	0.27689826
316	0.27686238
317	0.27688292
318	0.27689818
319	0.27686107
320	0.27687830
321	0.27686226
322	0.27687320
323	0.27686697
324	0.27687493
325	0.27683568
326	0.27685985
327	0.27684730
328	0.27684987
329	0.27686656
330	0.27687770
331	0.27689439
332	0.27686107
333	0.27685252
334	0.27685180
335	0.27685460
336	0.27686805
337	0.27687809
338	0.27688488
339	0.27685204
340	0.27687839
341	0.27685699
342	0.27688119
343	0.27689192
344	0.27688751
345	0.27687120
346	0.27687186
347	0.27687576
348	0.27687606
349	0.27690724
350	0.27689964
351	0.27688870
352	0.27690288
353	0.27691483
354	0.27688375
355	0.27689123
356	0.27690139
357	0.27693102
358	0.27689716
359	0.27691793
360	0.27693790
361	0.27693754
362	0.27692726
363	0.27691534
364	0.27692556
365	0.27694640
366	0.27690631
367	0.27692533
368	0.27689594
369	0.27693152
370	0.27693290
371	0.27691627
372	0.27692744
373	0.27694824
374	0.27694091
375	0.27694339
376	0.27693042
377	0.27692178
378	0.27696544
379	0.27693409
380	0.27693447
381	0.27688947
382	0.27694446
383	0.27697921
384	0.27697614
385	0.27692181
386	0.27695847
387	0.27695471
388	0.27692562
389	0.27695751
390	0.27693096
391	0.27693886
392	0.27695283
393	0.27694854
394	0.27694181
395	0.27697617
396	0.27695546
397	0.27693129
398	0.27695817
399	0.27694604
400	0.27692434
401	0.27689418
402	0.27691633
403	0.27691057
404	0.27693093
405	0.27693346
406	0.27691740
407	0.27690291
408	0.27690834
409	0.27689722
410	0.27691123
411	0.27684683
412	0.27684784
413	0.27687722
414	0.27687547
415	0.27685949
416	0.27685592
417	0.27690640
418	0.27686125
419	0.27685955
420	0.27686498
421	0.27684781
422	0.27682874
423	0.27684888
424	0.27681288
425	0.27680209
426	0.27681392
427	0.27682048
428	0.27682006
429	0.27682006
430	0.27679786
431	0.27679351
432	0.27678910
433	0.27679920
434	0.27680001
435	0.27682105
436	0.27682254
437	0.27679902
438	0.27680328
439	0.27679497
440	0.27678779
441	0.27682903
442	0.27681324
443	0.27681798
444	0.27680147
445	0.27679428
446	0.27683309
447	0.27682135
448	0.27680877
449	0.27683067
450	0.27680951
451	0.27680576
452	0.27680585
453	0.27683458
454	0.27680314
455	0.27679113
456	0.27681687
457	0.27682739
458	0.27679288
459	0.27680475
460	0.27680862
461	0.27679983
462	0.27679875
463	0.27679631
464	0.27681708
465	0.27677864
466	0.27679339
467	0.27678287
468	0.27678680
469	0.27679372
470	0.27681687
471	0.27680483
472	0.27680323
473	0.27679938
474	0.27681351
475	0.27681199
476	0.27678296
477	0.27678770
478	0.27678671
479	0.27676341
480	0.27678803
481	0.27679408
482	0.27679536
483	0.27681419
484	0.27681121
485	0.27680168
486	0.27681449
487	0.27677387
488	0.27679375
489	0.27679935
490	0.27680531
491	0.27677813
492	0.27680135
493	0.27681354
494	0.27681026
495	0.27678424
496	0.27680194
497	0.27680358
498	0.27679157
499	0.27679479
500	0.27678946
501	0.27676749
502	0.27676478
503	0.27677378
504	0.27680269
505	0.27679062
506	0.27677813
507	0.27678522
508	0.27675679
509	0.27678117
510	0.27677512
511	0.27678475
512	0.27678865
513	0.27677482
514	0.27674827
515	0.27676827
516	0.27675197
517	0.27674073
518	0.27676392
519	0.27676609
520	0.27676558
521	0.27674967
522	0.27672678
523	0.27673486
524	0.27673131
525	0.27675653
526	0.27673972
527	0.27676615
528	0.27674592
529	0.27673000
530	0.27675417
531	0.27675799
532	0.27672347
533	0.27670872
534	0.27672487
535	0.27674371
536	0.27671281
537	0.27675673
538	0.27673078
539	0.27677262
540	0.27675006
541	0.27669862
542	0.27673209
543	0.27672887
544	0.27672142
545	0.27672940
546	0.27670744
547	0.27674988
548	0.27673146
549	0.27674067
550	0.27671674
551	0.27673715
552	0.27674893
553	0.27673456
554	0.27673182
555	0.27673391
556	0.27672139
557	0.27672157
558	0.27671403
559	0.27669382
560	0.27672175
561	0.27673775
562	0.27675369
563	0.27670717
564	0.27673322
565	0.27669376
566	0.27672753
567	0.27667177
568	0.27670330
569	0.27667496
570	0.27669615
571	0.27671024
572	0.27670431
573	0.27671495
574	0.27670032
575	0.27670631
576	0.27672487
577	0.27670133
578	0.27671874
579	0.27672508
580	0.27671519
581	0.27673474
582	0.27670720
583	0.27671596
584	0.27672014
585	0.27672285
586	0.27671540
587	0.27670005
588	0.27672037
589	0.27669191
590	0.27668872
591	0.27667144
592	0.27667022
593	0.27670264
594	0.27666780
595	0.27670315
596	0.27666640
597	0.27668703
598	0.27667737
599	0.27667958
600	0.27664346