	C:\Users\jkuzm\OneDrive - University of Massachusetts\HRSL x UMILL-PUMA Fatigue - Fatigue\Data\F01\FR3_static1.c3d _ImpedanceExport
	RTOE
	TARGET
	ORIGINAL
ITEM	Y
1	0.51981932
2	0.51982623
3	0.51981473
4	0.51982957
5	0.51986367
6	0.51987547
7	0.51989496
8	0.51990187
9	0.51989418
10	0.51989794
11	0.51991743
12	0.51991487
13	0.51990575
14	0.51991135
15	0.51991642
16	0.51990557
17	0.51992130
18	0.51995188
19	0.51994556
20	0.51993257
21	0.51995587
22	0.51995236
23	0.51995921
24	0.51995385
25	0.51994926
26	0.51997966
27	0.51994997
28	0.51996577
29	0.51997572
30	0.51997536
31	0.51997018
32	0.52001119
33	0.51999027
34	0.52000421
35	0.51999682
36	0.52001423
37	0.52002811
38	0.52003515
39	0.52002639
40	0.52003294
41	0.52006871
42	0.52006733
43	0.52007180
44	0.52006727
45	0.52009404
46	0.52008176
47	0.52007443
48	0.52012020
49	0.52011359
50	0.52014142
51	0.52015483
52	0.52014506
53	0.52016819
54	0.52019238
55	0.52017558
56	0.52019083
57	0.52021611
58	0.52020758
59	0.52020800
60	0.52021748
61	0.52020860
62	0.52022624
63	0.52023023
64	0.52024508
65	0.52024597
66	0.52025014
67	0.52025563
68	0.52024740
69	0.52024662
70	0.52023500
71	0.52026224
72	0.52028793
73	0.52025861
74	0.52027941
75	0.52029204
76	0.52028990
77	0.52027714
78	0.52028823
79	0.52030492
80	0.52028561
81	0.52030838
82	0.52029258
83	0.52031541
84	0.52032089
85	0.52033025
86	0.52030545
87	0.52030057
88	0.52030843
89	0.52032697
90	0.52031231
91	0.52030408
92	0.52030802
93	0.52030832
94	0.52032310
95	0.52031714
96	0.52031881
97	0.52031255
98	0.52031308
99	0.52033627
100	0.52032006
101	0.52033752
102	0.52032602
103	0.52033591
104	0.52032810
105	0.52033955
106	0.52036339
107	0.52034712
108	0.52034426
109	0.52035159
110	0.52035356
111	0.52035421
112	0.52035320
113	0.52032977
114	0.52034169
115	0.52036047
116	0.52037323
117	0.52038229
118	0.52038050
119	0.52037305
120	0.52037913
121	0.52037591
122	0.52039117
123	0.52038652
124	0.52037507
125	0.52037913
126	0.52038693
127	0.52038813
128	0.52037650
129	0.52038240
130	0.52040458
131	0.52039343
132	0.52041554
133	0.52039045
134	0.52039242
135	0.52039742
136	0.52041233
137	0.52039295
138	0.52041382
139	0.52041841
140	0.52041471
141	0.52041018
142	0.52042103
143	0.52040404
144	0.52041209
145	0.52042007
146	0.52041590
147	0.52042556
148	0.52038467
149	0.52040577
150	0.52041870
151	0.52043039
152	0.52042329
153	0.52041936
154	0.52041596
155	0.52044135
156	0.52043509
157	0.52042705
158	0.52042186
159	0.52043509
160	0.52044523
161	0.52043396
162	0.52045757
163	0.52044916
164	0.52043843
165	0.52046388
166	0.52045399
167	0.52044314
168	0.52043885
169	0.52043408
170	0.52044892
171	0.52047205
172	0.52046698
173	0.52048147
174	0.52048570
175	0.52046418
176	0.52046961
177	0.52045673
178	0.52045244
179	0.52044684
180	0.52045155
181	0.52045816
182	0.52046263
183	0.52048731
184	0.52050179
185	0.52048373
186	0.52048647
187	0.52049387
188	0.52049446
189	0.52049601
190	0.52050537
191	0.52047771
192	0.52049363
193	0.52049917
194	0.52051300
195	0.52052861
196	0.52051795
197	0.52051252
198	0.52052236
199	0.52053100
200	0.52051121
201	0.52052730
202	0.52052253
203	0.52052492
204	0.52053046
205	0.52054256
206	0.52054739
207	0.52053547
208	0.52055973
209	0.52055019
210	0.52057016
211	0.52055562
212	0.52057523
213	0.52056020
214	0.52058017
215	0.52055395
216	0.52058840
217	0.52058464
218	0.52059114
219	0.52059382
220	0.52060604
221	0.52060592
222	0.52060264
223	0.52061564
224	0.52061880
225	0.52061641
226	0.52061719
227	0.52064508
228	0.52063495
229	0.52065182
230	0.52064902
231	0.52064526
232	0.52065974
233	0.52065700
234	0.52068120
235	0.52066892
236	0.52067924
237	0.52069324
238	0.52066708
239	0.52069211
240	0.52069628
241	0.52067906
242	0.52068770
243	0.52070457
244	0.52069527
245	0.52068901
246	0.52071589
247	0.52073473
248	0.52072972
249	0.52073115
250	0.52073991
251	0.52074158
252	0.52074647
253	0.52076554
254	0.52077872
255	0.52073920
256	0.52076119
257	0.52076590
258	0.52077323
259	0.52081573
260	0.52079332
261	0.52081043
262	0.52083832
263	0.52083707
264	0.52085793
265	0.52088344
266	0.52085704
267	0.52088106
268	0.52088487
269	0.52087384
270	0.52090156
271	0.52087611
272	0.52090460
273	0.52089518
274	0.52090836
275	0.52091771
276	0.52091461
277	0.52088857
278	0.52090085
279	0.52090442
280	0.52089268
281	0.52089542
282	0.52091134
283	0.52092355
284	0.52093029
285	0.52093983
286	0.52094328
287	0.52091819
288	0.52092010
289	0.52093238
290	0.52093291
291	0.52092528
292	0.52093738
293	0.52094507
294	0.52096373
295	0.52098018
296	0.52097243
297	0.52098453
298	0.52097708
299	0.52098584
300	0.52100480
301	0.52100849
302	0.52100623
303	0.52101362
304	0.52102727
305	0.52106065
306	0.52104747
307	0.52105552
308	0.52105111
309	0.52106380
310	0.52108622
311	0.52105182
312	0.52105987
313	0.52107036
314	0.52107781
315	0.52107841
316	0.52106714
317	0.52110142
318	0.52108330
319	0.52109104
320	0.52110189
321	0.52108163
322	0.52107340
323	0.52109498
324	0.52105010
325	0.52107984
326	0.52107418
327	0.52107221
328	0.52109760
329	0.52107400
330	0.52108943
331	0.52107829
332	0.52108741
333	0.52107882
334	0.52107936
335	0.52108902
336	0.52106857
337	0.52109194
338	0.52107185
339	0.52109480
340	0.52110565
341	0.52111667
342	0.52111816
343	0.52111834
344	0.52110487
345	0.52112108
346	0.52111912
347	0.52114230
348	0.52114081
349	0.52111286
350	0.52112490
351	0.52114713
352	0.52113593
353	0.52113509
354	0.52114469
355	0.52113664
356	0.52114737
357	0.52112979
358	0.52114868
359	0.52113211
360	0.52115589
361	0.52114797
362	0.52115017
363	0.52117461
364	0.52115542
365	0.52116621
366	0.52113277
367	0.52117729
368	0.52118778
369	0.52115637
370	0.52116489
371	0.52117717
372	0.52118480
373	0.52117223
374	0.52121186
375	0.52120453
376	0.52119321
377	0.52122092
378	0.52120519
379	0.52120346
380	0.52120638
381	0.52119803
382	0.52120793
383	0.52122557
384	0.52121723
385	0.52123308
386	0.52123165
387	0.52120906
388	0.52121401
389	0.52121532
390	0.52120632
391	0.52121550
392	0.52120894
393	0.52120018
394	0.52121145
395	0.52120972
396	0.52117896
397	0.52119732
398	0.52118760
399	0.52119517
400	0.52117079
401	0.52119619
402	0.52118248
403	0.52119625
404	0.52118057
405	0.52117413
406	0.52119154
407	0.52117699
408	0.52116084
409	0.52112412
410	0.52111632
411	0.52109367
412	0.52107376
413	0.52107602
414	0.52105290
415	0.52105200
416	0.52106035
417	0.52104950
418	0.52104557
419	0.52101529
420	0.52100760
421	0.52099383
422	0.52099276
423	0.52099079
424	0.52098423
425	0.52097428
426	0.52096599
427	0.52097958
428	0.52096796
429	0.52095467
430	0.52094769
431	0.52098483
432	0.52094173
433	0.52093959
434	0.52095240
435	0.52092737
436	0.52094895
437	0.52096528
438	0.52097946
439	0.52094209
440	0.52095246
441	0.52095014
442	0.52096170
443	0.52094895
444	0.52094775
445	0.52096802
446	0.52096254
447	0.52096224
448	0.52097440
449	0.52096713
450	0.52096862
451	0.52096784
452	0.52097887
453	0.52098352
454	0.52097231
455	0.52097708
456	0.52098268
457	0.52097267
458	0.52098781
459	0.52099061
460	0.52099657
461	0.52100486
462	0.52100790
463	0.52099901
464	0.52099293
465	0.52098030
466	0.52098274
467	0.52098244
468	0.52099502
469	0.52097738
470	0.52098572
471	0.52101213
472	0.52100360
473	0.52101606
474	0.52099061
475	0.52101237
476	0.52100241
477	0.52102095
478	0.52100420
479	0.52099925
480	0.52101147
481	0.52101088
482	0.52099437
483	0.52102757
484	0.52100873
485	0.52102953
486	0.52101701
487	0.52102661
488	0.52102774
489	0.52101976
490	0.52103305
491	0.52101845
492	0.52103603
493	0.52102762
494	0.52103996
495	0.52102995
496	0.52104396
497	0.52103311
498	0.52101225
499	0.52101296
500	0.52100545
501	0.52102304
502	0.52101892
503	0.52100921
504	0.52101952
505	0.52102810
506	0.52099204
507	0.52097005
508	0.52098483
509	0.52099848
510	0.52097386
511	0.52096415
512	0.52095395
513	0.52097899
514	0.52095884
515	0.52096933
516	0.52099472
517	0.52095443
518	0.52094305
519	0.52094936
520	0.52095163
521	0.52092081
522	0.52091074
523	0.52091897
524	0.52091205
525	0.52091908
526	0.52090657
527	0.52092689
528	0.52091390
529	0.52089953
530	0.52090901
531	0.52089471
532	0.52089709
533	0.52088457
534	0.52087402
535	0.52087927
536	0.52086598
537	0.52087510
538	0.52087444
539	0.52086580
540	0.52086776
541	0.52087665
542	0.52086794
543	0.52083880
544	0.52086002
545	0.52082658
546	0.52082402
547	0.52084345
548	0.52083665
549	0.52083147
550	0.52083176
551	0.52082461
552	0.52081174
553	0.52080339
554	0.52079993
555	0.52079505
556	0.52078795
557	0.52078313
558	0.52080452
559	0.52078551
560	0.52080911
561	0.52079630
562	0.52078587
563	0.52081329
564	0.52077693
565	0.52081472
566	0.52080941
567	0.52080965
568	0.52081639
569	0.52080059
570	0.52080226
571	0.52083170
572	0.52082670
573	0.52083576
574	0.52081758
575	0.52085358
576	0.52085763
577	0.52084494
578	0.52085131
579	0.52084261
580	0.52086365
581	0.52087128
582	0.52086455
583	0.52085936
584	0.52086556
585	0.52087194
586	0.52084130
587	0.52083308
588	0.52084309
589	0.52082294
590	0.52082700
591	0.52084404
592	0.52082509
593	0.52083385
594	0.52084839
595	0.52084827
596	0.52083009
597	0.52083510
598	0.52081597
599	0.52078003
600	0.52077067