	C:\Users\jkuzm\OneDrive - University of Massachusetts\HRSL x UMILL-PUMA Fatigue - Fatigue\Data\F01\FR3_static2.c3d _ImpedanceExport
	FP1
	FREEMOMENT
	ORIGINAL
ITEM	Y
1	-0.01088632
2	-0.02155288
3	0.01896729
4	-0.02197053
5	0.00594128
6	0.03463131
7	0.00125745
8	0.01679232
9	0.02456438
10	-0.01492893
11	-0.00253551
12	-0.01495849
13	-0.00239491
14	0.03716018
15	0.00733881
16	-0.00625409
17	0.05347678
18	-0.01855637
19	-0.01346162
20	0.00011035
21	-0.02277479
22	0.01273038
23	0.02282562
24	-0.00916012
25	0.04318514
26	-0.01525560
27	-0.01392896
28	0.01868313
29	-0.01522333
30	0.00529143
31	0.03533503
32	-0.00466855
33	0.01559305
34	0.02343812
35	-0.01823265
36	0.00327377
37	-0.01284055
38	-0.01103853
39	0.03852173
40	0.01493180
41	-0.00129800
42	0.05274719
43	-0.01671142
44	-0.01153687
45	-0.00450938
46	-0.01074003
47	0.01935619
48	0.02300072
49	-0.01442375
50	0.04256321
51	-0.01639490
52	-0.02096177
53	0.01668916
54	-0.02317316
55	0.00050990
56	0.03500794
57	0.00000324
58	0.01690259
59	0.01607669
60	-0.02037514
61	-0.00328163
62	-0.01358849
63	-0.00854151
64	0.03765294
65	0.00427019
66	-0.00841416
67	0.05324351
68	-0.02404158
69	-0.01335249
70	-0.00292681
71	-0.02133218
72	0.02457974
73	0.02270777
74	-0.00809247
75	0.04385249
76	-0.01417465
77	-0.01497451
78	0.01551698
79	-0.01168122
80	0.00914183
81	0.03824924
82	-0.00407399
83	0.02106619
84	0.01545750
85	-0.02203630
86	0.00105704
87	-0.01767393
88	-0.00943066
89	0.03862545
90	0.01678180
91	-0.00091238
92	0.05331391
93	-0.01628006
94	-0.00691294
95	-0.00420871
96	-0.01080107
97	0.02349013
98	0.02144793
99	-0.03688268
100	0.04673497
101	-0.01732194
102	-0.02042633
103	0.01780065
104	-0.02231670
105	0.00254661
106	0.03134103
107	-0.00412263
108	0.01418171
109	0.01543021
110	-0.01708095
111	-0.00166498
112	-0.01485491
113	-0.00732020
114	0.03699369
115	0.00528495
116	-0.00816591
117	0.05839125
118	-0.03226997
119	-0.01082699
120	-0.00111300
121	-0.01662017
122	0.02976166
123	0.02603083
124	-0.00467457
125	0.05215622
126	-0.01120421
127	-0.01408938
128	0.01476398
129	-0.01618271
130	0.00921039
131	0.03796057
132	-0.00481091
133	0.01862015
134	0.01287314
135	-0.02162040
136	0.00463697
137	-0.01729084
138	-0.00534482
139	0.03771207
140	0.00801445
141	-0.00633744
142	0.04940179
143	-0.02606503
144	-0.01204878
145	-0.00354567
146	-0.00705456
147	0.03671895
148	0.02119424
149	-0.01298970
150	0.04942420
151	-0.01511663
152	-0.01424273
153	0.01412595
154	-0.01549052
155	0.01186042
156	0.03789389
157	-0.00577990
158	0.02956993
159	0.01706275
160	-0.01691753
161	0.00670857
162	-0.01390728
163	-0.00401020
164	0.03651810
165	-0.00182793
166	-0.00753404
167	0.05279932
168	-0.02414996
169	-0.01359022
170	-0.01408199
171	-0.01963839
172	0.02388314
173	0.01483326
174	-0.01077699
175	0.04871410
176	-0.00742750
177	-0.01548452
178	0.01424410
179	-0.01538257
180	0.00801303
181	0.03681174
182	-0.00381101
183	0.01945107
184	0.01311780
185	-0.01735720
186	-0.00031943
187	-0.01522170
188	-0.00802018
189	0.04149408
190	0.01072968
191	-0.00004000
192	0.05263833
193	-0.01932993
194	-0.00910540
195	-0.03262514
196	-0.01427749
197	0.02239719
198	0.01854560
199	-0.01382870
200	0.05118252
201	-0.01807426
202	-0.01879677
203	0.00921399
204	-0.02326977
205	0.01435629
206	0.03467438
207	-0.00135904
208	0.02031751
209	0.01171571
210	-0.01765715
211	0.00828735
212	-0.01309386
213	-0.00148622
214	0.04056662
215	0.00900205
216	-0.00587311
217	0.04525947
218	-0.01812810
219	-0.01197144
220	-0.00736303
221	-0.01742119
222	0.03196624
223	0.02438366
224	0.02186546
225	0.04711223
226	-0.01654691
227	-0.01744780
228	0.01762451
229	-0.01618695
230	0.00911907
231	0.03301586
232	-0.00774609
233	0.02330702
234	0.00784688
235	-0.02218248
236	0.00071688
237	-0.01654855
238	-0.00720072
239	0.04301608
240	0.00952085
241	0.00191928
242	0.04547501
243	-0.01038422
244	-0.00613872
245	-0.00361266
246	-0.00862472
247	0.02803594
248	0.01809460
249	-0.01445201
250	0.05089808
251	-0.01778798
252	-0.02042442
253	0.01268057
254	-0.02522267
255	0.01024205
256	0.03362684
257	-0.00470735
258	0.02221064
259	0.01566531
260	-0.01760632
261	-0.00156744
262	-0.01619786
263	-0.00974844
264	0.03723269
265	0.00384637
266	-0.00873819
267	0.05305295
268	-0.02496742
269	-0.01128581
270	-0.00367088
271	-0.01625455
272	0.03750673
273	0.02352984
274	-0.00564887
275	0.04760434
276	-0.01832918
277	-0.00999076
278	0.01438234
279	-0.01384737
280	0.01307577
281	0.03622874
282	-0.00039626
283	0.02437760
284	0.01208354
285	-0.02079016
286	0.00530706
287	-0.01685279
288	-0.00413661
289	0.03878068
290	0.00665430
291	0.00053820
292	0.04248198
293	-0.01857342
294	-0.00580356
295	-0.00394826
296	-0.01281113
297	0.02789813
298	0.01773586
299	-0.01319755
300	0.04755225
301	-0.00253135
302	-0.01939950
303	0.01717021
304	-0.02589304
305	0.00852955
306	0.03430939
307	-0.00308614
308	0.02224949
309	0.01061686
310	-0.01939886
311	0.00725222
312	-0.01904331
313	-0.00581982
314	0.04086740
315	0.00182603
316	-0.00644996
317	0.04622078
318	-0.02385889
319	-0.01389731
320	0.02871249
321	-0.02067427
322	0.02687342
323	0.01571924
324	-0.01108682
325	0.04633692
326	-0.01863975
327	-0.01527596
328	0.02012700
329	-0.01235040
330	0.00723046
331	0.03497976
332	-0.00702216
333	0.02688351
334	0.00934274
335	-0.01912443
336	0.00951516
337	-0.01880020
338	-0.00914668
339	0.03789464
340	0.00635549
341	0.00300363
342	0.05027660
343	-0.01923924
344	-0.00786637
345	-0.00597687
346	-0.01121779
347	0.02462488
348	0.01454739
349	-0.02606112
350	0.05177361
351	-0.01912649
352	-0.02146606
353	0.01516594
354	-0.02126804
355	0.00930850
356	0.03301389
357	-0.00540120
358	0.02412616
359	0.00737167
360	-0.01801375
361	0.00843440
362	-0.01541375
363	-0.00377302
364	0.03918589
365	-0.00032728
366	-0.00483972
367	0.05605843
368	-0.02529601
369	-0.00858025
370	0.00025429
371	-0.01659068
372	0.03022733
373	0.01474723
374	-0.00830852
375	0.05127422
376	-0.01722115
377	-0.01941967
378	0.00935509
379	-0.01287231
380	0.00751996
381	0.03560343
382	-0.00901810
383	0.02155872
384	-0.00164282
385	-0.01906310
386	0.00492465
387	-0.02369690
388	-0.00905108
389	0.04078132
390	0.01216328
391	0.00236890
392	0.05075584
393	-0.01623741
394	-0.00287581
395	0.00000042
396	-0.00880070
397	0.04494638
398	0.01825445
399	-0.01166010
400	0.05760317
401	-0.01685531
402	-0.01561626
403	0.00990440
404	-0.01629916
405	0.01076061
406	0.03827312
407	0.00278561
408	0.02528497
409	0.00068428
410	-0.01916451
411	0.01197879
412	-0.02054606
413	-0.00350308
414	0.03557086
415	-0.00553446
416	-0.00377200
417	0.04573284
418	-0.02490180
419	-0.01235381
420	-0.01473450
421	-0.02216768
422	0.02574760
423	0.01792967
424	-0.01092122
425	0.05480151
426	-0.05521575
427	-0.01710619
428	0.02592198
429	-0.01562224
430	0.01108469
431	0.03720065
432	-0.00552875
433	0.03087389
434	0.00068859
435	-0.01590686
436	0.00496933
437	-0.01576268
438	-0.00323433
439	0.04344477
440	0.00862593
441	0.00282543
442	0.04454549
443	-0.02068274
444	-0.00859927
445	-0.01256522
446	-0.01104104
447	0.02954065
448	0.01531683
449	-0.01793793
450	0.05637452
451	-0.02098151
452	-0.01638123
453	0.02396091
454	-0.01952728
455	0.01551615
456	0.03121291
457	-0.00163510
458	0.02652275
459	0.00989851
460	-0.01867045
461	0.01552898
462	-0.01765706
463	0.00276637
464	0.04022133
465	0.00441052
466	-0.00335759
467	0.04065969
468	-0.02486362
469	-0.01171651
470	-0.01576020
471	-0.02177749
472	0.02860288
473	0.01820410
474	0.01595335
475	0.05665081
476	-0.01904550
477	-0.01612301
478	0.01833691
479	-0.01506277
480	0.01032907
481	0.03100019
482	-0.00903819
483	0.02795376
484	-0.00488730
485	-0.01817380
486	0.01599380
487	-0.01843947
488	-0.00849479
489	0.03961430
490	0.00699726
491	0.00648384
492	0.03862812
493	-0.01706002
494	-0.00147206
495	-0.00174168
496	-0.00784447
497	0.02912805
498	0.01551909
499	-0.01189866
500	0.05975316
501	-0.02420165
502	-0.01232115
503	0.03011225
504	-0.01966223
505	0.01657799
506	0.03245493
507	-0.00311229
508	0.03039286
509	0.00369299
510	-0.01708417
511	0.01090600
512	-0.01259642
513	-0.00282905
514	0.03794795
515	-0.00219702
516	-0.00061303
517	0.04283426
518	-0.02366419
519	-0.01488440
520	-0.01425395
521	-0.02143309
522	0.00600779
523	0.00934100
524	-0.01281856
525	0.05667039
526	-0.02297155
527	-0.01764373
528	0.01345891
529	-0.01479783
530	0.01328075
531	0.02832775
532	-0.00661983
533	0.03373580
534	0.00264937
535	-0.01922077
536	0.00958574
537	-0.01972887
538	-0.00341134
539	0.04084918
540	0.01305052
541	0.00297099
542	0.04139721
543	-0.01366669
544	-0.00494741
545	-0.00601203
546	-0.00686636
547	0.03578386
548	0.01302955
549	-0.01116708
550	0.06628960
551	0.01606811
552	-0.01762571
553	0.01178471
554	-0.02003461
555	0.01485964
556	0.03177481
557	-0.00539828
558	0.02878485
559	-0.00586132
560	-0.01709721
561	0.01643408
562	-0.01864112
563	-0.00585503
564	0.03720962
565	-0.00317867
566	0.00099888
567	0.03992619
568	-0.02137450
569	-0.01077433
570	-0.00086644
571	-0.02220300
572	0.02702570
573	0.01595034
574	-0.01140383
575	0.05610651
576	-0.02237896
577	-0.01635854
578	0.01442549
579	-0.01568975
580	0.00362926
581	0.03110687
582	-0.00941432
583	0.03351868
584	0.00334870
585	-0.02171238
586	0.00923523
587	-0.01915685
588	-0.00799477
589	0.04043276
590	-0.00139427
591	0.00059046
592	0.04513824
593	-0.02077379
594	-0.00654739
595	-0.00710321
596	-0.00827189
597	0.02965995
598	0.01115405
599	-0.01399636
600	0.05836202
601	-0.02422334
602	-0.01940091
603	0.00476053
604	-0.01921076
605	0.00890171
606	0.03179663
607	-0.00930532
608	0.03189413
609	0.00471537
610	-0.01691162
611	0.01525667
612	-0.01228289
613	0.00337806
614	0.04536954
615	0.00572400
616	0.00277512
617	0.04450123
618	-0.02042210
619	-0.00586635
620	-0.00971495
621	-0.01509740
622	0.03343419
623	0.01781751
624	-0.00639509
625	0.05765045
626	-0.01942801
627	-0.02408509
628	0.01840925
629	-0.01795268
630	0.01160065
631	0.02439860
632	-0.00936435
633	0.03197436
634	-0.00671915
635	-0.02216584
636	0.00912878
637	-0.01957276
638	-0.00872518
639	0.03813475
640	0.00359196
641	-0.00230549
642	0.03882015
643	-0.01988131
644	-0.00564782
645	-0.00959143
646	-0.01075863
647	0.05900877
648	0.01363499
649	-0.01212951
650	0.05998458
651	-0.02384323
652	-0.01696256
653	0.00928304
654	-0.01272394
655	0.01686344
656	0.03291364
657	-0.01250278
658	0.03819456
659	-0.00123811
660	-0.01105973
661	0.01656684
662	-0.01006752
663	0.00323284
664	0.04126436
665	-0.00448207
666	0.00408418
667	0.03832135
668	-0.02247720
669	-0.00537021
670	-0.01034969
671	-0.01739737
672	0.03468137
673	0.01380250
674	-0.00851137
675	0.05282670
676	-0.03410955
677	-0.01953957
678	0.00831582
679	-0.01497980
680	0.01279891
681	0.02756206
682	-0.01254463
683	0.03083465
684	-0.00460896
685	-0.02096630
686	0.01196455
687	-0.02030205
688	-0.00522513
689	0.04168599
690	0.00276176
691	0.00710801
692	0.03534097
693	-0.01762734
694	0.00299000
695	-0.01526430
696	-0.00466850
697	0.03723336
698	0.01406791
699	-0.01746585
700	0.05906993
701	-0.02152418
702	-0.01898977
703	0.00125350
704	-0.01835531
705	0.02187910
706	0.02778130
707	-0.00457110
708	0.03474691
709	-0.00725386
710	-0.01471562
711	0.00878652
712	-0.01925342
713	-0.00028829
714	0.03671893
715	-0.00599934
716	0.00350727
717	0.03073775
718	-0.02146915
719	-0.00483584
720	-0.01325762
721	-0.01625573
722	0.03680678
723	0.01305065
724	0.02849963
725	0.05601299
726	-0.01884350
727	-0.00977703
728	0.01764561
729	-0.01398822
730	0.01264021
731	0.03025155
732	-0.01002634
733	0.04148467
734	0.00341028
735	-0.02050701
736	0.01844250
737	-0.01962553
738	-0.00222240
739	0.03990914
740	0.00094110
741	0.00033617
742	0.01321065
743	-0.02402323
744	-0.01357314
745	-0.01642781
746	-0.01269178
747	0.03124915
748	0.00857543
749	-0.01415883
750	0.05838848
751	-0.02055748
752	-0.02058832
753	-0.02108239
754	-0.02180780
755	0.01730292
756	0.02672951
757	-0.00550315
758	0.03662068
759	-0.00474002
760	-0.01261074
761	0.02003087
762	-0.01867555
763	0.00606340
764	0.04518002
765	0.00052380
766	0.00832816
767	0.03906386
768	-0.01604667
769	-0.00127032
770	-0.00941914
771	-0.01792197
772	0.02953298
773	0.01760927
774	-0.00606058
775	0.05973452
776	-0.01603608
777	-0.01574831
778	0.00101265
779	-0.01546700
780	0.01567796
781	0.02758466
782	-0.00484213
783	0.03736737
784	-0.00992390
785	-0.02231312
786	0.01104924
787	-0.02016911
788	-0.00320527
789	0.04008751
790	0.00425550
791	0.00792587
792	0.03975067
793	-0.02010519
794	-0.00361812
795	-0.01018787
796	-0.00917002
797	0.03198106
798	0.00828364
799	-0.01260339
800	0.06047785
801	-0.01645525
802	-0.01704112
803	0.00251922
804	-0.02252383
805	0.02105424
806	0.02879460
807	-0.00739315
808	0.03660079
809	-0.00289179
810	-0.01375940
811	0.02430275
812	-0.01140619
813	0.00510416
814	0.04500504
815	0.00113783
816	0.00634276
817	0.03605709
818	-0.01899231
819	-0.00866067
820	-0.01099827
821	-0.02163729
822	0.03994526
823	0.01537705
824	-0.00433362
825	0.05875109
826	-0.02016033
827	-0.01470300
828	0.00764193
829	-0.01004471
830	0.02297222
831	0.02571417
832	-0.00927983
833	0.04244694
834	-0.01083861
835	-0.01889160
836	0.01778267
837	-0.02082810
838	-0.00302601
839	0.03977156
840	0.00108616
841	0.00181032
842	0.02279094
843	-0.01965611
844	-0.00505085
845	-0.01801987
846	-0.01171913
847	0.03108922
848	0.00986745
849	-0.04351114
850	0.06132048
851	-0.02624728
852	-0.02135617
853	0.00158742
854	-0.01935355
855	0.02109155
856	0.02998898
857	-0.00787910
858	0.04579901
859	-0.00414261
860	-0.01136234
861	0.02000372
862	-0.01194242
863	0.00575041
864	0.04318771
865	0.00651423
866	0.01136381
867	0.05158824
868	-0.01721674
869	0.00081719
870	-0.00850719
871	-0.00796367
872	0.03725880
873	0.01492192
874	-0.00932029
875	0.05680725
876	-0.02263542
877	-0.01760168
878	0.02933818
879	-0.01831560
880	0.00962850
881	0.02230477
882	-0.01838009
883	0.03820768
884	-0.01492034
885	-0.01939132
886	0.01506455
887	-0.02639842
888	0.00003187
889	0.03587371
890	-0.00148523
891	0.00761063
892	0.02744357
893	-0.02048860
894	-0.00017473
895	-0.01501794
896	-0.00640810
897	0.05045290
898	0.00574794
899	-0.01484739
900	0.05520941
901	-0.02112832
902	-0.01913594
903	-0.00009582
904	-0.01945597
905	0.02023469
906	0.02371256
907	-0.01032203
908	0.03985551
909	-0.01651950
910	-0.01913557
911	0.02081478
912	-0.01621263
913	0.00347360
914	0.04137823
915	-0.00551913
916	0.01044101
917	0.03834445
918	-0.01994366
919	0.00463412
920	-0.01638020
921	-0.01285866
922	0.04035345
923	0.01754668
924	-0.00591328
925	0.06381212
926	-0.00517941
927	-0.00891178
928	0.00957297
929	-0.00921273
930	0.02281161
931	0.02766688
932	-0.01017802
933	0.04325650
934	-0.00931028
935	-0.02087163
936	0.02282266
937	-0.02000087
938	-0.00115007
939	0.03670303
940	-0.00080535
941	0.00309352
942	0.02991981
943	-0.02352087
944	-0.00948402
945	-0.02027159
946	-0.01634496
947	0.02796735
948	-0.00183884
949	-0.01940643
950	0.05154026
951	-0.02713233
952	-0.02177761
953	0.00520525
954	-0.02647367
955	0.03368933
956	0.02849030
957	-0.00596958
958	0.04967037
959	-0.00855595
960	-0.01372684
961	0.02078101
962	-0.01096951
963	0.00796387
964	0.04741776
965	0.00116035
966	0.01284805
967	0.02791751
968	-0.01648661
969	0.00693317
970	-0.01641641
971	-0.01307875
972	0.04285855
973	0.01920545
974	0.03289046
975	0.05975234
976	-0.01878772
977	-0.01373631
978	-0.00060383
979	-0.01295323
980	0.02148276
981	0.02199535
982	-0.01211851
983	0.04383194
984	-0.02863675
985	-0.01865248
986	0.01649210
987	-0.02025073
988	0.00229649
989	0.04045747
990	-0.00065567
991	0.00617938
992	0.00686517
993	-0.01790997
994	0.00668927
995	-0.01959854
996	-0.00824881
997	0.03605147
998	0.00451968
999	-0.01307325
1000	0.05477212
1001	-0.02174068
1002	-0.01526755
1003	0.00536144
1004	-0.02480650
1005	0.02335013
1006	0.02238719
1007	-0.00901623
1008	0.04369256
1009	-0.01736634
1010	-0.02254516
1011	0.01458616
1012	-0.01382245
1013	-0.00126981
1014	0.03706827
1015	-0.00365806
1016	0.01153578
1017	0.02005558
1018	-0.02082377
1019	-0.00036543
1020	-0.01753978
1021	-0.00778671
1022	0.04284880
1023	0.01635549
1024	0.00060853
1025	0.05965138
1026	-0.02013525
1027	-0.00875273
1028	0.00290885
1029	-0.01186229
1030	0.02183380
1031	0.02840439
1032	-0.00738729
1033	0.05072232
1034	-0.00855880
1035	-0.01431679
1036	0.02233722
1037	-0.01732120
1038	0.00530577
1039	0.04300665
1040	0.00167948
1041	0.01048256
1042	0.01808980
1043	-0.01877434
1044	-0.00260904
1045	-0.02081811
1046	-0.01128098
1047	0.03064672
1048	0.00124522
1049	-0.01629933
1050	0.05223757
1051	0.00400708
1052	-0.02090018
1053	-0.00112188
1054	-0.02425950
1055	0.02159389
1056	0.01955274
1057	-0.00488634
1058	0.04939753
1059	-0.01285765
1060	-0.01432495
1061	0.02688862
1062	-0.01305870
1063	0.00933919
1064	0.04170446
1065	0.00072758
1066	0.01722551
1067	0.02869543
1068	-0.01787840
1069	0.00224962
1070	-0.01372246
1071	-0.01124970
1072	0.03791759
1073	0.01137609
1074	-0.00761786
1075	0.05696006
1076	-0.02473369
1077	-0.02005733
1078	-0.00999340
1079	-0.02067328
1080	-0.00398877
1081	0.01424314
1082	-0.01798329
1083	0.04674831
1084	-0.01817155
1085	-0.02190572
1086	0.01876281
1087	-0.01786146
1088	0.00732852
1089	0.03794213
1090	-0.00137039
1091	0.01832625
1092	0.02549619
1093	-0.01368307
1094	0.01172072
1095	-0.01358712
1096	-0.00444416
1097	0.04120554
1098	0.00790144
1099	-0.01565190
1100	0.05937625
1101	-0.02257063
1102	-0.01506570
1103	0.00995418
1104	-0.02208698
1105	0.02144151
1106	0.02191330
1107	-0.01178750
1108	0.04842823
1109	-0.01110883
1110	-0.01714543
1111	0.01720537
1112	-0.02054600
1113	0.00403987
1114	0.03383242
1115	-0.00979055
1116	0.01230862
1117	0.02677845
1118	-0.02234500
1119	0.01296515
1120	-0.01634501
1121	-0.00951576
1122	0.04148519
1123	0.01493384
1124	-0.00228438
1125	0.05498490
1126	-0.01789659
1127	-0.00890785
1128	-0.00404699
1129	-0.00854029
1130	0.02923173
1131	0.02493907
1132	-0.01128299
1133	0.05122509
1134	-0.01446592
1135	-0.01757293
1136	0.02283872
1137	-0.02041250
1138	-0.00177362
1139	0.03754833
1140	0.00031158
1141	0.01293696
1142	0.01376101
1143	-0.01755263
1144	0.00599763
1145	-0.01675270
1146	-0.01325342
1147	0.03719527
1148	0.00178616
1149	-0.01336087
1150	0.05709521
1151	-0.02474088
1152	-0.01754226
1153	0.00130172
1154	-0.02135066
1155	0.02631396
1156	0.02576855
1157	0.00121692
1158	0.05176917
1159	-0.01528823
1160	-0.01782063
1161	0.01776172
1162	-0.01352661
1163	0.00938985
1164	0.04008359
1165	-0.00041329
1166	0.02000168
1167	0.02168402
1168	-0.01869988
1169	0.00868455
1170	-0.01380655
1171	-0.01181315
1172	0.04173608
1173	0.01604691
1174	-0.00462384
1175	0.06229828
1176	-0.05416273
1177	-0.01058434
1178	-0.00060192
1179	-0.01213371
1180	0.02453498
1181	0.02254687
1182	-0.01216789
1183	0.05243655
1184	-0.01487732
1185	-0.01867714
1186	0.02635945
1187	-0.01987183
1188	0.00663090
1189	0.03806134
1190	0.00182869
1191	0.01869224
1192	0.01544045
1193	-0.01741391
1194	0.01418828
1195	-0.01193512
1196	-0.00724873
1197	0.03616726
1198	0.00531582
1199	-0.01079037
1200	0.05631460
1201	-0.02597471
1202	-0.02004371
1203	-0.00229259
1204	-0.02078346
1205	0.05986859
1206	0.02422224
1207	-0.00911474
1208	0.05470190
1209	-0.01596221
1210	-0.01453668
1211	0.02196547
1212	-0.01337679
1213	0.00650727
1214	0.04122381
1215	-0.00049255
1216	0.01821240
1217	0.02585777
1218	-0.01512389
1219	0.01287869
1220	-0.01549779
1221	-0.01387403
1222	0.04167608
1223	0.01516992
1224	0.01260911
1225	0.05264878
1226	-0.01968753
1227	-0.00849038
1228	-0.00623606
1229	-0.01215020
1230	0.02290267
1231	0.01745071
1232	-0.01434849
1233	0.05151354
1234	-0.02364890
1235	-0.02227866
1236	0.02008188
1237	-0.02162625
1238	0.00652593
1239	0.03212647
1240	-0.00012670
1241	0.01795487
1242	0.00037269
1243	-0.01879485
1244	0.00081492
1245	-0.01993695
1246	-0.00513323
1247	0.04119681
1248	0.00706411
1249	-0.00894139
1250	0.05202882
1251	-0.02317153
1252	-0.01740481
1253	0.00649926
1254	-0.01763536
1255	0.02384864
1256	0.02126812
1257	-0.00904483
1258	0.05367613
1259	-0.01707323
1260	-0.01720675
1261	0.01847565
1262	-0.01501338
1263	0.01285906
1264	0.03289233
1265	-0.00367229
1266	0.01647225
1267	0.01376913
1268	-0.02030975
1269	0.00695109
1270	-0.01510758
1271	-0.01118095
1272	0.04323748
1273	0.00188705
1274	-0.00289668
1275	0.06209161
1276	-0.01623933
1277	-0.00817588
1278	-0.00406680
1279	-0.00954564
1280	0.02817863
1281	0.01424283
1282	0.01087950
1283	0.05740252
1284	-0.01775649
1285	-0.01778554
1286	0.02544336
1287	-0.01771380
1288	0.00809155
1289	0.03639846
1290	-0.00383161
1291	0.02215837
1292	0.01505595
1293	-0.01831166
1294	0.01235638
1295	-0.01856825
1296	-0.00531790
1297	0.03857614
1298	0.00399192
1299	-0.00905065
1300	0.05331170
1301	0.02120917
1302	-0.01382662
1303	0.00180992
1304	-0.02342568
1305	0.02570735
1306	0.01915385
1307	-0.00889839
1308	0.05723235
1309	-0.01873383
1310	-0.01739624
1311	0.01133164
1312	-0.01520855
1313	0.00609416
1314	0.04151320
1315	-0.00525053
1316	0.01776856
1317	0.01140955
1318	-0.01930325
1319	0.00583028
1320	-0.01400212
1321	-0.00281223
1322	0.04380411
1323	0.00944823
1324	-0.00518863
1325	0.05372079
1326	-0.01438653
1327	-0.00986509
1328	-0.00202054
1329	-0.00819963
1330	0.03518866
1331	0.02249491
1332	-0.01312151
1333	0.06120729
1334	-0.01772859
1335	-0.01917996
1336	0.01549907
1337	-0.01778211
1338	0.00956865
1339	0.03398390
1340	0.00118330
1341	0.01473556
1342	0.00356261
1343	-0.02368160
1344	0.00929153
1345	-0.02291819
1346	-0.00742358
1347	0.03690042
1348	0.00636391
1349	-0.01088396
1350	0.05083933
1351	-0.02474321
1352	-0.01445812
1353	-0.00377785
1354	-0.02096833
1355	0.02658936
1356	0.02066173
1357	-0.00749499
1358	0.05830495
1359	-0.01383020
1360	-0.02011232
1361	0.01978504
1362	-0.01444168
1363	0.01201401
1364	0.03964201
1365	-0.00215258
1366	0.02269858
1367	0.01768427
1368	-0.01785140
1369	0.01412940
1370	-0.01337834
1371	-0.00814817
1372	0.04594883
1373	0.01440454
1374	-0.00304025
1375	0.05112450
1376	-0.01929844
1377	-0.01052597
1378	-0.00678582
1379	-0.01221036
1380	0.02739537
1381	0.02009826
1382	-0.01223994
1383	0.05882183
1384	-0.01365790
1385	-0.01520421
1386	0.01787134
1387	-0.01677095
1388	0.01071646
1389	0.03774603
1390	-0.00651933
1391	0.02122728
1392	0.01049541
1393	-0.02260360
1394	0.00742985
1395	-0.01894182
1396	-0.00860772
1397	0.04066899
1398	0.00252588
1399	-0.01216683
1400	0.04888757
1401	-0.02830300
1402	-0.01764417
1403	-0.00948486
1404	-0.02225781
1405	0.02636894
1406	0.01387744
1407	-0.04264767
1408	0.05045066
1409	-0.02222301
1410	-0.01367485
1411	0.01652979
1412	-0.01392405
1413	0.01108810
1414	0.03745371
1415	-0.00259928
1416	0.02815427
1417	0.01095843
1418	-0.01755120
1419	0.01125521
1420	-0.00977390
1421	-0.00131200
1422	0.05281461
1423	0.01548755
1424	0.00265721
1425	0.05226357
1426	-0.02270196
1427	-0.00718450
1428	-0.00647280
1429	-0.00681440
1430	0.03131471
1431	0.02057053
1432	-0.01412161
1433	0.05316705
1434	-0.01728383
1435	-0.01856880
1436	0.01648822
1437	-0.01903498
1438	0.00738575
1439	0.03217201
1440	-0.00035126
1441	0.02057379
1442	0.00124461
1443	-0.02065937
1444	0.00779774
1445	-0.02122728
1446	0.00074210
1447	0.04281025
1448	-0.00023121
1449	-0.00932445
1450	0.05292344
1451	-0.02538779
1452	-0.01498706
1453	-0.00439490
1454	-0.02021183
1455	0.04797977
1456	0.01799574
1457	-0.01045257
1458	0.05681425
1459	-0.01826663
1460	-0.02171868
1461	0.01098166
1462	-0.01668524
1463	0.00688274
1464	0.03406955
1465	-0.01528275
1466	0.02667935
1467	0.00913415
1468	-0.02210982
1469	0.01616775
1470	-0.01817391
1471	-0.01011466
1472	0.04569076
1473	-0.00190909
1474	-0.00405051
1475	0.04929662
1476	-0.01919375
1477	-0.01293529
1478	-0.00810909
1479	-0.00779020
1480	0.03318551
1481	0.01546460
1482	-0.01592062
1483	0.06768051
1484	-0.00430371
1485	-0.01823916
1486	0.02134329
1487	-0.01664927
1488	0.01234174
1489	0.03489280
1490	-0.00499714
1491	0.02847023
1492	0.00788883
1493	-0.01046066
1494	0.00725680
1495	-0.01749986
1496	-0.00270469
1497	0.04004283
1498	-0.00027309
1499	-0.00739706
1500	0.05386506
1501	-0.02287227
1502	-0.01830731
1503	-0.04835267
1504	-0.02232492
1505	0.03292134
1506	0.01867181
1507	-0.00960099
1508	0.05992064
1509	-0.02405005
1510	-0.02295762
1511	0.00931582
1512	-0.01860790
1513	0.00575854
1514	0.03090971
1515	-0.01303958
1516	0.02323397
1517	0.00104394
1518	-0.02529288
1519	0.01186154
1520	-0.01961068
1521	-0.00252316
1522	0.04612188
1523	0.00795044
1524	0.00021161
1525	0.05178719
1526	-0.01737691
1527	-0.00581213
1528	-0.00495014
1529	-0.00477259
1530	0.03258460
1531	0.02230727
1532	0.01502538
1533	0.06602405
1534	-0.01707921
1535	-0.01772759
1536	0.02120498
1537	-0.02220342
1538	0.01427725
1539	0.03397759
1540	-0.00844500
1541	0.02902887
1542	0.00128268
1543	-0.01871951
1544	0.02247901
1545	-0.01881481
1546	-0.00517390
1547	0.04053363
1548	0.00251226
1549	-0.00495157
1550	0.03846313
1551	-0.00726710
1552	-0.00836777
1553	-0.01063357
1554	-0.02340581
1555	0.02542129
1556	0.01515542
1557	-0.01097415
1558	0.05761462
1559	-0.02703608
1560	-0.02342619
1561	-0.00251935
1562	-0.01626964
1563	0.00842353
1564	0.03240229
1565	-0.00929284
1566	0.03157180
1567	-0.00103700
1568	-0.01936366
1569	0.01914098
1570	-0.01770720
1571	-0.01259937
1572	0.04237610
1573	0.00940989
1574	0.00332250
1575	0.04446663
1576	-0.02003279
1577	-0.00945705
1578	-0.01697679
1579	-0.01159291
1580	0.03321965
1581	0.01459386
1582	-0.01684393
1583	0.06444213
1584	-0.02090330
1585	-0.01962100
1586	0.01640388
1587	-0.01881864
1588	0.01291358
1589	0.03838724
1590	0.00243348
1591	0.03135592
1592	0.00704748
1593	-0.01880408
1594	0.02109817
1595	-0.01933892
1596	-0.00466530
1597	0.04382259
1598	0.00556814
1599	-0.00679718
1600	0.05180761
1601	-0.02151489
1602	-0.01331213
1603	-0.01481893
1604	-0.02000429
1605	0.03378270
1606	0.01866773
1607	-0.01034873
1608	0.05896189
1609	0.00611018
1610	-0.01695212
1611	0.01545691
1612	-0.01146602
1613	0.01067909
1614	0.03103385
1615	-0.01150335
1616	0.02685676
1617	-0.00500351
1618	-0.02146460
1619	0.00812157
1620	-0.01961261
1621	-0.00861089
1622	0.03820941
1623	0.00462889
1624	0.00163067
1625	0.04992303
1626	-0.02126285
1627	-0.01273896
1628	0.03564852
1629	-0.01517222
1630	0.03675968
1631	0.01598648
1632	-0.01601069
1633	0.06337222
1634	-0.01951920
1635	-0.02411180
1636	0.01962562
1637	-0.02458770
1638	0.01081296
1639	0.03146685
1640	-0.00495619
1641	0.03120734
1642	0.00558818
1643	-0.01230463
1644	0.02714126
1645	-0.01207435
1646	-0.00371230
1647	0.04348817
1648	0.00442941
1649	0.00030305
1650	0.04189688
1651	-0.02172726
1652	-0.00869122
1653	-0.00953266
1654	-0.01678948
1655	0.02989555
1656	0.01410656
1657	-0.02244048
1658	0.06144201
1659	-0.02282476
1660	-0.01665442
1661	0.00692249
1662	-0.01709944
1663	0.01014644
1664	0.02727595
1665	-0.01253352
1666	0.02804414
1667	-0.01304954
1668	-0.02495231
1669	0.00771198
1670	-0.02505364
1671	-0.00922019
1672	0.04085566
1673	0.00065883
1674	-0.00486005
1675	0.04564522
1676	-0.01966843
1677	-0.00815116
1678	-0.01231233
1679	-0.00814108
1680	0.03255763
1681	0.01492728
1682	-0.01349774
1683	0.06537785
1684	-0.01793864
1685	-0.01603734
1686	0.01638342
1687	-0.01741099
1688	0.01712876
1689	0.03266728
1690	-0.00185944
1691	0.03654288
1692	-0.00204106
1693	-0.01387699
1694	0.01834268
1695	-0.01724958
1696	-0.00082195
1697	0.04598922
1698	-0.00045403
1699	0.00011785
1700	0.03800993
1701	-0.02385035
1702	-0.01034072
1703	-0.01349856
1704	-0.01768771
1705	0.03124171
1706	0.01281173
1707	-0.01362281
1708	0.06129366
1709	-0.02770008
1710	-0.02093901
1711	0.00511281
1712	-0.01280101
1713	0.01192761
1714	0.03318039
1715	-0.00513784
1716	0.03552556
1717	-0.00683295
1718	-0.01612649
1719	0.01912842
1720	-0.01749257
1721	-0.00649363
1722	0.04510885
1723	-0.00103838
1724	0.00131638
1725	0.04139023
1726	-0.02205137
1727	-0.01025314
1728	-0.01288645
1729	-0.01201983
1730	0.03330335
1731	0.01169621
1732	-0.02014008
1733	0.05897290
1734	-0.04947945
1735	-0.02537520
1736	-0.00210922
1737	-0.02550031
1738	0.01543572
1739	0.03499608
1740	-0.00689406
1741	0.03521021
1742	-0.00125753
1743	-0.01427187
1744	0.03641334
1745	-0.01343389
1746	0.00376777
1747	0.04799784
1748	0.00950465
1749	0.00506404
1750	0.04223670
1751	-0.01291972
1752	-0.00992058
1753	-0.02381343
1754	-0.01875377
1755	0.03916079
1756	0.01754365
1757	-0.00709799
1758	0.06319332
1759	-0.02175931
1760	-0.01762983
1761	0.01205587
1762	-0.01461442
1763	0.01040571
1764	0.02371188
1765	-0.01339092
1766	0.03121261
1767	-0.01210324
1768	-0.02695352
1769	0.00699760
1770	-0.02313364
1771	-0.00495738
1772	0.04029236
1773	0.01132785
1774	0.00063907
1775	0.04205099
1776	-0.01794095
1777	-0.00453972
1778	-0.01194443
1779	-0.00797696
1780	0.03430877
1781	0.01824910
1782	-0.00004214
1783	0.07397846
1784	-0.02031106
1785	-0.02067308
1786	-0.00129439
1787	-0.02016814
1788	0.01785585
1789	0.03096685
1790	-0.00754298
1791	0.03888959
1792	-0.01413069
1793	-0.01177127
1794	0.01990198
1795	-0.01750804
1796	-0.00181057
1797	0.04716395
1798	-0.00000850
1799	0.00011402
1800	0.03851898
1801	-0.01895316
1802	-0.00020949
1803	-0.01792036
1804	-0.02024519
1805	0.03522901
1806	0.01763676
1807	-0.00811708
1808	0.06437493
1809	-0.01668804
1810	-0.00896454
1811	0.01720274
1812	-0.01222580
1813	0.01529336
1814	0.03025939
1815	-0.01326895
1816	0.03784866
1817	-0.01067654
1818	-0.02241309
1819	0.01529415
1820	-0.02043604
1821	-0.00978025
1822	0.04093827
1823	0.00016754
1824	0.00035398
1825	0.04392093
1826	-0.02219801
1827	-0.00884182
1828	-0.01357883
1829	-0.01037595
1830	0.01533910
1831	0.01281305
1832	-0.01668480
1833	0.06253010
1834	-0.02194000
1835	-0.01827276
1836	0.00708471
1837	-0.01963166
1838	0.01626933
1839	0.03067426
1840	0.01054144
1841	0.04201034
1842	-0.00219206
1843	-0.01359860
1844	0.02626719
1845	-0.00969163
1846	0.00491333
1847	0.04634963
1848	0.00290238
1849	0.00500177
1850	0.02745407
1851	-0.01742940
1852	-0.00418987
1853	-0.01208771
1854	-0.01664963
1855	0.03751028
1856	0.01508585
1857	-0.00720833
1858	0.06372136
1859	0.00349812
1860	-0.01922720
1861	0.00012664
1862	-0.01428779
1863	0.01837444
1864	0.02807198
1865	-0.01202487
1866	0.04310741
1867	-0.00886604
1868	-0.01657221
1869	0.03250747
1870	-0.01848025
1871	0.00012607
1872	0.04480308
1873	0.00390055
1874	0.00509732
1875	0.03999242
1876	-0.01981007
1877	-0.00751081
1878	-0.01233155
1879	-0.00636750
1880	0.03612638
1881	0.00695426
1882	-0.01762512
1883	0.06105072
1884	-0.02316030
1885	-0.01955287
1886	0.00509277
1887	-0.02458315
1888	0.00305316
1889	0.02899045
1890	-0.00898920
1891	0.03995541
1892	-0.00699937
1893	-0.02328696
1894	0.02212468
1895	-0.01220644
1896	0.00270826
1897	0.04458928
1898	-0.00390280
1899	0.00653499
1900	0.03429129
1901	-0.01564906
1902	0.00048368
1903	-0.01089986
1904	-0.01026773
1905	0.04057595
1906	0.02479376
1907	0.00902040
1908	0.07193377
1909	-0.01519724
1910	-0.01190815
1911	0.00834464
1912	-0.01269711
1913	0.02415051
1914	0.02889252
1915	-0.00824265
1916	0.04263242
1917	-0.00766684
1918	-0.02468839
1919	0.01468881
1920	-0.02276284
1921	-0.00637813
1922	0.03446280
1923	-0.00362550
1924	0.00232962
1925	0.03165575
1926	-0.02827248
1927	-0.00715206
1928	-0.02129901
1929	-0.01304477
1930	0.03523158
1931	0.00657047
1932	-0.01699216
1933	0.05912922
1934	-0.02094045
1935	-0.02067672
1936	-0.00341751
1937	-0.01859932
1938	0.01677554
1939	0.03157775
1940	-0.00790258
1941	0.04348784
1942	-0.00735468
1943	-0.01298771
1944	0.02621015
1945	-0.00875011
1946	0.00078121
1947	0.04408143
1948	0.00480378
1949	0.00853540
1950	0.02990917
1951	-0.01688382
1952	0.00118861
1953	-0.01096246
1954	-0.01302085
1955	0.02960324
1956	0.01200289
1957	-0.00442394
1958	0.06512368
1959	-0.02077848
1960	-0.01820163
1961	0.00507382
1962	-0.01402552
1963	0.01928621
1964	0.02807814
1965	-0.01348851
1966	0.04862724
1967	-0.01417729
1968	-0.02156189
1969	0.01642852
1970	-0.02108249
1971	-0.00132373
1972	0.03894474
1973	0.00020097
1974	0.00486387
1975	0.02816871
1976	-0.01938230
1977	-0.00210351
1978	-0.01538680
1979	-0.00936856
1980	0.03608865
1981	0.00565219
1982	-0.01251916
1983	0.07213375
1984	-0.03525753
1985	-0.01741122
1986	-0.00132020
1987	-0.01758599
1988	0.02452763
1989	0.02811621
1990	-0.00558223
1991	0.04738679
1992	-0.00923984
1993	-0.01730821
1994	0.01679908
1995	-0.01488925
1996	-0.00039307
1997	0.03695042
1998	-0.00660784
1999	0.00363612
2000	0.02449894
2001	-0.02183808
2002	-0.00845730
2003	-0.01504061
2004	-0.01762564
2005	0.03989212
2006	0.01246721
2007	-0.00626115
2008	0.06473677
2009	-0.01615041
2010	-0.01335586
2011	0.01119548
2012	-0.00958582
2013	0.02321910
2014	0.03486484
2015	-0.00831775
2016	0.05107607
2017	-0.00719017
2018	-0.01555698
2019	0.01883802
2020	-0.01685535
2021	0.00126038
2022	0.04592978
2023	-0.00325966
2024	0.00771869
2025	0.03009087
2026	-0.01934632
2027	-0.00091919
2028	-0.01660986
2029	-0.01021351
2030	0.03572331
2031	0.00392333
2032	-0.01727447
2033	0.06028596
2034	-0.02758429
2035	-0.02341677
2036	-0.00881417
2037	-0.02677088
2038	0.01527119
2039	0.02382527
2040	-0.01131691
2041	0.04346511
2042	-0.00953742
2043	-0.02087430
2044	0.02238399
2045	-0.01811325
2046	0.00336838
2047	0.04025200
2048	-0.00457100
2049	0.00820420
2050	0.03762423
2051	-0.01757437
2052	0.00186765
2053	-0.01364657
2054	-0.01260357
2055	0.04140999
2056	0.01893202
2057	-0.00219616
2058	0.06555793
2059	-0.01352531
2060	-0.01108244
2061	0.00293123
2062	-0.01197630
2063	0.01520603
2064	0.02605783
2065	-0.01310702
2066	0.04955759
2067	-0.01534535
2068	-0.02266844
2069	0.00879717
2070	-0.02305909
2071	0.01528477
2072	0.04032709
2073	-0.00291217
2074	0.00787954
2075	0.02282539
2076	-0.01979267
2077	-0.00219893
2078	-0.01645179
2079	-0.01121386
2080	0.03220467
2081	0.00859479
2082	-0.01441522
2083	0.06059115
2084	-0.02500651
2085	-0.01963990
2086	-0.00486910
2087	-0.02035340
2088	0.01985488
2089	0.02065366
2090	-0.00521567
2091	0.04972865
2092	-0.01620485
2093	-0.02132452
2094	0.01735252
2095	-0.01596164
2096	0.00031706
2097	0.03392111
2098	-0.00587976
2099	0.00770818
2100	0.02397550
2101	-0.02208112
2102	-0.00416365
2103	-0.01396120
2104	-0.01679304
2105	0.04006680
2106	0.01006442
2107	-0.01099169
2108	0.06554616
2109	-0.03465146
2110	-0.01341581
2111	0.00137070
2112	-0.01307591
2113	0.02287608
2114	0.02356903
2115	-0.01115150
2116	0.05067614
2117	-0.01035175
2118	-0.02057422
2119	0.02125519
2120	-0.01626297
2121	0.00724441
2122	0.03948509
2123	0.00342781
2124	0.00929664
2125	0.03459552
2126	-0.01865630
2127	0.02357305
2128	-0.01590162
2129	-0.00720194
2130	0.03811463
2131	0.00897739
2132	-0.01599783
2133	0.05835419
2134	-0.02441934
2135	-0.01539112
2136	-0.00788470
2137	-0.02181710
2138	0.02875689
2139	0.01807215
2140	-0.00767194
2141	0.04825783
2142	-0.01492881
2143	-0.01963814
2144	0.02033474
2145	-0.01665921
2146	0.00017101
2147	0.03840744
2148	-0.00900657
2149	0.00846976
2150	0.01854183
2151	-0.02565520
2152	0.00499226
2153	-0.02420983
2154	-0.01498831
2155	0.03438422
2156	0.01327178
2157	0.00708114
2158	0.06552307
2159	-0.02256046
2160	-0.01357706
2161	-0.00061285
2162	-0.01092638
2163	0.02336575
2164	0.02545540
2165	-0.01409057
2166	0.05541590
2167	-0.00876874
2168	-0.01876623
2169	0.02383110
2170	-0.01608025
2171	0.00561280
2172	0.04115934
2173	0.00099715
2174	0.01777787
2175	0.01242248
2176	-0.01818820
2177	0.00278049
2178	-0.01671460
2179	-0.00867801
2180	0.04001889
2181	0.00909468
2182	-0.01344538
2183	0.05599487
2184	-0.02386251
2185	-0.01912596
2186	-0.02677779
2187	-0.02204677
2188	0.02296805
2189	0.02499574
2190	-0.00838774
2191	0.05502674
2192	-0.01866407
2193	-0.02022625
2194	0.01599912
2195	-0.01734394
2196	0.00716479
2197	0.03616440
2198	-0.01159954
2199	0.01334852
2200	0.00997110
2201	-0.02436745
2202	0.00267089
2203	-0.02036965
2204	-0.01655770
2205	0.03993172
2206	0.01345560
2207	-0.01178648
2208	0.06389908
2209	-0.02185045
2210	-0.01374532
2211	-0.00536733
2212	-0.01029409
2213	0.02165563
2214	0.02124346
2215	-0.01748662
2216	0.05421051
2217	-0.01472375
2218	-0.02082965
2219	0.02260539
2220	-0.01975960
2221	0.00542335
2222	0.03824782
2223	0.00175954
2224	0.01522575
2225	0.01466198
2226	-0.01654336
2227	0.01216910
2228	-0.01449984
2229	-0.00188284
2230	0.04444589
2231	0.00771980
2232	-0.01040984
2233	0.06007902
2234	-0.00516957
2235	-0.01356406
2236	0.00071771
2237	-0.02203365
2238	0.02369641
2239	0.02124856
2240	-0.00748559
2241	0.05280543
2242	-0.01684245
2243	-0.02086587
2244	0.00957200
2245	-0.01228197
2246	0.00474520
2247	0.03701793
2248	-0.00664639
2249	0.01554092
2250	0.01350133
2251	-0.02366758
2252	0.00195896
2253	-0.01934326
2254	-0.01091598
2255	0.03549390
2256	0.00559599
2257	-0.00788971
2258	0.05479770
2259	-0.02486033
2260	-0.01620792
2261	-0.00843536
2262	-0.01506660
2263	0.02945203
2264	0.02129287
2265	-0.01875328
2266	0.05568667
2267	-0.01764098
2268	-0.01788697
2269	0.02510072
2270	-0.01993723
2271	0.00791185
2272	0.03571941
2273	-0.00834011
2274	0.01483237
2275	0.01694441
2276	-0.01526354
2277	0.01267424
2278	-0.01366402
2279	-0.00284771
2280	0.04201126
2281	0.00095508
2282	-0.04547589
2283	0.05963652
2284	-0.01682849
2285	-0.00848718
2286	-0.00167103
2287	-0.02172231
2288	0.02879396
2289	0.02519592
2290	-0.00641646
2291	0.05758095
2292	0.00141451
2293	-0.01757733
2294	0.01753691
2295	-0.01639571
2296	0.00305260
2297	0.03390143
2298	-0.00804005
2299	0.01150583
2300	0.03222155
2301	-0.02318738
2302	0.00840251
2303	-0.02242631
2304	-0.01974490
2305	0.03910100
2306	0.00636808
2307	-0.00799647
2308	0.05718864
2309	-0.02173412
2310	-0.01881960
2311	-0.01930705
2312	-0.01581469
2313	0.02208260
2314	0.02030763
2315	-0.01804772
2316	0.05552908
2317	-0.01553121
2318	-0.02203479
2319	0.02687435
2320	-0.02139899
2321	0.00499844
2322	0.03714530
2323	0.00086793
2324	0.01954820
2325	0.01248786
2326	-0.01603833
2327	0.01304887
2328	-0.01383974
2329	-0.00513804
2330	0.04429767
2331	0.00525958
2332	-0.00995428
2333	0.05304459
2334	-0.02286848
2335	-0.01599592
2336	-0.01102939
2337	-0.02129017
2338	0.02695077
2339	0.02484887
2340	-0.02895990
2341	0.05491863
2342	-0.01857721
2343	-0.01517468
2344	0.01883688
2345	-0.01524321
2346	0.00596725
2347	0.03870761
2348	-0.00844642
2349	0.01608255
2350	0.01900899
2351	-0.02051109
2352	0.00570632
2353	-0.01824842
2354	-0.01273185
2355	0.03901472
2356	0.00725901
2357	-0.00592993
2358	0.05465612
2359	-0.05230493
2360	-0.01800364
2361	-0.00532509
2362	-0.01451158
2363	0.01794088
2364	0.02005496
2365	-0.01652383
2366	0.05370549
2367	-0.01957295
2368	-0.02422341
2369	0.00157304
2370	-0.02271269
2371	0.00961944
2372	0.03255295
2373	-0.00855466
2374	0.01858060
2375	0.00476751
2376	-0.01639481
2377	0.01108577
2378	-0.01508474
2379	-0.00887363
2380	0.04163383
2381	0.00793250
2382	-0.00677970
2383	0.05787043
2384	-0.02061458
2385	-0.01558624
2386	-0.00122767
2387	-0.01778437
2388	0.05435886
2389	0.02335715
2390	-0.00624038
2391	0.06145603
2392	-0.01549530
2393	-0.01356933
2394	0.00404697
2395	-0.01430415
2396	0.00227149
2397	0.03677381
2398	0.00299795
2399	0.02187146
2400	0.00994753
2401	-0.02125503
2402	0.00791593
2403	-0.02014664
2404	-0.01542517
2405	0.03762608
2406	0.00299621
2407	-0.01308085
2408	0.04515932
2409	-0.02345894
2410	-0.02005049
2411	-0.01120558
2412	-0.01309337
2413	0.02486865
2414	0.01618721
2415	-0.01645171
2416	0.05523113
2417	-0.03354004
2418	-0.02027915
2419	0.02315823
2420	-0.02005085
2421	0.01168916
2422	0.03677102
2423	-0.00049150
2424	0.02270097
2425	0.00481065
2426	-0.01496685
2427	0.01424620
2428	-0.01720396
2429	-0.00222030
2430	0.04083813
2431	0.00522607
2432	-0.00851197
2433	0.05884683
2434	-0.02169695
2435	-0.01550362
2436	0.00388458
2437	-0.01793946
2438	0.02958360
2439	0.02347235
2440	-0.00507325
2441	0.06348995
2442	-0.01763688
2443	-0.01573919
2444	0.02144910
2445	-0.01643422
2446	0.01165044
2447	0.03631081
2448	-0.00837951
2449	0.02017112
2450	0.00566415
2451	-0.02417663
2452	0.01200203
2453	-0.02417938
2454	-0.02335381
2455	0.04133666
2456	0.00282184
2457	-0.00815720
2458	0.04108683
2459	-0.02760873
2460	-0.01151305
2461	-0.00831736
2462	-0.01538057
2463	0.02213681
2464	0.01301626
2465	-0.02740468
2466	0.05622492
2467	-0.01798694
2468	-0.01789477
2469	0.01392511
2470	-0.01949012
2471	0.01368294
2472	0.03500973
2473	0.00287054
2474	0.02258158
2475	0.00101915
2476	-0.01320214
2477	0.01198071
2478	-0.01488069
2479	-0.00100943
2480	0.04649041
2481	0.00548501
2482	-0.00949548
2483	0.05414500
2484	0.00503068
2485	-0.01197659
2486	-0.01030544
2487	-0.01903375
2488	0.03372756
2489	0.02087305
2490	-0.00506086
2491	0.06192624
2492	-0.01865124
2493	-0.01464986
2494	0.02286220
2495	-0.02147048
2496	0.00789638
2497	0.03201187
2498	-0.01117018
2499	0.02122746
2500	0.01015146
2501	-0.02049758
2502	0.00988087
2503	-0.02353694
2504	-0.01054014
2505	0.04085957
2506	0.00769532
2507	-0.00391977
2508	0.04631072
2509	-0.02196084
2510	-0.01067906
2511	-0.01144607
2512	-0.01297334
2513	-0.00000504
2514	0.01335680
2515	-0.01662177
2516	0.06068834
2517	-0.01946624
2518	-0.01877291
2519	0.01509288
2520	-0.02596517
2521	0.00863808
2522	0.02804703
2523	-0.00001955
2524	0.02583884
2525	0.00342621
2526	-0.01702043
2527	0.01452780
2528	-0.01584027
2529	-0.00587384
2530	0.04574760
2531	-0.00372557
2532	-0.00603074
2533	0.04805748
2534	-0.01747980
2535	-0.00646388
2536	-0.00465751
2537	-0.01743706
2538	0.03416991
2539	0.02379311
2540	-0.00340652
2541	0.06060021
2542	-0.01074042
2543	-0.01632044
2544	0.01570073
2545	-0.01487223
2546	0.01055445
2547	0.03365462
2548	-0.00721392
2549	0.02338585
2550	0.00810412
2551	-0.01972984
2552	0.01146987
2553	-0.02398614
2554	-0.01018206
2555	0.03691970
2556	0.00031992
2557	-0.00558818
2558	0.03953606
2559	-0.02129340
2560	-0.02176848
2561	-0.03537722
2562	-0.01126810
2563	0.02757848
2564	0.01700052
2565	-0.01640554
2566	0.05907432
2567	-0.01692654
2568	-0.01711911
2569	0.02107837
2570	-0.01674073
2571	0.00618004
2572	0.04083087
2573	-0.00106474
2574	0.02890410
2575	0.00841263
2576	-0.01500228
2577	0.01509530
2578	-0.01474077
2579	0.00412882
2580	0.04706421
2581	0.01057755
2582	-0.00215712
2583	0.05313005
2584	-0.02130156
2585	-0.00863452
2586	-0.00274043
2587	-0.01664143
2588	0.03716002
2589	0.02783448
2590	-0.01037973
2591	0.06084755
2592	-0.01231803
2593	-0.01471551
2594	0.02412783
2595	-0.01319203
2596	0.01391659
2597	0.04157934
2598	-0.00556024
2599	0.02822557
2600	-0.00246416
2601	-0.02213580
2602	0.02050804
2603	-0.01932292
2604	-0.00666231
2605	0.03910665
2606	0.00252082
2607	-0.00695205
2608	0.03351691
2609	-0.03583394
2610	-0.01983703
2611	-0.01481764
2612	-0.01564512
2613	0.02639449
2614	0.01128524
2615	-0.02092985
2616	0.05602204
2617	-0.02242274
2618	-0.02680172
2619	0.01355936
2620	-0.02007716
2621	0.01326742
2622	0.03034822
2623	-0.00405568
2624	0.02894988
2625	-0.00239801
2626	-0.01590231
2627	0.00111404
2628	-0.00768687
2629	-0.00196020
2630	0.04497821
2631	0.00198589
2632	-0.00583615
2633	0.05299162
2634	-0.02020096
2635	-0.00940233
2636	-0.00817475
2637	-0.01859031
2638	0.03369173
2639	0.01985744
2640	-0.00958683
2641	0.06029043
2642	-0.02189108
2643	-0.01694703
2644	0.00660531
2645	-0.01646279
2646	0.00599439
2647	0.02337814
2648	-0.00749466
2649	0.02459077
2650	-0.00778398
2651	-0.02586609
2652	0.00738466
2653	-0.02292712
2654	-0.00899788
2655	0.04209357
2656	0.00550095
2657	-0.00791042
2658	0.03562298
2659	-0.01787250
2660	-0.00479498
2661	-0.01195218
2662	-0.00926106
2663	0.02822993
2664	0.01354519
2665	-0.01423420
2666	0.06422021
2667	-0.00309460
2668	-0.02127352
2669	0.00774254
2670	-0.02398665
2671	0.00983168
2672	0.03165276
2673	-0.00482475
2674	0.02588263
2675	-0.00650343
2676	-0.01975843
2677	0.01608144
2678	-0.02024641
2679	-0.00474857
2680	0.03943567
2681	-0.00079169
2682	-0.00336251
2683	0.04743576
2684	-0.02283272
2685	-0.01507982
2686	0.04346641
2687	-0.01768761
2688	0.03497391
2689	0.02123353
2690	-0.00640903
2691	0.06590796
2692	-0.01790570
2693	-0.01347401
2694	0.01962750
2695	-0.01446817
2696	0.00454425
2697	0.03136099
2698	-0.00869318
2699	0.03820541
2700	-0.00178922
2701	-0.02165333
2702	0.01422806
2703	-0.02167150
2704	-0.01331535
2705	0.03671081
2706	-0.00071562
2707	-0.00394920
2708	0.04010990
2709	-0.01834121
2710	-0.01312332
2711	-0.01258789
2712	-0.01494206
2713	0.02971027
2714	0.01009352
2715	-0.01129873
2716	0.05807327
2717	-0.02173975
2718	-0.02313620
2719	0.00399576
2720	-0.02599751
2721	0.00924716
2722	0.02735364
2723	-0.00525716
2724	0.03351104
2725	0.00377721
2726	-0.01876763
2727	0.01538833
2728	-0.01283334
2729	-0.00095675
2730	0.04157053
2731	0.00259160
2732	0.00025554
2733	0.05273437
2734	-0.02035073
2735	-0.00528679
2736	-0.01260220
2737	-0.02115948
2738	0.03639922
2739	0.01808117
2740	-0.00747609
2741	0.06319349
2742	-0.01941481
2743	-0.01318530
2744	0.00123327
2745	-0.01051768
2746	0.01658783
2747	0.03332961
2748	-0.00844538
2749	0.03416594
2750	-0.00620491
2751	-0.01748253
2752	0.01343617
2753	-0.01933668
2754	-0.00880354
2755	0.04227704
2756	0.00436889
2757	0.00271184
2758	0.03316485
2759	-0.01732770
2760	-0.00393273
2761	-0.01240015
2762	-0.01249890
2763	0.04205246
2764	0.01604706
2765	-0.01647435
2766	0.06228835
2767	-0.02148319
2768	-0.02424065
2769	0.00683321
2770	-0.02550500
2771	0.01000893
2772	0.02248376
2773	-0.00303539
2774	0.03297110
2775	-0.00732447
2776	-0.02333353
2777	0.01445524
2778	-0.01941977
2779	0.00076650
2780	0.03776959
2781	-0.00673576
2782	0.00182664
2783	0.04096111
2784	-0.01881195
2785	-0.00167408
2786	-0.00993753
2787	-0.01768600
2788	0.03886182
2789	0.01792723
2790	-0.00872943
2791	0.06001739
2792	-0.04489392
2793	-0.01129140
2794	0.00862116
2795	-0.01205440
2796	0.01392916
2797	0.02840919
2798	-0.00873693
2799	0.03896488
2800	-0.00530836
2801	-0.01628045
2802	0.01800297
2803	-0.01843173
2804	-0.00452816
2805	0.04221125
2806	0.00264433
2807	-0.00042911
2808	0.03243755
2809	-0.01764351
2810	-0.00887409
2811	-0.02114026
2812	-0.01066151
2813	0.03192466
2814	0.01059616
2815	-0.01972047
2816	0.06019078
2817	-0.01934084
2818	-0.02096378
2819	-0.00286552
2820	-0.01850213
2821	0.01147839
2822	0.02447467
2823	-0.00793567
2824	0.03472447
2825	-0.00248886
2826	-0.01902665
2827	0.01685189
2828	-0.01585343
2829	0.00276533
2830	0.04377231
2831	0.00574959
2832	0.00276713
2833	0.04469045
2834	-0.01664964
2835	-0.00223200
2836	-0.01054077
2837	-0.01184434
2838	0.03382079
2839	0.02635279
2840	0.01724023
2841	0.06400161
2842	-0.01483699
2843	-0.01079547
2844	0.00872656
2845	-0.00829959
2846	0.01983760
2847	0.03456932
2848	-0.00521265
2849	0.03744411
2850	-0.00712104
2851	-0.02033544
2852	0.02097980
2853	-0.02021543
2854	-0.00232734
2855	0.03724204
2856	0.00178235
2857	0.00152644
2858	0.01689894
2859	-0.02319712
2860	-0.01006840
2861	-0.01671901
2862	-0.01132974
2863	0.03176309
2864	0.00929705
2865	-0.01625087
2866	0.06371316
2867	-0.01828394
2868	-0.01664604
2869	0.02107265
2870	-0.02149263
2871	0.02000092
2872	0.02799214
2873	-0.00613938
2874	0.03949397
2875	-0.00400094
2876	-0.01405554
2877	0.02645890
2878	-0.00956475
2879	0.00452123
2880	0.04594224
2881	0.00430575
2882	0.00736791
2883	0.03433773
2884	-0.01648897
2885	-0.00233081
2886	-0.01122960
2887	-0.01773724
2888	0.01697411
2889	0.01088873
2890	-0.01169014
2891	0.05928922
2892	-0.02042011
2893	-0.01649403
2894	-0.00580101
2895	-0.01334759
2896	0.01493904
2897	0.02301384
2898	-0.00303188
2899	0.04419464
2900	-0.00632978
2901	-0.01854577
2902	0.02489737
2903	-0.01832223
2904	-0.00069704
2905	0.04684890
2906	0.01253812
2907	0.00813426
2908	0.03418023
2909	-0.01314064
2910	0.00286032
2911	-0.00872289
2912	-0.00051153
2913	0.03983972
2914	0.01539616
2915	-0.01277558
2916	0.06635429
2917	0.02127501
2918	-0.01740184
2919	0.00211829
2920	-0.02179040
2921	0.01439271
2922	0.02399670
2923	-0.01124604
2924	0.03817083
2925	-0.01326115
2926	-0.02409182
2927	0.01800405
2928	-0.01993232
2929	-0.00483101
2930	0.03705829
2931	-0.00120603
2932	0.00181377
2933	0.03345524
2934	-0.02043353
2935	0.00218452
2936	0.00122662
2937	-0.01145185
2938	0.04315265
2939	0.02158148
2940	-0.00166559
2941	0.06323376
2942	-0.01050545
2943	-0.01156816
2944	0.00749852
2945	-0.00760116
2946	0.01524688
2947	0.02855012
2948	-0.00577868
2949	0.04621281
2950	-0.00304613
2951	-0.02225661
2952	0.02070312
2953	-0.01777123
2954	-0.00734136
2955	0.03605855
2956	-0.00427918
2957	0.00362800
2958	0.02344576
2959	-0.02146630
2960	0.00049072
2961	-0.02025860
2962	-0.01372911
2963	0.03128126
2964	0.01320589
2965	-0.00781962
2966	0.06121802
2967	-0.02247013
2968	-0.02114440
2969	0.01394913
2970	-0.02020608
2971	0.01868496
2972	0.02697837
2973	-0.00476703
2974	0.04327759
2975	-0.00508530
2976	-0.01422282
2977	0.01889149
2978	-0.01883990
2979	-0.00066700
2980	0.04151747
2981	-0.00088030
2982	0.00753266
2983	0.02834562
2984	-0.02169077
2985	0.00072217
2986	-0.00949784
2987	-0.01417980
2988	0.03856492
2989	0.02016328
2990	-0.00473510
2991	0.06647948
2992	-0.01779903
2993	-0.01814558
2994	0.00663221
2995	-0.01296871
2996	0.01699406
2997	0.02528718
2998	-0.01174892
2999	0.04412326
3000	-0.00676034