	C:\Users\jkuzm\OneDrive - University of Massachusetts\HRSL x UMILL-PUMA Fatigue - Fatigue\Data\F01\FR3_static2.c3d _ImpedanceExport
	FP1
	FREEMOMENT
	ORIGINAL
ITEM	Z
1	2.20151448
2	4.35858917
3	-3.83571053
4	4.44304991
5	-1.20149040
6	-7.00340986
7	-0.25429207
8	-3.39587259
9	-4.96759701
10	3.01904249
11	0.51275080
12	3.02502036
13	0.48431790
14	-7.51481819
15	-1.48410976
16	1.26474929
17	-10.81448555
18	3.75261188
19	2.72231317
20	-0.02231498
21	4.60569286
22	-2.57443571
23	-4.61597204
24	1.85242915
25	-8.73323059
26	3.08510494
27	2.81682181
28	-3.77824593
29	3.07857943
30	-1.07007372
31	-7.14572096
32	0.94410944
33	-3.15334582
34	-4.73983669
35	3.68714738
36	-0.66204655
37	2.59671426
38	2.23229623
39	-7.79015923
40	-3.01962447
41	0.26249054
42	-10.66694260
43	3.37951112
44	2.33307528
45	0.91192192
46	2.17193151
47	-3.91435790
48	-4.65138149
49	2.91688251
50	-8.60745907
51	3.31550264
52	4.23904991
53	-3.37501097
54	4.68625498
55	-0.10311510
56	-7.07957554
57	-0.00065499
58	-3.41817260
59	-3.25115275
60	4.12041712
61	0.66363698
62	2.74796939
63	1.72732913
64	-7.61446714
65	-0.86355078
66	1.70157611
67	-10.76731205
68	4.86187315
69	2.70024371
70	0.59188282
71	4.31395674
72	-4.97070360
73	-4.59213924
74	1.63652062
75	-8.86818790
76	2.86650729
77	3.02826047
78	-3.13796258
79	2.36226511
80	-1.84873080
81	-7.73505592
82	0.82387316
83	-4.26016665
84	-3.12593508
85	4.45635033
86	-0.21376181
87	3.57415724
88	1.90714109
89	-7.81113577
90	-3.39374352
91	0.18450859
92	-10.78154755
93	3.29227805
94	1.39798856
95	0.85111707
96	2.18427467
97	-4.75035524
98	-4.33736467
99	7.45869970
100	-9.45110416
101	3.50297499
102	4.13076925
103	-3.59978437
104	4.51305532
105	-0.51499420
106	-6.33802462
107	0.83371037
108	-2.86793447
109	-3.12041545
110	3.45424151
111	0.33670485
112	3.00407338
113	1.48034739
114	-7.48114729
115	-1.06876397
116	1.65137327
117	-11.80832863
118	6.52588034
119	2.18951821
120	0.22507861
121	3.36105871
122	-6.01863241
123	-5.26415491
124	0.94532746
125	-10.54743195
126	2.26580191
127	2.84926224
128	-2.98568583
129	3.27259159
130	-1.86259627
131	-7.67667961
132	0.97289848
133	-3.76550961
134	-2.60330629
135	4.37224340
136	-0.93772376
137	3.49668622
138	1.08087111
139	-7.62642574
140	-1.62074363
141	1.28160596
142	-9.99040985
143	5.27107191
144	2.43659735
145	0.71703166
146	1.42662644
147	-7.42558813
148	-4.28606129
149	2.62687802
150	-9.99494267
151	3.05700040
152	2.88027525
153	-2.85665822
154	3.13261175
155	-2.39850473
156	-7.66319370
157	1.16885579
158	-5.97985840
159	-3.45055962
160	3.42119360
161	-1.35665917
162	2.81243753
163	0.81097293
164	-7.38497114
165	0.36965907
166	1.52359104
167	-10.67748356
168	4.88379002
169	2.74831796
170	2.84776759
171	3.97142720
172	-4.82983303
173	-2.99969649
174	2.17940664
175	-9.85133934
176	1.50204611
177	3.13139868
178	-2.88055158
179	3.11078095
180	-1.62045586
181	-7.44435215
182	0.77069122
183	-3.93354416
184	-2.65278316
185	3.51010585
186	0.06459729
187	3.07824945
188	1.62190270
189	-8.39125156
190	-2.16983867
191	0.00808966
192	-10.64492893
193	3.90904641
194	1.84136498
195	6.59770584
196	2.88730407
197	-4.52933216
198	-3.75043321
199	2.79654551
200	-10.35052299
201	3.65511513
202	3.80122781
203	-1.86332440
204	4.70579290
205	-2.90323830
206	-7.01211882
207	0.27483469
208	-4.10876369
209	-2.36924124
210	3.57076383
211	-1.67593074
212	2.64794159
213	0.30055422
214	-8.20369244
215	-1.82046390
216	1.18770528
217	-9.15271854
218	3.66600418
219	2.42095757
220	1.48900783
221	3.52304626
222	-6.46445942
223	-4.93105173
224	-4.42180109
225	-9.52739716
226	3.34624362
227	3.52842736
228	-3.56416416
229	3.27345014
230	-1.84412897
231	-6.67672062
232	1.56647348
233	-4.71332502
234	-1.58685613
235	4.48591042
236	-0.14497198
237	3.34657502
238	1.45618510
239	-8.69904232
240	-1.92537951
241	-0.38813245
242	-9.19630623
243	2.09997654
244	1.24141932
245	0.73057961
246	1.74415648
247	-5.66964388
248	-3.65922999
249	2.92259669
250	-10.29300022
251	3.59722185
252	4.13038301
253	-2.56436133
254	5.10072231
255	-2.07122636
256	-6.80027819
257	0.95195699
258	-4.49160719
259	-3.16795945
260	3.56048465
261	0.31697968
262	3.27565646
263	1.97140431
264	-7.52947998
265	-0.77784246
266	1.76710343
267	-10.72877693
268	5.04910421
269	2.28230262
270	0.74235368
271	3.28711939
272	-7.58489990
273	-4.75838566
274	1.14235866
275	-9.62691498
276	3.70666790
277	2.02040792
278	-2.90850830
279	2.80032206
280	-2.64428210
281	-7.32645464
282	0.08013442
283	-4.92982531
284	-2.44362688
285	4.20434570
286	-1.07323396
287	3.40810061
288	0.83653796
289	-7.84252739
290	-1.34568298
291	-0.10883898
292	-8.59103203
293	3.75605941
294	1.17364001
295	0.79844815
296	2.59076548
297	-5.64177513
298	-3.58668160
299	2.66891003
300	-9.61638260
301	0.51190865
302	3.92311645
303	-3.47229195
304	5.23628998
305	-1.72491133
306	-6.93830872
307	0.62410235
308	-4.49946213
309	-2.14702320
310	3.92298627
311	-1.46659946
312	3.85108471
313	1.17692971
314	-8.26451874
315	-0.36927292
316	1.30436015
317	-9.34712124
318	4.82492781
319	2.81042027
320	-5.80646038
321	4.18091011
322	-5.43454885
323	-3.17886662
324	2.24206138
325	-9.37060738
326	3.76947355
327	3.08922195
328	-4.07023621
329	2.49759316
330	-1.46220016
331	-7.07387733
332	1.42007434
333	-5.43658924
334	-1.88936090
335	3.86748934
336	-1.92422962
337	3.80191994
338	1.84971261
339	-7.66334629
340	-1.28525579
341	-0.60741740
342	-10.16732025
343	3.89070702
344	1.59079814
345	1.20868909
346	2.26854801
347	-4.97983265
348	-2.94188547
349	5.27027941
350	-10.47005749
351	3.86790609
352	4.34103107
353	-3.06697392
354	4.30098677
355	-1.88243651
356	-6.67632341
357	1.09227169
358	-4.87897682
359	-1.49075639
360	3.64287949
361	-1.70566845
362	3.11708784
363	0.76300913
364	-7.92447138
365	0.06618495
366	0.97872466
367	-11.33656693
368	5.11555338
369	1.73516381
370	-0.05142413
371	3.35509419
372	-6.11280298
373	-2.98229790
374	1.68021297
375	-10.36906624
376	3.48259282
377	3.92719531
378	-1.89185822
379	2.60313678
380	-1.52074385
381	-7.19999838
382	1.82370937
383	-4.35976982
384	0.33222386
385	3.85508585
386	-0.99590057
387	4.79216909
388	1.83037794
389	-8.24711227
390	-2.45975113
391	-0.47905764
392	-10.26423550
393	3.28365326
394	0.58156937
395	-0.00008568
396	1.77974522
397	-9.08940411
398	-3.69155455
399	2.35799599
400	-11.64895535
401	3.40860963
402	3.15803933
403	-2.00294447
404	3.29614210
405	-2.17609429
406	-7.73988438
407	-0.56332695
408	-5.11332178
409	-0.13837989
410	3.87559390
411	-2.42244387
412	4.15498257
413	0.70841897
414	-7.19341278
415	1.11922109
416	0.76280278
417	-9.24844646
418	5.03583384
419	2.49828315
420	2.97972393
421	4.48291969
422	-5.20687819
423	-3.62587547
424	2.20857334
425	-11.08238316
426	11.16615486
427	3.45934534
428	-5.24214220
429	3.15924883
430	-2.24163103
431	-7.52300167
432	1.11806560
433	-6.24355459
434	-0.13925104
435	3.21680737
436	-1.00493681
437	3.18765140
438	0.65407121
439	-8.78573513
440	-1.74440277
441	-0.57138079
442	-9.00833130
443	4.18262386
444	1.73901117
445	2.54103613
446	2.23280311
447	-5.97393799
448	-3.09748793
449	3.62754703
450	-11.40048885
451	4.24304247
452	3.31273913
453	-4.84555817
454	3.94895744
455	-3.13779593
456	-6.31211567
457	0.33066276
458	-5.36363459
459	-2.00175261
460	3.77568173
461	-3.14038992
462	3.57074714
463	-0.55943590
464	-8.13386726
465	-0.89192867
466	0.67899734
467	-8.22251511
468	5.02811337
469	2.36940289
470	3.18714952
471	4.40401220
472	-5.78429461
473	-3.68137288
474	-3.22620893
475	-11.45636177
476	3.85152721
477	3.26051855
478	-3.70823097
479	3.04610872
480	-2.08882403
481	-6.26909733
482	1.82777154
483	-5.65302515
484	0.98834646
485	3.67524481
486	-3.23438835
487	3.72897077
488	1.71788108
489	-8.01110935
490	-1.41504014
491	-1.31121099
492	-7.81167555
493	3.45000935
494	0.29769191
495	0.35221526
496	1.58636904
497	-5.89049816
498	-3.13839054
499	2.40623760
500	-12.08374405
501	4.89424372
502	2.49167705
503	-6.08952999
504	3.97624683
505	-3.35252857
506	-6.56328487
507	0.62939167
508	-6.14627790
509	-0.74682480
510	3.45489264
511	-2.20549464
512	2.54734540
513	0.57211125
514	-7.67412567
515	0.44429743
516	0.12397136
517	-8.66227341
518	4.78555441
519	3.01003742
520	2.88254380
521	4.33436537
522	-1.21494067
523	-1.88900959
524	2.59226847
525	-11.46032238
526	4.64548254
527	3.56804991
528	-2.72176337
529	2.99252987
530	-2.68573475
531	-5.72865534
532	1.33871281
533	-6.82231188
534	-0.53577507
535	3.88697267
536	-1.93850160
537	3.98972368
538	0.68986815
539	-8.26083469
540	-2.63917661
541	-0.60081643
542	-8.37166309
543	2.76378345
544	1.00050247
545	1.21579850
546	1.38856852
547	-7.23648787
548	-2.63493514
549	2.25829339
550	-13.40559387
551	-3.24941683
552	3.56440711
553	-2.38319397
554	4.05155277
555	-3.00503111
556	-6.42574596
557	1.09168243
558	-5.82109404
559	1.18532193
560	3.45752835
561	-3.32342577
562	3.76975060
563	1.18404901
564	-7.52481604
565	0.64281493
566	-0.20200181
567	-8.07418156
568	4.32251501
569	2.17886710
570	0.17521733
571	4.49006176
572	-5.46534395
573	-3.22560024
574	2.30616951
575	-11.34629059
576	4.52564478
577	3.30814886
578	-2.91723347
579	3.17290258
580	-0.73393726
581	-6.29067039
582	1.90383661
583	-6.77840424
584	-0.67719889
585	4.39084387
586	-1.86761940
587	3.87404490
588	1.61676466
589	-8.17662430
590	0.28196070
591	-0.11940747
592	-9.12820244
593	4.20103550
594	1.32406414
595	1.43646502
596	1.67280591
597	-5.99806261
598	-2.25565720
599	2.83045220
600	-11.80241680
601	4.89863062
602	3.92340064
603	-0.96271122
604	3.88494730
605	-1.80017185
606	-6.43015814
607	1.88179290
608	-6.44987726
609	-0.95357776
610	3.41999769
611	-3.08532071
612	2.48394060
613	-0.68313777
614	-9.17497730
615	-1.15755129
616	-0.56120539
617	-8.99938202
618	4.12991333
619	1.18633878
620	1.96463203
621	3.05311275
622	-6.76131821
623	-3.60319448
624	1.29326379
625	-11.65851688
626	3.92888236
627	4.87067175
628	-3.72286057
629	3.63052845
630	-2.34597254
631	-4.93407297
632	1.89373100
633	-6.46610022
634	1.35879743
635	4.48254728
636	-1.84609187
637	3.95815372
638	1.76447368
639	-7.71190262
640	-0.72639322
641	0.46623322
642	-7.85051060
643	4.02055120
644	1.14214611
645	1.93965316
646	2.17569256
647	-11.93320656
648	-2.75737333
649	2.45292377
650	-12.13054371
651	4.82176208
652	3.43030000
653	-1.87728715
654	2.57313395
655	-3.41025352
656	-6.65604925
657	2.52840924
658	-7.72399807
659	0.25038001
660	2.23658419
661	-3.35027313
662	2.03593111
663	-0.65376902
664	-8.34479523
665	0.90639877
666	-0.82593423
667	-7.74963713
668	4.54551315
669	1.08600616
670	2.09299326
671	3.51822972
672	-7.01353264
673	-2.79124784
674	1.72123373
675	-10.68302059
676	6.89789581
677	3.95144248
678	-1.68168986
679	3.02933025
680	-2.58829403
681	-5.57381105
682	2.53687143
683	-6.23561907
684	0.93205839
685	4.23996592
686	-2.41956353
687	4.10563755
688	1.05666566
689	-8.43006039
690	-0.55850530
691	-1.43743730
692	-7.14692307
693	3.56473684
694	-0.60466063
695	3.08686328
696	0.94409955
697	-7.52961588
698	-2.84491992
699	3.53207922
700	-11.94557571
701	4.35278559
702	3.84025764
703	-0.25349170
704	3.71195173
705	-4.42456007
706	-5.61814833
707	0.92440391
708	-7.02678776
709	1.46693194
710	2.97590518
711	-1.77687716
712	3.89357471
713	0.05829942
714	-7.42558479
715	1.21323335
716	-0.70926672
717	-6.21602535
718	4.34165668
719	0.97794122
720	2.68105865
721	3.28735828
722	-7.44335127
723	-2.63920236
724	-5.76341391
725	-11.32737732
726	3.81067753
727	1.97718680
728	-3.56843042
729	2.82880616
730	-2.55619979
731	-6.11770201
732	2.02760267
733	-8.38934898
734	-0.68965328
735	4.14708519
736	-3.72958326
737	3.96882582
738	0.44943172
739	-8.07073212
740	-0.19031607
741	-0.06798337
742	-2.67155957
743	4.85816145
744	2.74486446
745	3.32215762
746	2.56662846
747	-6.31944418
748	-1.73418868
749	2.86330819
750	-11.80776787
751	4.15729094
752	4.16352892
753	4.26344252
754	4.41014004
755	-3.49912930
756	-5.40544605
757	1.11288869
758	-7.40571594
759	0.95856249
760	2.55024147
761	-4.05079746
762	3.77671337
763	-1.22618806
764	-9.13665104
765	-0.10592676
766	-1.68418407
767	-7.89979458
768	3.24508214
769	0.25689423
770	1.90481043
771	3.62431836
772	-5.97238588
773	-3.56108117
774	1.22561657
775	-12.07997322
776	3.24293947
777	3.18474507
778	-0.20478553
779	3.12785602
780	-3.17051816
781	-5.57838154
782	0.97921187
783	-7.55671787
784	2.00688648
785	4.51233053
786	-2.23446178
787	4.07875299
788	0.64819378
789	-8.10680485
790	-0.86057949
791	-1.60282969
792	-8.03868580
793	4.06582594
794	0.73168314
795	2.06027031
796	1.85443223
797	-6.46745586
798	-1.67518091
799	2.54875493
800	-12.23029518
801	3.32770658
802	3.44618702
803	-0.50945652
804	4.55494308
805	-4.25774956
806	-5.82306480
807	1.49510002
808	-7.40169239
809	0.58480018
810	2.78253174
811	-4.91469002
812	2.30664635
813	-1.03220236
814	-9.10126495
815	-0.23010062
816	-1.28268063
817	-7.29174137
818	3.84077072
819	1.75142682
820	2.22415423
821	4.37565851
822	-8.07803822
823	-3.10966444
824	0.87637830
825	-11.88109684
826	4.07697678
827	2.97335458
828	-1.54540908
829	2.03131890
830	-4.64561844
831	-5.20011616
832	1.87663829
833	-8.58394718
834	2.19186616
835	3.82040572
836	-3.59614849
837	4.21201849
838	0.61194366
839	-8.04291058
840	-0.21965174
841	-0.36609772
842	-4.60896015
843	3.97500896
844	1.02142262
845	3.64411736
846	2.36993289
847	-6.28710079
848	-1.99547148
849	8.79915619
850	-12.40069866
851	5.30792618
852	4.31880951
853	-0.32102108
854	3.91382432
855	-4.26529551
856	-6.06460285
857	1.59337211
858	-9.26182652
859	0.83775103
860	2.29777980
861	-4.04530716
862	2.41508865
863	-1.16289210
864	-8.73375034
865	-1.31735814
866	-2.29807758
867	-10.43257046
868	3.48170137
869	-0.16525777
870	1.72039032
871	1.61047447
872	-7.53476238
873	-3.01762462
874	1.88482153
875	-11.48799801
876	4.57750845
877	3.55954719
878	-5.93299246
879	3.70392203
880	-1.94714832
881	-4.51064205
882	3.71696353
883	-7.72665119
884	3.01730657
885	3.92146254
886	-3.04646826
887	5.33849144
888	-0.00644517
889	-7.25465822
890	0.30035520
891	-1.53908014
892	-5.54985046
893	4.14336300
894	0.03533559
895	3.03704309
896	1.29589522
897	-10.20297337
898	-1.16239297
899	3.00255346
900	-11.16487026
901	4.27273178
902	3.86981797
903	0.01937682
904	3.93453670
905	-4.09201384
906	-4.79533672
907	2.08739948
908	-8.05988884
909	3.34070015
910	3.86974192
911	-4.20932579
912	3.27864218
913	-0.70245904
914	-8.36782455
915	1.11612082
916	-2.11146045
917	-7.75430965
918	4.03316116
919	-0.93714827
920	3.31253004
921	2.60037756
922	-8.16058445
923	-3.54842401
924	1.19582963
925	-12.90457821
926	1.04742026
927	1.80220819
928	-1.93591881
929	1.86306953
930	-4.61313915
931	-5.59500885
932	2.05827856
933	-8.74766064
934	1.88279688
935	4.22082186
936	-4.61537361
937	4.04472876
938	0.23257583
939	-7.42236948
940	0.16286442
941	-0.62559491
942	-6.05061483
943	4.75657129
944	1.91793239
945	4.09947634
946	3.30540395
947	-5.65577316
948	0.37186375
949	3.92451692
950	-10.42286777
951	5.48690796
952	4.40403652
953	-1.05264544
954	5.35370922
955	-6.81291580
956	-5.76152849
957	1.20721471
958	-10.04472446
959	1.73025084
960	2.77594709
961	-4.20249557
962	2.21833944
963	-1.61051571
964	-9.58918381
965	-0.23465590
966	-2.59823251
967	-5.64569378
968	3.33404851
969	-1.40207994
970	3.31985235
971	2.64488482
972	-8.66718483
973	-3.88387322
974	-6.65136194
975	-12.08357811
976	3.79939723
977	2.77786207
978	0.12211140
979	2.61950207
980	-4.34440851
981	-4.44806862
982	2.45069790
983	-8.86403084
984	5.79114294
985	3.77204752
986	-3.33515978
987	4.09525919
988	-0.46441400
989	-8.18162155
990	0.13259429
991	-1.24964118
992	-1.38832855
993	3.62189221
994	-1.35275519
995	3.96336722
996	1.66813695
997	-7.29060650
998	-0.91400415
999	2.64377403
1000	-11.07643890
1001	4.39656734
1002	3.08752227
1003	-1.08423138
1004	5.01656199
1005	-4.72204256
1006	-4.52730989
1007	1.82333124
1008	-8.83584404
1009	3.51195431
1010	4.55925655
1011	-2.94972563
1012	2.79528236
1013	0.25679147
1014	-7.49622965
1015	0.73976064
1016	-2.33285451
1017	-4.05579424
1018	4.21114254
1019	0.07389946
1020	3.54702854
1021	1.57468867
1022	-8.66521263
1023	-3.30753231
1024	-0.12306254
1025	-12.06316090
1026	4.07190561
1027	1.77004445
1028	-0.58824909
1029	2.39888310
1030	-4.41539907
1031	-5.74415493
1032	1.49391532
1033	-10.25745678
1034	1.73082662
1035	2.89525175
1036	-4.51720524
1037	3.50282717
1038	-1.07297456
1039	-8.69713593
1040	-0.33963802
1041	-2.11986399
1042	-3.65825820
1043	3.79669189
1044	0.52761930
1045	4.20999861
1046	2.28132582
1047	-6.19761562
1048	-0.25181770
1049	3.29617667
1050	-10.56388378
1051	-0.81034255
1052	4.22659492
1053	0.22687571
1054	4.90594196
1055	-4.36688185
1056	-3.95410585
1057	0.98815346
1058	-9.98954773
1059	2.60017276
1060	2.89690113
1061	-5.43762445
1062	2.64083028
1063	-1.88864315
1064	-8.43379593
1065	-0.14713712
1066	-3.48347449
1067	-5.80301046
1068	3.61550760
1069	-0.45493528
1070	2.77506185
1071	2.27500057
1072	-7.66798687
1073	-2.30056047
1074	1.54054320
1075	-11.51890087
1076	5.00183630
1077	4.05614853
1078	2.02094245
1079	4.18070936
1080	0.80663943
1081	-2.88035750
1082	3.63671851
1083	-9.45380211
1084	3.67479038
1085	4.42994308
1086	-3.79436064
1087	3.61208224
1088	-1.48203015
1089	-7.67294979
1090	0.27713042
1091	-3.70607591
1092	-5.15603495
1093	2.76709485
1094	-2.37025309
1095	2.74769139
1096	0.89873308
1097	-8.33290100
1098	-1.59788954
1099	3.16524673
1100	-12.00752258
1101	4.56440592
1102	3.04670238
1103	-2.01301122
1104	4.46659946
1105	-4.33606768
1106	-4.43147516
1107	2.38375783
1108	-9.79352951
1109	2.24651265
1110	3.46728015
1111	-3.47940254
1112	4.15497017
1113	-0.81697279
1114	-6.84185314
1115	1.97992086
1116	-2.48914385
1117	-5.41534376
1118	4.51877737
1119	-2.62191343
1120	3.30541277
1121	1.92435074
1122	-8.38945484
1123	-3.02003598
1124	0.46196404
1125	-11.11947060
1126	3.61918521
1127	1.80141294
1128	0.81841427
1129	1.72708344
1130	-5.91146421
1131	-5.04336977
1132	2.28173327
1133	-10.35913086
1134	2.92541003
1135	3.55373216
1136	-4.61862087
1137	4.12797213
1138	0.35867494
1139	-7.59331226
1140	-0.06300964
1141	-2.61621237
1142	-2.78285670
1143	3.54962873
1144	-1.21288657
1145	3.38786054
1146	2.68020940
1147	-7.52191353
1148	-0.36121067
1149	2.70193791
1150	-11.54623318
1151	5.00329161
1152	3.54753160
1153	-0.26324341
1154	4.31769466
1155	-5.32141256
1156	-5.21111488
1157	-0.24609534
1158	-10.46915913
1159	3.09170318
1160	3.60382509
1161	-3.59191251
1162	2.73545480
1163	-1.89888847
1164	-8.10601234
1165	0.08357784
1166	-4.04489374
1167	-4.38510990
1168	3.78163314
1169	-1.75625575
1170	2.79206777
1171	2.38894558
1172	-8.44019222
1173	-3.24512887
1174	0.93506891
1175	-12.59843731
1176	10.95320415
1177	2.14044666
1178	0.12172563
1179	2.45377135
1180	-4.96165180
1181	-4.55960083
1182	2.46068382
1183	-10.60412216
1184	3.00860620
1185	3.77703381
1186	-5.33061028
1187	4.01863480
1188	-1.34095252
1189	-7.69705582
1190	-0.36981109
1191	-3.78008771
1192	-3.12248731
1193	3.52157450
1194	-2.86926270
1195	2.41361189
1196	1.46589315
1197	-7.31402063
1198	-1.07500613
1199	2.18211222
1200	-11.38837147
1201	5.25280571
1202	4.05339384
1203	0.46362516
1204	4.20299053
1205	-12.10708618
1206	-4.89840746
1207	1.84325290
1208	-11.06223869
1209	3.22800112
1210	2.93971968
1211	-4.44202566
1212	2.70515656
1213	-1.31594944
1214	-8.33659554
1215	0.09960769
1216	-3.68305182
1217	-5.22915840
1218	3.05846953
1219	-2.60442710
1220	3.13408256
1221	2.80571198
1222	-8.42805672
1223	-3.06777835
1224	-2.54991126
1225	-10.64704227
1226	3.98136377
1227	1.71698999
1228	1.26110351
1229	2.45710683
1230	-4.63155460
1231	-3.52901673
1232	2.90166187
1233	-10.41746426
1234	4.78246117
1235	4.50536203
1236	-4.06111145
1237	4.37342596
1238	-1.31972361
1239	-6.49686193
1240	0.02562171
1241	-3.63097119
1242	-0.07536755
1243	3.80083847
1244	-0.16480005
1245	4.03180361
1246	1.03808093
1247	-8.33113480
1248	-1.42855883
1249	1.80819654
1250	-10.52166748
1251	4.68592501
1252	3.51973462
1253	-1.31432950
1254	3.56635761
1255	-4.82285500
1256	-4.30100346
1257	1.82911515
1258	-10.85479927
1259	3.45267963
1260	3.47968221
1261	-3.73628855
1262	3.03612113
1263	-2.60045838
1264	-6.65173912
1265	0.74263847
1266	-3.33114433
1267	-2.78449845
1268	4.10719299
1269	-1.40570247
1270	3.05517101
1271	2.26109838
1272	-8.74381447
1273	-0.38161322
1274	0.58578891
1275	-12.55664253
1276	3.28404307
1277	1.65338981
1278	0.82241917
1279	1.93039334
1280	-5.69849825
1281	-2.88029528
1282	-2.20013714
1283	-11.60837936
1284	3.59085464
1285	3.59672904
1286	-5.14535189
1287	3.58222032
1288	-1.63633454
1289	-7.36077595
1290	0.77485830
1291	-4.48103571
1292	-3.04473042
1293	3.70312548
1294	-2.49880147
1295	3.75501490
1296	1.07542586
1297	-7.80116320
1298	-0.80727708
1299	1.83029151
1300	-10.78110218
1301	-4.28908110
1302	2.79612613
1303	-0.36601579
1304	4.73732185
1305	-5.19873810
1306	-3.87343860
1307	1.79950023
1308	-11.57396698
1309	3.78849816
1310	3.51800132
1311	-2.29157090
1312	3.07559037
1313	-1.23240888
1314	-8.39511967
1315	1.06180334
1316	-3.59329414
1317	-2.30732656
1318	3.90365243
1319	-1.17904484
1320	2.83161616
1321	0.56871122
1322	-8.85840416
1323	-1.91069376
1324	1.04928398
1325	-10.86383247
1326	2.90935469
1327	1.99499464
1328	0.40860826
1329	1.65819335
1330	-7.11612177
1331	-4.54909372
1332	2.65353179
1333	-12.37780952
1334	3.58521223
1335	3.87871981
1336	-3.13434172
1337	3.59603477
1338	-1.93504620
1339	-6.87248468
1340	-0.23929563
1341	-2.97993779
1342	-0.72045743
1343	4.78907585
1344	-1.87900448
1345	4.63469267
1346	1.50125432
1347	-7.46228600
1348	-1.28695881
1349	2.20103836
1350	-10.28112125
1351	5.00376320
1352	2.92383242
1353	0.76398528
1354	4.24037647
1355	-5.37710524
1356	-4.17837429
1357	1.51569545
1358	-11.79087543
1359	2.79684877
1360	4.06726837
1361	-4.00108385
1362	2.92050815
1363	-2.42956448
1364	-8.01671219
1365	0.43531057
1366	-4.59028196
1367	-3.57624936
1368	3.61004686
1369	-2.85735583
1370	2.70547080
1371	1.64778519
1372	-9.29212475
1373	-2.91299725
1374	0.61482316
1375	-10.33878994
1376	3.90267944
1377	2.12864280
1378	1.37228036
1379	2.46927309
1380	-5.54010248
1381	-4.06442547
1382	2.47525430
1383	-11.89540386
1384	2.76200652
1385	3.07471275
1386	-3.61407948
1387	3.39155054
1388	-2.16716480
1389	-7.63329172
1390	1.31838989
1391	-4.29274368
1392	-2.12246275
1393	4.57107401
1394	-1.50252199
1395	3.83056116
1396	1.74071896
1397	-8.22439671
1398	-0.51080245
1399	2.46047020
1400	-9.88642025
1401	5.72365046
1402	3.56813908
1403	1.91810203
1404	4.50114536
1405	-5.33253050
1406	-2.80640340
1407	8.62454033
1408	-10.20252132
1409	4.49410868
1410	2.76543283
1411	-3.34278083
1412	2.81582928
1413	-2.24232173
1414	-7.57417774
1415	0.52564597
1416	-5.69357347
1417	-2.21609879
1418	3.54933786
1419	-2.27611518
1420	1.97655416
1421	0.26532218
1422	-10.68057728
1423	-3.13201070
1424	-0.53736061
1425	-10.56914139
1426	4.59096527
1427	1.45290482
1428	1.30898023
1429	1.37806070
1430	-6.33270168
1431	-4.15993071
1432	2.85577989
1433	-10.75184917
1434	3.49526954
1435	3.75512576
1436	-3.33437538
1437	3.84939909
1438	-1.49360275
1439	-6.50607204
1440	0.07103485
1441	-4.16059065
1442	-0.25169471
1443	4.17789698
1444	-1.57691872
1445	4.29274368
1446	-0.15007362
1447	-8.65741730
1448	0.04675771
1449	1.88566148
1450	-10.70258522
1451	5.13411474
1452	3.03079891
1453	0.88877004
1454	4.08739090
1455	-9.70283794
1456	-3.63923597
1457	2.11379910
1458	-11.48941326
1459	3.69401789
1460	4.39211941
1461	-2.22079515
1462	3.37421656
1463	-1.39188135
1464	-6.88980532
1465	3.09059501
1466	-5.39530325
1467	-1.84717846
1468	4.47121811
1469	-3.26956606
1470	3.67526722
1471	2.04546380
1472	-9.23993587
1473	0.38607058
1474	0.81912553
1475	-9.96914196
1476	3.88150811
1477	2.61587429
1478	1.63988340
1479	1.57539344
1480	-6.71102953
1481	-3.12736940
1482	3.21958971
1483	-13.68687248
1484	0.87032920
1485	3.68846393
1486	-4.31620359
1487	3.36694336
1488	-2.49584222
1489	-7.05629015
1490	1.01055908
1491	-5.75746822
1492	-1.59533954
1493	2.11543465
1494	-1.46752632
1495	3.53895593
1496	0.54696232
1497	-8.09776878
1498	0.05522726
1499	1.49588954
1500	-10.89300632
1501	4.62540627
1502	3.70224476
1503	9.77824974
1504	4.51471663
1505	-6.65760565
1506	-3.77595663
1507	1.94158697
1508	-12.11761284
1509	4.86358547
1510	4.64266682
1511	-1.88391662
1512	3.76303196
1513	-1.16453660
1514	-6.25079966
1515	2.63696337
1516	-4.69855118
1517	-0.21111399
1518	5.11492157
1519	-2.39873171
1520	3.96582174
1521	0.51025224
1522	-9.32712078
1523	-1.60779858
1524	-0.04279248
1525	-10.47280407
1526	3.51409197
1527	1.17537391
1528	1.00105464
1529	0.96514964
1530	-6.58950806
1531	-4.51114798
1532	-3.03854775
1533	-13.35189152
1534	3.45388889
1535	3.58500910
1536	-4.28823376
1537	4.49014711
1538	-2.88725448
1539	-6.87121010
1540	1.70781195
1541	-5.87044048
1542	-0.25939268
1543	3.78560257
1544	-4.54587793
1545	3.80487609
1546	1.04630578
1547	-8.19702339
1548	-0.50804955
1549	1.00134349
1550	-7.77830887
1551	1.46960783
1552	1.69219422
1553	2.15040135
1554	4.73330259
1555	-5.14088917
1556	-3.06484509
1557	2.21927786
1558	-11.65127182
1559	5.46744442
1560	4.73742342
1561	0.50948334
1562	3.29017091
1563	-1.70347047
1564	-6.55263996
1565	1.87926960
1566	-6.38469267
1567	0.20971052
1568	3.91586852
1569	-3.87083602
1570	3.58088684
1571	2.54794216
1572	-8.56962013
1573	-1.90293980
1574	-0.67190123
1575	-8.99238300
1576	4.05118561
1577	1.91247678
1578	3.43317747
1579	2.34440732
1580	-6.71793318
1581	-2.95128298
1582	3.40630984
1583	-13.03198242
1584	4.22722626
1585	3.96790886
1586	-3.31731963
1587	3.80565000
1588	-2.61148357
1589	-7.76296234
1590	-0.49211675
1591	-6.34103632
1592	-1.42519641
1593	3.80270481
1594	-4.26663399
1595	3.91086578
1596	0.94345272
1597	-8.86214066
1598	-1.12603199
1599	1.37457895
1600	-10.47693253
1601	4.35090637
1602	2.69208121
1603	2.99679875
1604	4.04542112
1605	-6.83179665
1606	-3.77513146
1607	2.09279919
1608	-11.92372799
1609	-1.23564732
1610	3.42818785
1611	-3.12581468
1612	2.31874657
1613	-2.15960789
1614	-6.27590418
1615	2.32629609
1616	-5.43118095
1617	1.01184785
1618	4.34073734
1619	-1.64240599
1620	3.96621251
1621	1.74135947
1622	-7.72700071
1623	-0.93608975
1624	-0.32976592
1625	-10.09581852
1626	4.29993629
1627	2.57617116
1628	-7.20911789
1629	3.06824398
1630	-7.43382454
1631	-3.23290873
1632	3.23780465
1633	-12.81561852
1634	3.94732356
1635	4.87607336
1636	-3.96884370
1637	4.97231436
1638	-2.18667984
1639	-6.36346769
1640	1.00227892
1641	-6.31098747
1642	-1.13008404
1643	2.48833656
1644	-5.48871469
1645	2.44176793
1646	0.75072968
1647	-8.79451180
1648	-0.89575022
1649	-0.06128553
1650	-8.47270966
1651	4.39385271
1652	1.75760543
1653	1.92776763
1654	3.39529848
1655	-6.04570770
1656	-2.85273767
1657	4.53808689
1658	-12.42527676
1659	4.61579895
1660	3.36798453
1661	-1.39991939
1662	3.45798016
1663	-2.05189085
1664	-5.51595163
1665	2.53462505
1666	-5.67130184
1667	2.63897920
1668	5.04604912
1669	-1.55957639
1670	5.06653881
1671	1.86457682
1672	-8.26214600
1673	-0.13323374
1674	0.98283648
1675	-9.23072720
1676	3.97750187
1677	1.64839113
1678	2.48989415
1679	1.64635170
1680	-6.58405447
1681	-3.01870942
1682	2.72961736
1683	-13.22121143
1684	3.62768960
1685	3.24319434
1686	-3.31318140
1687	3.52098393
1688	-3.46390867
1689	-6.60622787
1690	0.37603080
1691	-7.38998127
1692	0.41275981
1693	2.80631161
1694	-3.70939827
1695	3.48834372
1696	0.16622138
1697	-9.30029297
1698	0.09181789
1699	-0.02383177
1700	-7.68666077
1701	4.82320070
1702	2.09118032
1703	2.72978258
1704	3.57694411
1705	-6.31793928
1706	-2.59088731
1707	2.75490952
1708	-12.39527512
1709	5.60172319
1710	4.23444796
1711	-1.03395224
1712	2.58871818
1713	-2.41209292
1714	-6.70999432
1715	1.03901446
1716	-7.18425083
1717	1.38181114
1718	3.26122212
1719	-3.86829615
1720	3.53748202
1721	1.31319189
1722	-9.12225914
1723	0.20998833
1724	-0.26620817
1725	-8.37025166
1726	4.45939827
1727	2.07346773
1728	2.60599732
1729	2.43074298
1730	-6.73485947
1731	-2.36529779
1732	4.07288218
1733	-11.92595387
1734	10.00611401
1735	5.13156891
1736	0.42654204
1737	5.15686893
1738	-3.12152982
1739	-7.07717609
1740	1.39416921
1741	-7.12047863
1742	0.25430652
1743	2.88616633
1744	-7.36378574
1745	2.71670389
1746	-0.76194817
1747	-9.70649147
1748	-1.92210269
1749	-1.02408946
1750	-8.54143143
1751	2.61272526
1752	2.00621676
1753	4.81573486
1754	3.79253054
1755	-7.91939545
1756	-3.54781151
1757	1.43540931
1758	-12.77943897
1759	4.40033531
1760	3.56524014
1761	-2.43803048
1762	2.95544124
1763	-2.10432220
1764	-4.79519796
1765	2.70801401
1766	-6.31205368
1767	2.44761109
1768	5.45074844
1769	-1.41510832
1770	4.67826271
1771	1.00251925
1772	-8.14823151
1773	-2.29080486
1774	-0.12923783
1775	-8.50387478
1776	3.62815595
1777	0.91805708
1778	2.41549373
1779	1.61316156
1780	-6.93818378
1781	-3.69047308
1782	0.00852163
1783	-14.96049404
1784	4.10745955
1785	4.18066883
1786	0.26176211
1787	4.07855606
1788	-3.61094761
1789	-6.26235485
1790	1.52539933
1791	-7.86455297
1792	2.85761619
1793	2.38047647
1794	-4.02473116
1795	3.54061055
1796	0.36614671
1797	-9.53785610
1798	0.00171966
1799	-0.02305714
1800	-7.78960514
1801	3.83285308
1802	0.04236481
1803	3.62399220
1804	4.09413815
1805	-7.12428093
1806	-3.56664038
1807	1.64149845
1808	-13.01839256
1809	3.37478280
1810	1.81287801
1811	-3.47887111
1812	2.47239614
1813	-3.09274101
1814	-6.11928558
1815	2.68334961
1816	-7.65404701
1817	2.15909195
1818	4.53254747
1819	-3.09290051
1820	4.13273382
1821	1.97783732
1822	-8.27885246
1823	-0.03388160
1824	-0.07158453
1825	-8.88202858
1826	4.48905277
1827	1.78806067
1828	2.74601436
1829	2.09830475
1830	-3.10199094
1831	-2.59115386
1832	3.37412858
1833	-12.64531803
1834	4.43687487
1835	3.69525838
1836	-1.43272448
1837	3.97006464
1838	-3.29010820
1839	-6.20318556
1840	-2.13177156
1841	-8.49565411
1842	0.44329512
1843	2.75001264
1844	-5.31195354
1845	1.95991540
1846	-0.99361193
1847	-9.37317944
1848	-0.58694232
1849	-1.01149642
1850	-5.55197334
1851	3.52470708
1852	0.84730786
1853	2.44447017
1854	3.36701560
1855	-7.58561707
1856	-3.05077648
1857	1.45772469
1858	-12.88622284
1859	-0.70741773
1860	3.88827229
1861	-0.02561099
1862	2.88938737
1863	-3.71582103
1864	-5.67693186
1865	2.43176198
1866	-8.71751213
1867	1.79295957
1868	3.35135984
1869	-6.57391119
1870	3.73721766
1871	-0.02549581
1872	-9.06042385
1873	-0.78879827
1874	-1.03081965
1875	-8.08757401
1876	4.00614595
1877	1.51889324
1878	2.49378014
1879	1.28768444
1880	-7.30575371
1881	-1.40634286
1882	3.56428814
1883	-12.34614658
1884	4.68365383
1885	3.95413232
1886	-1.02989876
1887	4.97139406
1888	-0.61743271
1889	-5.86267281
1890	1.81786513
1891	-8.08009052
1892	1.41546571
1893	4.70926857
1894	-4.47422266
1895	2.46848035
1896	-0.54768574
1897	-9.01718712
1898	0.78925455
1899	-1.32155609
1900	-6.93464851
1901	3.16467237
1902	-0.09781301
1903	2.20425320
1904	2.07641959
1905	-8.20558071
1906	-5.01398373
1907	-1.82417440
1908	-14.54699993
1909	3.07330179
1910	2.40815759
1911	-1.68751776
1912	2.56770778
1913	-4.88390303
1914	-5.84286737
1915	1.66689205
1916	-8.62145519
1917	1.55044758
1918	4.99267626
1919	-2.97048497
1920	4.60327625
1921	1.28983426
1922	-6.96933174
1923	0.73317558
1924	-0.47111309
1925	-6.40166855
1926	5.71747828
1927	1.44634449
1928	4.30724859
1929	2.63801265
1930	-7.12480068
1931	-1.32873082
1932	3.43628502
1933	-11.95756531
1934	4.23473978
1935	4.18140507
1936	0.69111466
1937	3.76129770
1938	-3.39247870
1939	-6.38589525
1940	1.59812129
1941	-8.79444408
1942	1.48731959
1943	2.62647390
1944	-5.30041695
1945	1.76951385
1946	-0.15798177
1947	-8.91448593
1948	-0.97145677
1949	-1.72609425
1950	-6.04846191
1951	3.41437531
1952	-0.24036947
1953	2.21691203
1954	2.63317728
1955	-5.98659468
1956	-2.42731595
1957	0.89464378
1958	-13.16981220
1959	4.20198441
1960	3.68087363
1961	-1.02606666
1962	2.83634925
1963	-3.90020609
1964	-5.67817831
1965	2.72775078
1966	-9.83377457
1967	2.86704087
1968	4.36041212
1969	-3.32230091
1970	4.26346397
1971	0.26769534
1972	-7.87570477
1973	-0.04064108
1974	-0.98360980
1975	-5.69649267
1976	3.91963720
1977	0.42538711
1978	3.11163688
1979	1.89458203
1980	-7.29812479
1981	-1.14302921
1982	2.53171992
1983	-14.58744144
1984	7.13004827
1985	3.52102995
1986	0.26698190
1987	3.55637336
1988	-4.96016550
1989	-5.68587637
1990	1.12888110
1991	-9.58292103
1992	1.86855125
1993	3.50019884
1994	-3.39723873
1995	3.01101851
1996	0.07948957
1997	-7.47239733
1998	1.33628833
1999	-0.73532349
2000	-4.95436478
2001	4.41626406
2002	1.71030045
2003	3.04162693
2004	3.56439185
2005	-8.06729126
2006	-2.52121520
2007	1.26617873
2008	-13.09156704
2009	3.26606011
2010	2.70092392
2011	-2.26403570
2012	1.93851805
2013	-4.69554472
2014	-7.05063629
2015	1.68207836
2016	-10.32899475
2017	1.45405090
2018	3.14605165
2019	-3.80956960
2020	3.40861845
2021	-0.25488445
2022	-9.28827286
2023	0.65919352
2024	-1.56093335
2025	-6.08520746
2026	3.91236067
2027	0.18588628
2028	3.35897326
2029	2.06545472
2030	-7.22424364
2031	-0.79340523
2032	3.49337554
2033	-12.19149113
2034	5.57830667
2035	4.73551989
2036	1.78246856
2037	5.41381407
2038	-3.08825707
2039	-4.81812859
2040	2.28859186
2041	-8.78984833
2042	1.92873049
2043	4.22136211
2044	-4.52666330
2045	3.66300058
2046	-0.68117946
2047	-8.14006805
2048	0.92438209
2049	-1.65911615
2050	-7.60866022
2051	3.55402422
2052	-0.37769148
2053	2.75971389
2054	2.54878974
2055	-8.37424660
2056	-3.82857966
2057	0.44412413
2058	-13.25762939
2059	2.73519301
2060	2.24117613
2061	-0.59277654
2062	2.42193961
2063	-3.07508016
2064	-5.26961470
2065	2.65060282
2066	-10.02191734
2067	3.10325551
2068	4.58418512
2069	-1.77903068
2070	4.66318560
2071	-3.09100389
2072	-8.15525532
2073	0.58892179
2074	-1.59346116
2075	-4.61592531
2076	4.00262499
2077	0.44468462
2078	3.32700658
2079	2.26775217
2080	-6.51267624
2081	-1.73810363
2082	2.91515684
2083	-12.25320816
2084	5.05700827
2085	3.97173190
2086	0.98466772
2087	4.11602163
2088	-4.01520729
2089	-4.17674255
2090	1.05475354
2091	-10.05650902
2092	3.27706909
2093	4.31240845
2094	-3.50916004
2095	3.22788596
2096	-0.06411828
2097	-6.85978746
2098	1.18905020
2099	-1.55880809
2100	-4.84850931
2101	4.46541452
2102	0.84200555
2103	2.82334042
2104	3.39601827
2105	-8.10261631
2106	-2.03530431
2107	2.22282314
2108	-13.25524902
2109	7.00748539
2110	2.71304750
2111	-0.27719393
2112	2.64431047
2113	-4.62617683
2114	-4.76631021
2115	2.25514221
2116	-10.24811840
2117	2.09341073
2118	4.16067743
2119	-4.29838848
2120	3.28882360
2121	-1.46501994
2122	-7.98497915
2123	-0.69319791
2124	-1.88003767
2125	-6.99617147
2126	3.77281976
2127	-4.76712322
2128	3.21574807
2129	1.45643175
2130	-7.70783281
2131	-1.81547701
2132	3.23520446
2133	-11.80083275
2134	4.93826628
2135	3.11251092
2136	1.59450412
2137	4.41202116
2138	-5.81543875
2139	-3.65468931
2140	1.55147862
2141	-9.75907040
2142	3.01901937
2143	3.97137618
2144	-4.11224747
2145	3.36895275
2146	-0.03458314
2147	-7.76704741
2148	1.82137704
2149	-1.71282041
2150	-3.74967146
2151	5.18819189
2152	-1.00957334
2153	4.89589739
2154	3.03105092
2155	-6.95344210
2156	-2.68392229
2157	-1.43200195
2158	-13.25057983
2159	4.56234932
2160	2.74565649
2161	0.12393431
2162	2.20961738
2163	-4.72520065
2164	-5.14778757
2165	2.84950399
2166	-11.20662975
2167	1.77328122
2168	3.79505110
2169	-4.81930780
2170	3.25187182
2171	-1.13506293
2172	-8.32355785
2173	-0.20165107
2174	-3.59517670
2175	-2.51216936
2176	3.67815709
2177	-0.56229246
2178	3.38015532
2179	1.75493443
2180	-8.09292793
2181	-1.83919573
2182	2.71902800
2183	-11.32371235
2184	4.82566118
2185	3.86779785
2186	5.41521072
2187	4.45846701
2188	-4.64477634
2189	-5.05483103
2190	1.69623351
2191	-11.12793064
2192	3.77439141
2193	4.09030676
2194	-3.23546481
2195	3.50742507
2196	-1.44891894
2197	-7.31344271
2198	2.34574747
2199	-2.69944119
2200	-2.01643324
2201	4.92777252
2202	-0.54012764
2203	4.11930704
2204	3.34842563
2205	-8.07530022
2206	-2.72109509
2207	2.38355255
2208	-12.92216301
2209	4.41876650
2210	2.77968335
2211	1.08542347
2212	2.08174968
2213	-4.37936878
2214	-4.29601622
2215	3.53627920
2216	-10.96286678
2217	2.97754908
2218	4.21233177
2219	-4.57143497
2220	3.99593830
2221	-1.09675181
2222	-7.73476887
2223	-0.35582691
2224	-3.07906771
2225	-2.96505737
2226	3.34552455
2227	-2.46092987
2228	2.93227005
2229	0.38076138
2230	-8.98819065
2231	-1.56115818
2232	2.10515809
2233	-12.14964104
2234	1.04542971
2235	2.74302816
2236	-0.14514013
2237	4.45581341
2238	-4.79207039
2239	-4.29704714
2240	1.51379263
2241	-10.67871952
2242	3.40600967
2243	4.21965647
2244	-1.93572426
2245	2.48375487
2246	-0.95961148
2247	-7.48605013
2248	1.34408391
2249	-3.14280462
2250	-2.73034358
2251	4.78624010
2252	-0.39615619
2253	3.91174245
2254	2.20751262
2255	-7.17784977
2256	-1.13166440
2257	1.59551823
2258	-11.08161163
2259	5.02744770
2260	3.27769113
2261	1.70586252
2262	3.04688334
2263	-5.95601511
2264	-4.30600834
2265	3.79243183
2266	-11.26138687
2267	3.56749368
2268	3.61723971
2269	-5.07605982
2270	4.03186035
2271	-1.59999466
2272	-7.22345448
2273	1.68660128
2274	-2.99951649
2275	-3.42662978
2276	3.08671021
2277	-2.56308222
2278	2.76324368
2279	0.57588625
2280	-8.49584007
2281	-0.19314313
2282	9.19648457
2283	-12.06015682
2284	3.40318680
2285	1.71634364
2286	0.33792877
2287	4.39285374
2288	-5.82293510
2289	-5.09531212
2290	1.29758584
2291	-11.64446354
2292	-0.28605223
2293	3.55462265
2294	-3.54644799
2295	3.31566763
2296	-0.61731929
2297	-6.85580826
2298	1.62592018
2299	-2.32679796
2300	-6.51608944
2301	4.68912983
2302	-1.69922066
2303	4.53522015
2304	3.99296618
2305	-7.90730524
2306	-1.28780246
2307	1.61710715
2308	-11.56512642
2309	4.39524126
2310	3.80584359
2311	3.90442109
2312	3.19816923
2313	-4.46571398
2314	-4.10676527
2315	3.64974952
2316	-11.22951698
2317	3.14084053
2318	4.45604372
2319	-5.43473721
2320	4.32746840
2321	-1.01082325
2322	-7.51180887
2323	-0.17551915
2324	-3.95318675
2325	-2.52539086
2326	3.24339485
2327	-2.63884234
2328	2.79877853
2329	1.03905320
2330	-8.95821571
2331	-1.06363297
2332	2.01303148
2333	-10.72708607
2334	4.62463903
2335	3.23481846
2336	2.23044801
2337	4.30546093
2338	-5.45019150
2339	-5.02512836
2340	5.85649300
2341	-11.10606766
2342	3.75682569
2343	3.06874132
2344	-3.80933905
2345	3.08259845
2346	-1.20674229
2347	-7.82775021
2348	1.70810044
2349	-3.25233746
2350	-3.84414387
2351	4.14791012
2352	-1.15397537
2353	3.69033623
2354	2.57473278
2355	-7.88985682
2356	-1.46797192
2357	1.19919693
2358	-11.05298042
2359	10.57750607
2360	3.64083552
2361	1.07687986
2362	2.93464327
2363	-3.62814331
2364	-4.05566788
2365	3.34157681
2366	-10.86073685
2367	3.95819187
2368	4.89864492
2369	-0.31811276
2370	4.59313440
2371	-1.94531739
2372	-6.58310699
2373	1.72998881
2374	-3.75751185
2375	-0.96412194
2376	3.31548500
2377	-2.24184895
2378	3.05055189
2379	1.79449403
2380	-8.41951370
2381	-1.60417044
2382	1.37104321
2383	-11.70300293
2384	4.16883898
2385	3.15196848
2386	0.24826866
2387	3.59649205
2388	-10.99286747
2389	-4.72346210
2390	1.26197672
2391	-12.42811012
2392	3.13357854
2393	2.74409533
2394	-0.81840891
2395	2.89269567
2396	-0.45935848
2397	-7.43668222
2398	-0.60626793
2399	-4.42301369
2400	-2.01166630
2401	4.29835510
2402	-1.60081983
2403	4.07420778
2404	3.11939549
2405	-7.60903549
2406	-0.60591644
2407	2.64531016
2408	-9.13246441
2409	4.74404812
2410	4.05476379
2411	2.26607847
2412	2.64784145
2413	-5.02913046
2414	-3.27350140
2415	3.32699037
2416	-11.16926384
2417	6.78272581
2418	4.10100651
2419	-4.68323565
2420	4.05483675
2421	-2.36387157
2422	-7.43611860
2423	0.09939556
2424	-4.59076452
2425	-0.97284728
2426	3.02671218
2427	-2.88097525
2428	3.47911692
2429	0.44900596
2430	-8.25860023
2431	-1.05685687
2432	1.72135496
2433	-11.90045834
2434	4.38772345
2435	3.13526201
2436	-0.78556883
2437	3.62785625
2438	-5.98262215
2439	-4.74675894
2440	1.02595210
2441	-12.83942699
2442	3.56666613
2443	3.18289948
2444	-4.33760262
2445	3.32345390
2446	-2.35604072
2447	-7.34305048
2448	1.69456863
2449	-4.07915926
2450	-1.14544833
2451	4.88918400
2452	-2.42714310
2453	4.88973951
2454	4.72278690
2455	-8.35941601
2456	-0.57065403
2457	1.64961207
2458	-8.30889511
2459	5.58324909
2460	2.32825851
2461	1.68199968
2462	3.11037612
2463	-4.47667646
2464	-2.63224840
2465	5.54198503
2466	-11.37023544
2467	3.63745737
2468	3.61881804
2469	-2.81604171
2470	3.94144177
2471	-2.76707029
2472	-7.07993650
2473	-0.58050281
2474	-4.56662083
2475	-0.20609987
2476	2.66983891
2477	-2.42283034
2478	3.00928807
2479	0.20413417
2480	-9.40164757
2481	-1.10922122
2482	1.92024934
2483	-10.94961929
2484	-1.01734328
2485	2.42199755
2486	2.08404541
2487	3.84915185
2488	-6.82064724
2489	-4.22110939
2490	1.02344692
2491	-12.52320004
2492	3.77179718
2493	2.96260810
2494	-4.62336969
2495	4.34192562
2496	-1.59686697
2497	-6.47368717
2498	2.25892019
2499	-4.29278088
2500	-2.05290627
2501	4.14517927
2502	-1.99818492
2503	4.75982141
2504	2.13150716
2505	-8.26293659
2506	-1.55620742
2507	0.79268646
2508	-9.36531067
2509	4.44109011
2510	2.15960121
2511	2.31471157
2512	2.62356901
2513	0.00101847
2514	-2.70111465
2515	3.36138129
2516	-12.27286148
2517	3.93661308
2518	3.79640222
2519	-3.05219889
2520	5.25087643
2521	-1.74685967
2522	-5.67188692
2523	0.00395259
2524	-5.22532940
2525	-0.69287384
2526	3.44200253
2527	-2.93792319
2528	3.20334148
2529	1.18785262
2530	-9.25143242
2531	0.75341332
2532	1.21958315
2533	-9.71855354
2534	3.53489947
2535	1.30717635
2536	0.94187701
2537	3.52625728
2538	-6.91010141
2539	-4.81162643
2540	0.68889326
2541	-12.25503922
2542	2.17200971
2543	3.30044556
2544	-3.17512250
2545	3.00757694
2546	-2.13440132
2547	-6.80589485
2548	1.45885503
2549	-4.72926521
2550	-1.63887823
2551	3.98992085
2552	-2.31952620
2553	4.85066223
2554	2.05909491
2555	-7.46618557
2556	-0.06469696
2557	1.13008511
2558	-7.99528646
2559	4.30611467
2560	4.40218973
2561	7.15425396
2562	2.27872205
2563	-5.57713223
2564	-3.43797636
2565	3.31765413
2566	-11.94646263
2567	3.42301488
2568	3.46195841
2569	-4.26263094
2570	3.38543987
2571	-1.24977565
2572	-8.25713158
2573	0.21531928
2574	-5.84520864
2575	-1.70126605
2576	3.03387666
2577	-3.05268741
2578	2.98099113
2579	-0.83496177
2580	-9.51768684
2581	-2.13907313
2582	0.43622997
2583	-10.74436760
2584	4.30776501
2585	1.74613941
2586	0.55419010
2587	3.36535859
2588	-7.51478481
2589	-5.62890339
2590	2.09906936
2591	-12.30506039
2592	2.49104691
2593	2.97588444
2594	-4.87931538
2595	2.66779280
2596	-2.81431913
2597	-8.40849400
2598	1.12443519
2599	-5.70799160
2600	0.49832079
2601	4.47647095
2602	-4.14729404
2603	3.90762997
2604	1.34730399
2605	-7.90844679
2606	-0.50977898
2607	1.40589726
2608	-6.77804613
2609	7.24661541
2610	4.01159716
2611	2.99653745
2612	3.16387701
2613	-5.33769751
2614	-2.28218865
2615	4.23259401
2616	-11.32920647
2617	4.53449821
2618	5.42005110
2619	-2.74207807
2620	4.06015825
2621	-2.68303990
2622	-6.13725138
2623	0.82017106
2624	-5.85446692
2625	0.48494408
2626	3.21588659
2627	-0.22528891
2628	1.55449688
2629	0.39640665
2630	-9.09583950
2631	-0.40160263
2632	1.18023193
2633	-10.71637344
2634	4.08519316
2635	1.90141106
2636	1.65316033
2637	3.75947618
2638	-6.81340027
2639	-4.01572418
2640	1.93872309
2641	-12.19239521
2642	4.42698240
2643	3.42715979
2644	-1.33577597
2645	3.32923150
2646	-1.21223199
2647	-4.72770834
2648	1.51562750
2649	-4.97293425
2650	1.57413661
2651	5.23084021
2652	-1.49338257
2653	4.63649940
2654	1.81962121
2655	-8.51248550
2656	-1.11244452
2657	1.59970582
2658	-7.20395422
2659	3.61431503
2660	0.96967787
2661	2.41706252
2662	1.87284315
2663	-5.70887327
2664	-2.73921227
2665	2.87855005
2666	-12.98710537
2667	0.62581384
2668	4.30209398
2669	-1.56575608
2670	4.85076427
2671	-1.98823798
2672	-6.40106487
2673	0.97569710
2674	-5.23418427
2675	1.31517410
2676	3.99570131
2677	-3.25211263
2678	4.09438419
2679	0.96029288
2680	-7.97498369
2681	0.16010115
2682	0.67999184
2683	-9.59282303
2684	4.61740875
2685	3.04955721
2686	-8.79011154
2687	3.57692480
2688	-7.07269382
2689	-4.29400778
2690	1.29608357
2691	-13.32841301
2692	3.62102890
2693	2.72481871
2694	-3.96922374
2695	2.92586493
2696	-0.91897267
2697	-6.34205961
2698	1.75800109
2699	-7.72619200
2700	0.36183056
2701	4.37890291
2702	-2.87730718
2703	4.38257742
2704	2.69273210
2705	-7.42394161
2706	0.14471775
2707	0.79863751
2708	-8.11133289
2709	3.70910001
2710	2.65389800
2711	2.54561901
2712	3.02169728
2713	-6.00823927
2714	-2.04118967
2715	2.28491592
2716	-11.74402237
2717	4.39637995
2718	4.67877960
2719	-0.80805266
2720	5.25741577
2721	-1.87003171
2722	-5.53166389
2723	1.06314290
2724	-6.77686119
2725	-0.76385635
2726	3.79533434
2727	-3.11194730
2728	2.59525752
2729	0.19348207
2730	-8.40671158
2731	-0.52409369
2732	-0.05167758
2733	-10.66434860
2734	4.11548090
2735	1.06913590
2736	2.54851341
2737	4.27903271
2738	-7.36093044
2739	-3.65651393
2740	1.51187181
2741	-12.77947426
2742	3.92621303
2743	2.66643333
2744	-0.24940144
2745	2.12696600
2746	-3.35451913
2747	-6.74017048
2748	1.70788932
2749	-6.90929937
2750	1.25480545
2751	3.53545189
2752	-2.71716523
2753	3.91041231
2754	1.78031945
2755	-8.54958725
2756	-0.88351148
2757	-0.54840887
2758	-6.70685005
2759	3.50414109
2760	0.79530609
2761	2.50765300
2762	2.52762270
2763	-8.50417042
2764	-3.24516058
2765	3.33156943
2766	-12.59642887
2767	4.34449530
2768	4.90213060
2769	-1.38186455
2770	5.15781593
2771	-2.02408242
2772	-4.54683876
2773	0.61383897
2774	-6.66766930
2775	1.48121083
2776	4.71868658
2777	-2.92325068
2778	3.92721605
2779	-0.15500729
2780	-7.63805676
2781	1.36215627
2782	-0.36939621
2783	-8.28347111
2784	3.80429721
2785	0.33854550
2786	2.00964427
2787	3.57659912
2788	-7.85893536
2789	-3.62538290
2790	1.76533198
2791	-12.13717747
2792	9.07879257
2793	2.28343344
2794	-1.74343646
2795	2.43773317
2796	-2.81686211
2797	-5.74512577
2798	1.76685011
2799	-7.87977839
2800	1.07349658
2801	3.29235840
2802	-3.64069963
2803	3.72740579
2804	0.91571885
2805	-8.53628445
2806	-0.53475654
2807	0.08677851
2808	-6.55977106
2809	3.56800675
2810	1.79458654
2811	4.27514553
2812	2.15605164
2813	-6.45605040
2814	-2.14283705
2815	3.98802495
2816	-12.17224216
2817	3.91125250
2818	4.23945618
2819	0.57948804
2820	3.74164367
2821	-2.32124829
2822	-4.94945669
2823	1.60481191
2824	-7.02224874
2825	0.50331688
2826	3.84771562
2827	-3.40791845
2828	3.20600224
2829	-0.55922699
2830	-8.85197258
2831	-1.16272640
2832	-0.55959088
2833	-9.03764629
2834	3.36701727
2835	0.45137286
2836	2.13163590
2837	2.39525414
2838	-6.83949947
2839	-5.32926416
2840	-3.48645186
2841	-12.94289875
2842	3.00045013
2843	2.18314314
2844	-1.76475275
2845	1.67840672
2846	-4.01171255
2847	-6.99087334
2848	1.05414140
2849	-7.57223558
2850	1.44007194
2851	4.11238956
2852	-4.24269676
2853	4.08811951
2854	0.47065187
2855	-7.53137255
2856	-0.36044079
2857	-0.30868834
2858	-3.41743326
2859	4.69109917
2860	2.03610849
2861	3.38104701
2862	2.29118729
2863	-6.42337608
2864	-1.88012183
2865	3.28637576
2866	-12.88456535
2867	3.69751787
2868	3.36629033
2869	-4.26147366
2870	4.34640551
2871	-4.04473972
2872	-5.66078520
2873	1.24155247
2874	-7.98677540
2875	0.80910093
2876	2.84241891
2877	-5.35072231
2878	1.93425763
2879	-0.91431719
2880	-9.29079247
2881	-0.87074208
2882	-1.48999619
2883	-6.94403982
2884	3.33452606
2885	0.47135365
2886	2.27093530
2887	3.58696127
2888	-3.43263531
2889	-2.20200324
2890	2.36407089
2891	-11.98992157
2892	4.12951088
2893	3.33555007
2894	1.17312515
2895	2.69925332
2896	-3.02108765
2897	-4.65403605
2898	0.61312968
2899	-8.93737888
2900	1.28005600
2901	3.75046730
2902	-5.03493834
2903	3.70526290
2904	0.14096037
2905	-9.47414589
2906	-2.53555608
2907	-1.64497161
2908	-6.91218853
2909	2.65740204
2910	-0.57843584
2911	1.76400900
2912	0.10344630
2913	-8.05669498
2914	-3.11353016
2915	2.58357620
2916	-13.41867447
2917	-4.30239677
2918	3.51913428
2919	-0.42837781
2920	4.40662241
2921	-2.91060495
2922	-4.85279751
2923	2.27426076
2924	-7.71919775
2925	2.68177104
2926	4.87203217
2927	-3.64091754
2928	4.03086710
2929	0.97696418
2930	-7.49421167
2931	0.24389257
2932	-0.36679441
2933	-6.76557541
2934	4.13222456
2935	-0.44177058
2936	-0.24805667
2937	2.31588149
2938	-8.72666073
2939	-4.36437368
2940	0.33682761
2941	-12.78761578
2942	2.12449217
2943	2.33940148
2944	-1.51640737
2945	1.53716528
2946	-3.08334088
2947	-5.77362585
2948	1.16860867
2949	-9.34551048
2950	0.61601222
2951	4.50090361
2952	-4.18674517
2953	3.59383559
2954	1.48462617
2955	-7.29203701
2956	0.86536938
2957	-0.73368275
2958	-4.74138212
2959	4.34107971
2960	-0.09923670
2961	4.09685040
2962	2.77640653
2963	-6.32593632
2964	-2.67059755
2965	1.58134353
2966	-12.37997913
2967	4.54408264
2968	4.27598238
2969	-2.82089996
2970	4.08622837
2971	-3.77861571
2972	-5.45577240
2973	0.96402627
2974	-8.75192738
2975	1.02838874
2976	2.87624764
2977	-3.82038307
2978	3.80994987
2979	0.13488616
2980	-8.39598083
2981	0.17802097
2982	-1.52331209
2983	-5.73226929
2984	4.38647413
2985	-0.14604178
2986	1.92072618
2987	2.86754823
2988	-7.79889393
2989	-4.07757473
2990	0.95756865
2991	-13.44399166
2992	3.59945726
2993	3.66953778
2994	-1.34121585
2995	2.62263179
2996	-3.43667006
2997	-5.11376762
2998	2.37595701
2999	-8.92294502
3000	1.36712694