	C:\Users\jkuzm\OneDrive - University of Massachusetts\HRSL x UMILL-PUMA Fatigue - Fatigue\Data\F01\FR3_static2.c3d _ImpedanceExport
	FP1
	FREEMOMENT
	ORIGINAL
ITEM	X
1	0.00181295
2	0.00358931
3	-0.00315872
4	0.00365886
5	-0.00098943
6	-0.00576733
7	-0.00020941
8	-0.00279651
9	-0.00409083
10	0.00248619
11	0.00042225
12	0.00249111
13	0.00039884
14	-0.00618847
15	-0.00122217
16	0.00104152
17	-0.00890576
18	0.00309029
19	0.00224183
20	-0.00001838
21	0.00379280
22	-0.00212005
23	-0.00380127
24	0.00152548
25	-0.00719184
26	0.00254059
27	0.00231966
28	-0.00311140
29	0.00253522
30	-0.00088121
31	-0.00588452
32	0.00077748
33	-0.00259679
34	-0.00390327
35	0.00303638
36	-0.00054520
37	0.00213840
38	0.00183830
39	-0.00641522
40	-0.00248667
41	0.00021616
42	-0.00878426
43	0.00278304
44	0.00192129
45	0.00075097
46	0.00178859
47	-0.00322348
48	-0.00383042
49	0.00240206
50	-0.00708827
51	0.00273033
52	0.00349087
53	-0.00277933
54	0.00385914
55	-0.00008492
56	-0.00583005
57	-0.00000054
58	-0.00281487
59	-0.00267733
60	0.00339317
61	0.00054651
62	0.00226296
63	0.00142246
64	-0.00627053
65	-0.00071114
66	0.00140125
67	-0.00886691
68	0.00400377
69	0.00222366
70	0.00048742
71	0.00355255
72	-0.00409339
73	-0.00378164
74	0.00134768
75	-0.00730298
76	0.00236058
77	0.00249378
78	-0.00258412
79	0.00194533
80	-0.00152243
81	-0.00636984
82	0.00067846
83	-0.00350826
84	-0.00257422
85	0.00366982
86	-0.00017603
87	0.00294333
88	0.00157054
89	-0.00643249
90	-0.00279476
91	0.00015194
92	-0.00887863
93	0.00271120
94	0.00115125
95	0.00070090
96	0.00179876
97	-0.00391193
98	-0.00357183
99	0.00614226
100	-0.00778301
101	0.00288471
102	0.00340170
103	-0.00296443
104	0.00371651
105	-0.00042410
106	-0.00521938
107	0.00068656
108	-0.00236175
109	-0.00256967
110	0.00284458
111	0.00027728
112	0.00247386
113	0.00121907
114	-0.00616074
115	-0.00088013
116	0.00135991
117	-0.00972419
118	0.00537408
119	0.00180307
120	0.00018535
121	0.00276784
122	-0.00495636
123	-0.00433505
124	0.00077848
125	-0.00868584
126	0.00186589
127	0.00234638
128	-0.00245872
129	0.00269499
130	-0.00153385
131	-0.00632177
132	0.00080118
133	-0.00310091
134	-0.00214383
135	0.00360055
136	-0.00077222
137	0.00287953
138	0.00089010
139	-0.00628038
140	-0.00133469
141	0.00105541
142	-0.00822713
143	0.00434074
144	0.00200654
145	0.00059048
146	0.00117483
147	-0.00611499
148	-0.00352958
149	0.00216324
150	-0.00823086
151	0.00251745
152	0.00237191
153	-0.00235247
154	0.00257971
155	-0.00197517
156	-0.00631066
157	0.00096256
158	-0.00492443
159	-0.00284155
160	0.00281736
161	-0.00111721
162	0.00231605
163	0.00066784
164	-0.00608154
165	0.00030442
166	0.00125468
167	-0.00879294
168	0.00402181
169	0.00226325
170	0.00234514
171	0.00327048
172	-0.00397738
173	-0.00247026
174	0.00179475
175	-0.00811260
176	0.00123694
177	0.00257872
178	-0.00237214
179	0.00256174
180	-0.00133445
181	-0.00613044
182	0.00063467
183	-0.00323928
184	-0.00218457
185	0.00289058
186	0.00005320
187	0.00253495
188	0.00133564
189	-0.00691022
190	-0.00178687
191	0.00000666
192	-0.00876613
193	0.00321911
194	0.00151637
195	0.00543323
196	0.00237770
197	-0.00372992
198	-0.00308849
199	0.00230296
200	-0.00852368
201	0.00301000
202	0.00313032
203	-0.00153445
204	0.00387523
205	-0.00239082
206	-0.00577450
207	0.00022633
208	-0.00338358
209	-0.00195108
210	0.00294053
211	-0.00138013
212	0.00218059
213	0.00024751
214	-0.00675576
215	-0.00149916
216	0.00097808
217	-0.00753729
218	0.00301896
219	0.00199367
220	0.00122620
221	0.00290124
222	-0.00532350
223	-0.00406073
224	-0.00364137
225	-0.00784584
226	0.00275564
227	0.00290567
228	-0.00293510
229	0.00269569
230	-0.00151865
231	-0.00549830
232	0.00129000
233	-0.00388144
234	-0.00130678
235	0.00369416
236	-0.00011938
237	0.00275591
238	0.00119917
239	-0.00716368
240	-0.00158556
241	-0.00031963
242	-0.00757318
243	0.00172934
244	0.00102231
245	0.00060163
246	0.00143632
247	-0.00466897
248	-0.00301339
249	0.00240677
250	-0.00847631
251	0.00296232
252	0.00340138
253	-0.00211176
254	0.00420046
255	-0.00170566
256	-0.00560005
257	0.00078394
258	-0.00369885
259	-0.00260882
260	0.00293207
261	0.00026103
262	0.00269751
263	0.00162346
264	-0.00620055
265	-0.00064056
266	0.00145521
267	-0.00883518
268	0.00415795
269	0.00187948
270	0.00061133
271	0.00270695
272	-0.00624619
273	-0.00391854
274	0.00094074
275	-0.00792779
276	0.00305245
277	0.00166381
278	-0.00239516
279	0.00230607
280	-0.00217757
281	-0.00603335
282	0.00006599
283	-0.00405972
284	-0.00201233
285	0.00346229
286	-0.00088381
287	0.00280658
288	0.00068889
289	-0.00645834
290	-0.00110817
291	-0.00008963
292	-0.00707474
293	0.00309312
294	0.00096650
295	0.00065752
296	0.00213350
297	-0.00464602
298	-0.00295364
299	0.00219785
300	-0.00791912
301	0.00042156
302	0.00323070
303	-0.00285944
304	0.00431210
305	-0.00142047
306	-0.00571372
307	0.00051395
308	-0.00370532
309	-0.00176808
310	0.00323059
311	-0.00120775
312	0.00317138
313	0.00096920
314	-0.00680585
315	-0.00030410
316	0.00107414
317	-0.00769738
318	0.00397334
319	0.00231439
320	-0.00478164
321	0.00344299
322	-0.00447537
323	-0.00261781
324	0.00184634
325	-0.00771672
326	0.00310417
327	0.00254398
328	-0.00335185
329	0.00205677
330	-0.00120413
331	-0.00582536
332	0.00116943
333	-0.00447705
334	-0.00155589
335	0.00318489
336	-0.00158461
337	0.00313089
338	0.00152324
339	-0.00631079
340	-0.00105841
341	-0.00050021
342	-0.00837282
343	0.00320401
344	0.00131003
345	0.00099536
346	0.00186816
347	-0.00410091
348	-0.00242265
349	0.00434009
350	-0.00862212
351	0.00318523
352	0.00357485
353	-0.00252566
354	0.00354187
355	-0.00155019
356	-0.00549797
357	0.00089949
358	-0.00401785
359	-0.00122764
360	0.00299992
361	-0.00140462
362	0.00256693
363	0.00062834
364	-0.00652582
365	0.00005450
366	0.00080598
367	-0.00933569
368	0.00421267
369	0.00142891
370	-0.00004235
371	0.00276293
372	-0.00503391
373	-0.00245593
374	0.00138366
375	-0.00853895
376	0.00286792
377	0.00323406
378	-0.00155795
379	0.00214369
380	-0.00125234
381	-0.00592922
382	0.00150183
383	-0.00359028
384	0.00027359
385	0.00317467
386	-0.00082013
387	0.00394636
388	0.00150732
389	-0.00679152
390	-0.00202561
391	-0.00039451
392	-0.00845263
393	0.00270410
394	0.00047892
395	-0.00000007
396	0.00146562
397	-0.00748515
398	-0.00304000
399	0.00194182
400	-0.00959295
401	0.00280700
402	0.00260065
403	-0.00164943
404	0.00271438
405	-0.00179202
406	-0.00637382
407	-0.00046390
408	-0.00421083
409	-0.00011396
410	0.00319156
411	-0.00199489
412	0.00342164
413	0.00058338
414	-0.00592379
415	0.00092168
416	0.00062817
417	-0.00761612
418	0.00414702
419	0.00205734
420	0.00245381
421	0.00369170
422	-0.00428788
423	-0.00298592
424	0.00181877
425	-0.00912637
426	0.00919536
427	0.00284878
428	-0.00431692
429	0.00260165
430	-0.00184599
431	-0.00619521
432	0.00092073
433	-0.00514158
434	-0.00011467
435	0.00264905
436	-0.00082757
437	0.00262504
438	0.00053863
439	-0.00723508
440	-0.00143652
441	-0.00047053
442	-0.00741839
443	0.00344440
444	0.00143208
445	0.00209255
446	0.00183872
447	-0.00491955
448	-0.00255079
449	0.00298729
450	-0.00938833
451	0.00349416
452	0.00272805
453	-0.00399033
454	0.00325198
455	-0.00258398
456	-0.00519804
457	0.00027230
458	-0.00441697
459	-0.00164845
460	0.00310928
461	-0.00258612
462	0.00294052
463	-0.00046070
464	-0.00669826
465	-0.00073451
466	0.00055916
467	-0.00677126
468	0.00414066
469	0.00195121
470	0.00262463
471	0.00362672
472	-0.00476338
473	-0.00303162
474	-0.00265679
475	-0.00943434
476	0.00317174
477	0.00268505
478	-0.00305374
479	0.00250848
480	-0.00172015
481	-0.00516262
482	0.00150517
483	-0.00465528
484	0.00081391
485	0.00302657
486	-0.00266353
487	0.00307082
488	0.00141468
489	-0.00659717
490	-0.00116529
491	-0.00107979
492	-0.00643294
493	0.00284109
494	0.00024515
495	0.00029005
496	0.00130638
497	-0.00485084
498	-0.00258447
499	0.00198154
500	-0.00995100
501	0.00403042
502	0.00205190
503	-0.00501474
504	0.00327445
505	-0.00276082
506	-0.00540488
507	0.00051831
508	-0.00506148
509	-0.00061501
510	0.00284511
511	-0.00181623
512	0.00209775
513	0.00047114
514	-0.00631966
515	0.00036588
516	0.00010209
517	-0.00713341
518	0.00394092
519	0.00247877
520	0.00237378
521	0.00356936
522	-0.00100051
523	-0.00155560
524	0.00213474
525	-0.00943761
526	0.00382557
527	0.00293830
528	-0.00224138
529	0.00246436
530	-0.00221171
531	-0.00471756
532	0.00110243
533	-0.00561819
534	-0.00044121
535	0.00320093
536	-0.00159636
537	0.00328555
538	0.00056811
539	-0.00680282
540	-0.00217337
541	-0.00049477
542	-0.00689409
543	0.00227598
544	0.00082392
545	0.00100121
546	0.00114349
547	-0.00595927
548	-0.00216988
549	0.00185971
550	-0.01103954
551	-0.00267590
552	0.00293530
553	-0.00196257
554	0.00333646
555	-0.00247465
556	-0.00529162
557	0.00089900
558	-0.00479369
559	0.00097612
560	0.00284728
561	-0.00273685
562	0.00310440
563	0.00097507
564	-0.00619671
565	0.00052936
566	-0.00016635
567	-0.00664911
568	0.00355960
569	0.00179430
570	0.00014429
571	0.00369758
572	-0.00450073
573	-0.00265629
574	0.00189914
575	-0.00934370
576	0.00372688
577	0.00272427
578	-0.00240235
579	0.00261289
580	-0.00060440
581	-0.00518038
582	0.00156781
583	-0.00558203
584	-0.00055768
585	0.00361587
586	-0.00153799
587	0.00319029
588	0.00133141
589	-0.00673347
590	0.00023220
591	-0.00009833
592	-0.00751710
593	0.00345956
594	0.00109037
595	0.00118293
596	0.00137756
597	-0.00493942
598	-0.00185754
599	0.00233089
600	-0.00971932
601	0.00403404
602	0.00323093
603	-0.00079280
604	0.00319926
605	-0.00148245
606	-0.00529525
607	0.00154966
608	-0.00531149
609	-0.00078527
610	0.00281638
611	-0.00254077
612	0.00204553
613	-0.00056257
614	-0.00755562
615	-0.00095325
616	-0.00046215
617	-0.00741101
618	0.00340099
619	0.00097695
620	0.00161788
621	0.00251425
622	-0.00556796
623	-0.00296724
624	0.00106501
625	-0.00960082
626	0.00323545
627	0.00401101
628	-0.00306579
629	0.00298975
630	-0.00193191
631	-0.00406322
632	0.00155949
633	-0.00532485
634	0.00111897
635	0.00369139
636	-0.00152026
637	0.00325955
638	0.00145305
639	-0.00635077
640	-0.00059819
641	0.00038394
642	-0.00646492
643	0.00331093
644	0.00094056
645	0.00159731
646	0.00179169
647	-0.00982703
648	-0.00227070
649	0.00201999
650	-0.00998953
651	0.00397073
652	0.00282486
653	-0.00154595
654	0.00211898
655	-0.00280835
656	-0.00548127
657	0.00208215
658	-0.00636073
659	0.00020619
660	0.00184183
661	-0.00275896
662	0.00167659
663	-0.00053838
664	-0.00687196
665	0.00074642
666	-0.00068016
667	-0.00638185
668	0.00374324
669	0.00089433
670	0.00172359
671	0.00289727
672	-0.00577566
673	-0.00229860
674	0.00141744
675	-0.00879750
676	0.00568044
677	0.00325402
678	-0.00138488
679	0.00249466
680	-0.00213147
681	-0.00459005
682	0.00208912
683	-0.00513505
684	0.00076755
685	0.00349162
686	-0.00199252
687	0.00338100
688	0.00087017
689	-0.00694218
690	-0.00045993
691	-0.00118373
692	-0.00588551
693	0.00293557
694	-0.00049794
695	0.00254204
696	0.00077747
697	-0.00620066
698	-0.00234280
699	0.00290868
700	-0.00983721
701	0.00358453
702	0.00316246
703	-0.00020875
704	0.00305680
705	-0.00364364
706	-0.00462656
707	0.00076125
708	-0.00578658
709	0.00120802
710	0.00245067
711	-0.00146326
712	0.00320637
713	0.00004801
714	-0.00611499
715	0.00099910
716	-0.00058408
717	-0.00511891
718	0.00357537
719	0.00080534
720	0.00220786
721	0.00270715
722	-0.00612962
723	-0.00217339
724	-0.00474619
725	-0.00932813
726	0.00313810
727	0.00162822
728	-0.00293861
729	0.00232953
730	-0.00210504
731	-0.00503794
732	0.00166974
733	-0.00690865
734	-0.00056793
735	0.00341514
736	-0.00307132
737	0.00326834
738	0.00037011
739	-0.00664627
740	-0.00015673
741	-0.00005598
742	-0.00220004
743	0.00400071
744	0.00226040
745	0.00273581
746	0.00211363
747	-0.00520408
748	-0.00142811
749	0.00235794
750	-0.00972373
751	0.00342354
752	0.00342868
753	0.00351096
754	0.00363176
755	-0.00288154
756	-0.00445140
757	0.00091647
758	-0.00609863
759	0.00078938
760	0.00210013
761	-0.00333584
762	0.00311013
763	-0.00100977
764	-0.00752406
765	-0.00008723
766	-0.00138693
767	-0.00650550
768	0.00267233
769	0.00021155
770	0.00156862
771	0.00298464
772	-0.00491828
773	-0.00293256
774	0.00100930
775	-0.00994789
776	0.00267057
777	0.00262265
778	-0.00016864
779	0.00257580
780	-0.00261093
781	-0.00459381
782	0.00080638
783	-0.00622298
784	0.00165268
785	0.00371592
786	-0.00184009
787	0.00335886
788	0.00053379
789	-0.00667598
790	-0.00070869
791	-0.00131993
792	-0.00661988
793	0.00334822
794	0.00060254
795	0.00169664
796	0.00152713
797	-0.00532597
798	-0.00137952
799	0.00209891
800	-0.01007168
801	0.00274038
802	0.00283794
803	-0.00041954
804	0.00375101
805	-0.00350627
806	-0.00479531
807	0.00123122
808	-0.00609531
809	0.00048158
810	0.00229142
811	-0.00404726
812	0.00189953
813	-0.00085002
814	-0.00749492
815	-0.00018949
816	-0.00105629
817	-0.00600477
818	0.00316288
819	0.00144230
820	0.00183160
821	0.00360337
822	-0.00665229
823	-0.00256082
824	0.00072170
825	-0.00978412
826	0.00335740
827	0.00244857
828	-0.00127265
829	0.00167280
830	-0.00382568
831	-0.00428231
832	0.00154542
833	-0.00706890
834	0.00180501
835	0.00314611
836	-0.00296144
837	0.00346861
838	0.00050394
839	-0.00662336
840	-0.00018088
841	-0.00030148
842	-0.00379549
843	0.00327343
844	0.00084114
845	0.00300094
846	0.00195165
847	-0.00517744
848	-0.00164328
849	0.00724613
850	-0.01021201
851	0.00437109
852	0.00355655
853	-0.00026436
854	0.00322304
855	-0.00351248
856	-0.00499422
857	0.00131215
858	-0.00762714
859	0.00068989
860	0.00189223
861	-0.00333132
862	0.00198883
863	-0.00095764
864	-0.00719227
865	-0.00108485
866	-0.00189247
867	-0.00859125
868	0.00286719
869	-0.00013609
870	0.00141675
871	0.00132623
872	-0.00620490
873	-0.00248502
874	0.00155216
875	-0.00946040
876	0.00376959
877	0.00293130
878	-0.00488584
879	0.00305019
880	-0.00160348
881	-0.00371453
882	0.00306093
883	-0.00636292
884	0.00248476
885	0.00322933
886	-0.00250877
887	0.00439626
888	-0.00000531
889	-0.00597423
890	0.00024734
891	-0.00126744
892	-0.00457032
893	0.00341207
894	0.00002910
895	0.00250101
896	0.00106717
897	-0.00840218
898	-0.00095723
899	0.00247261
900	-0.00919430
901	0.00351861
902	0.00318681
903	0.00001596
904	0.00324010
905	-0.00336978
906	-0.00394897
907	0.00171898
908	-0.00663734
909	0.00275108
910	0.00318674
911	-0.00346639
912	0.00269997
913	-0.00057848
914	-0.00689093
915	0.00091913
916	-0.00173879
917	-0.00638569
918	0.00332132
919	-0.00077174
920	0.00272788
921	0.00214142
922	-0.00672026
923	-0.00292214
924	0.00098477
925	-0.01062695
926	0.00086255
927	0.00148412
928	-0.00159423
929	0.00153424
930	-0.00379893
931	-0.00460750
932	0.00169500
933	-0.00720372
934	0.00155049
935	0.00347586
936	-0.00380077
937	0.00333084
938	0.00019153
939	-0.00611234
940	0.00013412
941	-0.00051518
942	-0.00498270
943	0.00391705
944	0.00157942
945	0.00337593
946	0.00272201
947	-0.00465754
948	0.00030623
949	0.00323185
950	-0.00858326
951	0.00451848
952	0.00362674
953	-0.00086686
954	0.00440879
955	-0.00561045
956	-0.00474463
957	0.00099414
958	-0.00827186
959	0.00142487
960	0.00228600
961	-0.00346077
962	0.00182681
963	-0.00132626
964	-0.00789672
965	-0.00019324
966	-0.00213965
967	-0.00464924
968	0.00274560
969	-0.00115462
970	0.00273391
971	0.00217807
972	-0.00713745
973	-0.00319838
974	-0.00547741
975	-0.00995086
976	0.00312881
977	0.00228758
978	0.00010056
979	0.00215717
980	-0.00357763
981	-0.00366300
982	0.00201816
983	-0.00729955
984	0.00476902
985	0.00310629
986	-0.00274651
987	0.00337246
988	-0.00038245
989	-0.00673759
990	0.00010919
991	-0.00102908
992	-0.00114329
993	0.00298264
994	-0.00111400
995	0.00326384
996	0.00137372
997	-0.00600383
998	-0.00075268
999	0.00217715
1000	-0.00912148
1001	0.00362058
1002	0.00254258
1003	-0.00089287
1004	0.00413115
1005	-0.00388861
1006	-0.00372825
1007	0.00150152
1008	-0.00727634
1009	0.00289210
1010	0.00375456
1011	-0.00242911
1012	0.00230192
1013	0.00021147
1014	-0.00617317
1015	0.00060919
1016	-0.00192111
1017	-0.00333996
1018	0.00346789
1019	0.00006086
1020	0.00292099
1021	0.00129676
1022	-0.00713583
1023	-0.00272376
1024	-0.00010134
1025	-0.00993405
1026	0.00335323
1027	0.00145764
1028	-0.00048442
1029	0.00197549
1030	-0.00363609
1031	-0.00473033
1032	0.00123024
1033	-0.00844704
1034	0.00142534
1035	0.00238425
1036	-0.00371993
1037	0.00288459
1038	-0.00088360
1039	-0.00716212
1040	-0.00027969
1041	-0.00174571
1042	-0.00301259
1043	0.00312659
1044	0.00043450
1045	0.00346694
1046	0.00187868
1047	-0.00510375
1048	-0.00020737
1049	0.00271441
1050	-0.00869939
1051	-0.00066732
1052	0.00348061
1053	0.00018683
1054	0.00404006
1055	-0.00359614
1056	-0.00325622
1057	0.00081375
1058	-0.00822642
1059	0.00214125
1060	0.00238561
1061	-0.00447790
1062	0.00217473
1063	-0.00155530
1064	-0.00694525
1065	-0.00012117
1066	-0.00286865
1067	-0.00477879
1068	0.00297738
1069	-0.00037464
1070	0.00228527
1071	0.00187347
1072	-0.00631461
1073	-0.00189452
1074	0.00126864
1075	-0.00948585
1076	0.00411903
1077	0.00334025
1078	0.00166425
1079	0.00344283
1080	0.00066427
1081	-0.00237198
1082	0.00299485
1083	-0.00778523
1084	0.00302620
1085	0.00364807
1086	-0.00312467
1087	0.00297456
1088	-0.00122046
1089	-0.00631869
1090	0.00022822
1091	-0.00305196
1092	-0.00424601
1093	0.00227871
1094	-0.00195191
1095	0.00226273
1096	0.00074011
1097	-0.00686217
1098	-0.00131587
1099	0.00260659
1100	-0.00988823
1101	0.00375880
1102	0.00250897
1103	-0.00165772
1104	0.00367826
1105	-0.00357076
1106	-0.00364933
1107	0.00196303
1108	-0.00806500
1109	0.00185001
1110	0.00285531
1111	-0.00286530
1112	0.00342163
1113	-0.00067278
1114	-0.00563428
1115	0.00163047
1116	-0.00204982
1117	-0.00445955
1118	0.00372123
1119	-0.00215915
1120	0.00272202
1121	0.00158471
1122	-0.00690874
1123	-0.00248701
1124	0.00038043
1125	-0.00915691
1126	0.00298041
1127	0.00148347
1128	0.00067397
1129	0.00142226
1130	-0.00486811
1131	-0.00415323
1132	0.00187901
1133	-0.00853077
1134	0.00240908
1135	0.00292651
1136	-0.00380345
1137	0.00339940
1138	0.00029537
1139	-0.00625311
1140	-0.00005189
1141	-0.00215446
1142	-0.00229169
1143	0.00292313
1144	-0.00099882
1145	0.00278991
1146	0.00220716
1147	-0.00619432
1148	-0.00029746
1149	0.00222505
1150	-0.00950835
1151	0.00412022
1152	0.00292140
1153	-0.00021678
1154	0.00355563
1155	-0.00438220
1156	-0.00429137
1157	-0.00020266
1158	-0.00862138
1159	0.00254603
1160	0.00296776
1161	-0.00295795
1162	0.00225265
1163	-0.00156374
1164	-0.00667532
1165	0.00006883
1166	-0.00333098
1167	-0.00361115
1168	0.00311419
1169	-0.00144628
1170	0.00229928
1171	0.00196730
1172	-0.00695052
1173	-0.00267237
1174	0.00077003
1175	-0.01037485
1176	0.00901999
1177	0.00176266
1178	0.00010024
1179	0.00202069
1180	-0.00408593
1181	-0.00375484
1182	0.00202638
1183	-0.00873252
1184	0.00247760
1185	0.00311040
1186	-0.00438977
1187	0.00330936
1188	-0.00110428
1189	-0.00633855
1190	-0.00030454
1191	-0.00311291
1192	-0.00257138
1193	0.00290003
1194	-0.00236285
1195	0.00198762
1196	0.00120717
1197	-0.00602312
1198	-0.00088527
1199	0.00179698
1200	-0.00937835
1201	0.00432570
1202	0.00333798
1203	0.00038180
1204	0.00346117
1205	-0.00997022
1206	-0.00403385
1207	0.00151792
1208	-0.00910978
1209	0.00265827
1210	0.00242087
1211	-0.00365802
1212	0.00222770
1213	-0.00108369
1214	-0.00686521
1215	0.00008203
1216	-0.00303300
1217	-0.00430623
1218	0.00251866
1219	-0.00214475
1220	0.00258093
1221	0.00231051
1222	-0.00694053
1223	-0.00252632
1224	-0.00209986
1225	-0.00876787
1226	0.00327866
1227	0.00141395
1228	0.00103852
1229	0.00202343
1230	-0.00381410
1231	-0.00290615
1232	0.00238953
1233	-0.00857881
1234	0.00393837
1235	0.00371018
1236	-0.00334434
1237	0.00360153
1238	-0.00108680
1239	-0.00535018
1240	0.00002110
1241	-0.00299011
1242	-0.00006207
1243	0.00313000
1244	-0.00013571
1245	0.00332020
1246	0.00085486
1247	-0.00686071
1248	-0.00117642
1249	0.00148905
1250	-0.00866462
1251	0.00385887
1252	0.00289851
1253	-0.00108235
1254	0.00293691
1255	-0.00397163
1256	-0.00354189
1257	0.00150628
1258	-0.00893896
1259	0.00284329
1260	0.00286553
1261	-0.00307684
1262	0.00250025
1263	-0.00214148
1264	-0.00547773
1265	0.00061156
1266	-0.00274321
1267	-0.00229304
1268	0.00338228
1269	-0.00115760
1270	0.00251594
1271	0.00186202
1272	-0.00720055
1273	-0.00031426
1274	0.00048240
1275	-0.01034043
1276	0.00270442
1277	0.00136157
1278	0.00067726
1279	0.00158968
1280	-0.00469273
1281	-0.00237193
1282	-0.00181182
1283	-0.00955953
1284	0.00295708
1285	0.00296192
1286	-0.00423721
1287	0.00294997
1288	-0.00134753
1289	-0.00606162
1290	0.00063810
1291	-0.00369014
1292	-0.00250734
1293	0.00304953
1294	-0.00205777
1295	0.00309226
1296	0.00088562
1297	-0.00642428
1298	-0.00066479
1299	0.00150725
1300	-0.00887827
1301	-0.00353207
1302	0.00230262
1303	-0.00030141
1304	0.00390120
1305	-0.00428117
1306	-0.00318979
1307	0.00148189
1308	-0.00953119
1309	0.00311984
1310	0.00289708
1311	-0.00188711
1312	0.00253276
1313	-0.00101489
1314	-0.00691340
1315	0.00087440
1316	-0.00295909
1317	-0.00190009
1318	0.00321467
1319	-0.00097095
1320	0.00233184
1321	0.00046834
1322	-0.00729492
1323	-0.00157346
1324	0.00086409
1325	-0.00894639
1326	0.00239586
1327	0.00164288
1328	0.00033649
1329	0.00136553
1330	-0.00586015
1331	-0.00374619
1332	0.00218519
1333	-0.01019316
1334	0.00295243
1335	0.00319414
1336	-0.00258114
1337	0.00296134
1338	-0.00159352
1339	-0.00565951
1340	-0.00019706
1341	-0.00245399
1342	-0.00059330
1343	0.00394382
1344	-0.00154737
1345	0.00381668
1346	0.00123629
1347	-0.00614521
1348	-0.00105981
1349	0.00181256
1350	-0.00846653
1351	0.00412061
1352	0.00240778
1353	0.00062914
1354	0.00349196
1355	-0.00442806
1356	-0.00344090
1357	0.00124818
1358	-0.00970982
1359	0.00230321
1360	0.00334941
1361	-0.00329490
1362	0.00240505
1363	-0.00200075
1364	-0.00660178
1365	0.00035848
1366	-0.00378011
1367	-0.00294505
1368	0.00297288
1369	-0.00235304
1370	0.00222796
1371	0.00135696
1372	-0.00765209
1373	-0.00239886
1374	0.00050631
1375	-0.00851402
1376	0.00321387
1377	0.00175294
1378	0.00113008
1379	0.00203345
1380	-0.00456229
1381	-0.00334707
1382	0.00203838
1383	-0.00979590
1384	0.00227452
1385	0.00253203
1386	-0.00297620
1387	0.00279295
1388	-0.00178467
1389	-0.00628604
1390	0.00108570
1391	-0.00353509
1392	-0.00174785
1393	0.00376429
1394	-0.00123733
1395	0.00315448
1396	0.00143349
1397	-0.00677281
1398	-0.00042065
1399	0.00202620
1400	-0.00814149
1401	0.00471344
1402	0.00293837
1403	0.00157956
1404	0.00370671
1405	-0.00439135
1406	-0.00231108
1407	0.00710233
1408	-0.00840180
1409	0.00370091
1410	0.00227734
1411	-0.00275279
1412	0.00231884
1413	-0.00184656
1414	-0.00623736
1415	0.00043287
1416	-0.00468867
1417	-0.00182496
1418	0.00292289
1419	-0.00187439
1420	0.00162770
1421	0.00021849
1422	-0.00879548
1423	-0.00257922
1424	-0.00044252
1425	-0.00870372
1426	0.00378067
1427	0.00119647
1428	0.00107795
1429	0.00113484
1430	-0.00521500
1431	-0.00342571
1432	0.00235174
1433	-0.00885418
1434	0.00287836
1435	0.00309236
1436	-0.00274587
1437	0.00316999
1438	-0.00122999
1439	-0.00535777
1440	0.00005850
1441	-0.00342626
1442	-0.00020727
1443	0.00344051
1444	-0.00129860
1445	0.00353509
1446	-0.00012359
1447	-0.00712941
1448	0.00003851
1449	0.00155285
1450	-0.00881361
1451	0.00422796
1452	0.00249587
1453	0.00073190
1454	0.00336598
1455	-0.00799031
1456	-0.00299692
1457	0.00174072
1458	-0.00946156
1459	0.00304203
1460	0.00361692
1461	-0.00182883
1462	0.00277868
1463	-0.00114622
1464	-0.00567377
1465	0.00254511
1466	-0.00444305
1467	-0.00152116
1468	0.00368206
1469	-0.00269250
1470	0.00302659
1471	0.00168444
1472	-0.00760911
1473	0.00031793
1474	0.00067455
1475	-0.00820962
1476	0.00319643
1477	0.00215418
1478	0.00135045
1479	0.00129734
1480	-0.00552655
1481	-0.00257540
1482	0.00265134
1483	-0.01127118
1484	0.00071672
1485	0.00303746
1486	-0.00355441
1487	0.00277269
1488	-0.00205533
1489	-0.00581087
1490	0.00083220
1491	-0.00474129
1492	-0.00131377
1493	0.00174207
1494	-0.00120851
1495	0.00291434
1496	0.00045042
1497	-0.00666853
1498	0.00004548
1499	0.00123187
1500	-0.00897042
1501	0.00380903
1502	0.00304881
1503	0.00805241
1504	0.00371788
1505	-0.00548256
1506	-0.00310951
1507	0.00159890
1508	-0.00997889
1509	0.00400518
1510	0.00382325
1511	-0.00155141
1512	0.00309887
1513	-0.00095900
1514	-0.00514755
1515	0.00217155
1516	-0.00386927
1517	-0.00017385
1518	0.00421215
1519	-0.00197536
1520	0.00326586
1521	0.00042019
1522	-0.00768091
1523	-0.00132403
1524	-0.00003524
1525	-0.00862438
1526	0.00289386
1527	0.00096792
1528	0.00082437
1529	0.00079480
1530	-0.00542648
1531	-0.00371494
1532	-0.00250225
1533	-0.01099532
1534	0.00284429
1535	0.00295226
1536	-0.00353137
1537	0.00369765
1538	-0.00237766
1539	-0.00565846
1540	0.00140639
1541	-0.00483432
1542	-0.00021361
1543	0.00311745
1544	-0.00374354
1545	0.00313333
1546	0.00086164
1547	-0.00675027
1548	-0.00041838
1549	0.00082461
1550	-0.00640546
1551	0.00121023
1552	0.00139353
1553	0.00177086
1554	0.00389789
1555	-0.00423354
1556	-0.00252391
1557	0.00182758
1558	-0.00959485
1559	0.00450245
1560	0.00390128
1561	0.00041956
1562	0.00270946
1563	-0.00140281
1564	-0.00539612
1565	0.00154758
1566	-0.00525781
1567	0.00017270
1568	0.00322473
1569	-0.00318764
1570	0.00294887
1571	0.00209824
1572	-0.00705711
1573	-0.00156708
1574	-0.00055331
1575	-0.00740525
1576	0.00333616
1577	0.00157493
1578	0.00282723
1579	0.00193063
1580	-0.00553224
1581	-0.00243039
1582	0.00280511
1583	-0.01073187
1584	0.00348113
1585	0.00326758
1586	-0.00273182
1587	0.00313396
1588	-0.00215056
1589	-0.00639282
1590	-0.00040526
1591	-0.00522186
1592	-0.00117365
1593	0.00313154
1594	-0.00351358
1595	0.00322061
1596	0.00077694
1597	-0.00729800
1598	-0.00092729
1599	0.00113197
1600	-0.00862778
1601	0.00358298
1602	0.00221694
1603	0.00246787
1604	0.00333141
1605	-0.00562600
1606	-0.00310883
1607	0.00172343
1608	-0.00981922
1609	-0.00101756
1610	0.00282312
1611	-0.00257412
1612	0.00190949
1613	-0.00177844
1614	-0.00516822
1615	0.00191571
1616	-0.00447259
1617	0.00083326
1618	0.00357461
1619	-0.00135253
1620	0.00326619
1621	0.00143401
1622	-0.00636321
1623	-0.00077087
1624	-0.00027156
1625	-0.00831393
1626	0.00354101
1627	0.00212148
1628	-0.00593673
1629	0.00252671
1630	-0.00612177
1631	-0.00266231
1632	0.00266634
1633	-0.01055370
1634	0.00325063
1635	0.00401546
1636	-0.00326835
1637	0.00409471
1638	-0.00180074
1639	-0.00524033
1640	0.00082538
1641	-0.00519711
1642	-0.00093063
1643	0.00204915
1644	-0.00451997
1645	0.00201080
1646	0.00061823
1647	-0.00724230
1648	-0.00073765
1649	-0.00005047
1650	-0.00697730
1651	0.00361835
1652	0.00144739
1653	0.00158752
1654	0.00279604
1655	-0.00497866
1656	-0.00234924
1657	0.00373713
1658	-0.01023225
1659	0.00380112
1660	0.00277354
1661	-0.00115284
1662	0.00284766
1663	-0.00168974
1664	-0.00454240
1665	0.00208727
1666	-0.00467033
1667	0.00217321
1668	0.00415543
1669	-0.00128432
1670	0.00417231
1671	0.00153548
1672	-0.00680390
1673	-0.00010972
1674	0.00080937
1675	-0.00760153
1676	0.00327548
1677	0.00135745
1678	0.00205043
1679	0.00135578
1680	-0.00542199
1681	-0.00248592
1682	0.00224785
1683	-0.01088770
1684	0.00298741
1685	0.00267078
1686	-0.00272841
1687	0.00289954
1688	-0.00285254
1689	-0.00544025
1690	0.00030966
1691	-0.00608567
1692	0.00033991
1693	0.00231101
1694	-0.00305470
1695	0.00287266
1696	0.00013688
1697	-0.00765882
1698	0.00007561
1699	-0.00001963
1700	-0.00632999
1701	0.00397192
1702	0.00172209
1703	0.00224798
1704	0.00294562
1705	-0.00520284
1706	-0.00213360
1707	0.00226868
1708	-0.01020754
1709	0.00461303
1710	0.00348708
1711	-0.00085146
1712	0.00213182
1713	-0.00198636
1714	-0.00552570
1715	0.00085563
1716	-0.00591625
1717	0.00113793
1718	0.00268563
1719	-0.00318555
1720	0.00291313
1721	0.00108142
1722	-0.00751220
1723	0.00017293
1724	-0.00021922
1725	-0.00689292
1726	0.00367233
1727	0.00170751
1728	0.00214605
1729	0.00200172
1730	-0.00554617
1731	-0.00194783
1732	0.00335403
1733	-0.00982105
1734	0.00824006
1735	0.00422586
1736	0.00035126
1737	0.00424669
1738	-0.00257059
1739	-0.00582807
1740	0.00114810
1741	-0.00586373
1742	0.00020942
1743	0.00237677
1744	-0.00606410
1745	0.00223721
1746	-0.00062747
1747	-0.00799332
1748	-0.00158286
1749	-0.00084334
1750	-0.00703389
1751	0.00215159
1752	0.00165212
1753	0.00396577
1754	0.00312316
1755	-0.00652164
1756	-0.00292163
1757	0.00118206
1758	-0.01052390
1759	0.00362369
1760	0.00293598
1761	-0.00200772
1762	0.00243381
1763	-0.00173291
1764	-0.00394886
1765	0.00223006
1766	-0.00519799
1767	0.00201561
1768	0.00448871
1769	-0.00116535
1770	0.00385256
1771	0.00082558
1772	-0.00671009
1773	-0.00188648
1774	-0.00010643
1775	-0.00700296
1776	0.00298780
1777	0.00075602
1778	0.00198917
1779	0.00132844
1780	-0.00571361
1781	-0.00303911
1782	0.00000702
1783	-0.01232001
1784	0.00338250
1785	0.00344279
1786	0.00021556
1787	0.00335870
1788	-0.00297362
1789	-0.00515707
1790	0.00125617
1791	-0.00647648
1792	0.00235325
1793	0.00196033
1794	-0.00331438
1795	0.00291570
1796	0.00030152
1797	-0.00785445
1798	0.00000142
1799	-0.00001899
1800	-0.00641476
1801	0.00315636
1802	0.00003489
1803	0.00298437
1804	0.00337153
1805	-0.00586686
1806	-0.00293714
1807	0.00135178
1808	-0.01072068
1809	0.00277914
1810	0.00149291
1811	-0.00286486
1812	0.00203602
1813	-0.00254688
1814	-0.00503925
1815	0.00220975
1816	-0.00630313
1817	0.00177802
1818	0.00373256
1819	-0.00254701
1820	0.00340332
1821	0.00162875
1822	-0.00681766
1823	-0.00002790
1824	-0.00005895
1825	-0.00731437
1826	0.00369675
1827	0.00147247
1828	0.00226135
1829	0.00172796
1830	-0.00255450
1831	-0.00213382
1832	0.00277860
1833	-0.01041345
1834	0.00365378
1835	0.00304306
1836	-0.00117985
1837	0.00326936
1838	-0.00270941
1839	-0.00510834
1840	-0.00175552
1841	-0.00699619
1842	0.00036505
1843	0.00226464
1844	-0.00437441
1845	0.00161400
1846	-0.00081824
1847	-0.00771884
1848	-0.00048335
1849	-0.00083297
1850	-0.00457207
1851	0.00290261
1852	0.00069776
1853	0.00201303
1854	0.00277275
1855	-0.00624678
1856	-0.00251232
1857	0.00120044
1858	-0.01061184
1859	-0.00058256
1860	0.00320200
1861	-0.00002109
1862	0.00237942
1863	-0.00305999
1864	-0.00467497
1865	0.00200256
1866	-0.00717889
1867	0.00147651
1868	0.00275985
1869	-0.00541363
1870	0.00307761
1871	-0.00002100
1872	-0.00746128
1873	-0.00064958
1874	-0.00084888
1875	-0.00666014
1876	0.00329907
1877	0.00125081
1878	0.00205363
1879	0.00106041
1880	-0.00601631
1881	-0.00115813
1882	0.00293520
1883	-0.01016708
1884	0.00385700
1885	0.00325624
1886	-0.00084812
1887	0.00409396
1888	-0.00050846
1889	-0.00482793
1890	0.00149702
1891	-0.00665398
1892	0.00116564
1893	0.00387810
1894	-0.00368453
1895	0.00203280
1896	-0.00045102
1897	-0.00742568
1898	0.00064995
1899	-0.00108830
1900	-0.00571070
1901	0.00260612
1902	-0.00008055
1903	0.00181521
1904	0.00170994
1905	-0.00675732
1906	-0.00412903
1907	-0.00150221
1908	-0.01197949
1909	0.00253087
1910	0.00198312
1911	-0.00138968
1912	0.00211451
1913	-0.00402191
1914	-0.00481162
1915	0.00137269
1916	-0.00709979
1917	0.00127680
1918	0.00411148
1919	-0.00244620
1920	0.00379081
1921	0.00106218
1922	-0.00573926
1923	0.00060377
1924	-0.00038796
1925	-0.00527179
1926	0.00470836
1927	0.00119107
1928	0.00354703
1929	0.00217241
1930	-0.00586729
1931	-0.00109421
1932	0.00282979
1933	-0.00984709
1934	0.00348732
1935	0.00344340
1936	0.00056913
1937	0.00309744
1938	-0.00279372
1939	-0.00525880
1940	0.00131606
1941	-0.00724225
1942	0.00122481
1943	0.00216291
1944	-0.00436491
1945	0.00145720
1946	-0.00013010
1947	-0.00734110
1948	-0.00080000
1949	-0.00142144
1950	-0.00498092
1951	0.00281175
1952	-0.00019794
1953	0.00182563
1954	0.00216843
1955	-0.00492998
1956	-0.00199890
1957	0.00073674
1958	-0.01084538
1959	0.00346035
1960	0.00303121
1961	-0.00084497
1962	0.00233574
1963	-0.00321183
1964	-0.00467600
1965	0.00224631
1966	-0.00809814
1967	0.00236102
1968	0.00359081
1969	-0.00273592
1970	0.00351097
1971	0.00022045
1972	-0.00648566
1973	-0.00003347
1974	-0.00081001
1975	-0.00469108
1976	0.00322783
1977	0.00035031
1978	0.00256244
1979	0.00156019
1980	-0.00601003
1981	-0.00094129
1982	0.00208488
1983	-0.01201280
1984	0.00587161
1985	0.00289958
1986	0.00021986
1987	0.00292868
1988	-0.00408471
1989	-0.00468233
1990	0.00092964
1991	-0.00789156
1992	0.00153876
1993	0.00288242
1994	-0.00279764
1995	0.00247958
1996	0.00006546
1997	-0.00615354
1998	0.00110044
1999	-0.00060554
2000	-0.00407993
2001	0.00363681
2002	0.00140844
2003	0.00250479
2004	0.00293529
2005	-0.00664344
2006	-0.00207623
2007	0.00104270
2008	-0.01078094
2009	0.00268961
2010	0.00222422
2011	-0.00186444
2012	0.00159637
2013	-0.00386679
2014	-0.00580622
2015	0.00138520
2016	-0.00850595
2017	0.00119741
2018	0.00259078
2019	-0.00313719
2020	0.00280701
2021	-0.00020990
2022	-0.00764892
2023	0.00054285
2024	-0.00128543
2025	-0.00501118
2026	0.00322184
2027	0.00015308
2028	0.00276612
2029	0.00170091
2030	-0.00594918
2031	-0.00065337
2032	0.00287680
2033	-0.01003973
2034	0.00459375
2035	0.00389971
2036	0.00146787
2037	0.00445829
2038	-0.00254319
2039	-0.00396774
2040	0.00188466
2041	-0.00723846
2042	0.00158831
2043	0.00347630
2044	-0.00372772
2045	0.00301649
2046	-0.00056095
2047	-0.00670337
2048	0.00076123
2049	-0.00136629
2050	-0.00626575
2051	0.00292675
2052	-0.00031103
2053	0.00227263
2054	0.00209894
2055	-0.00689621
2056	-0.00315285
2057	0.00036574
2058	-0.01091769
2059	0.00225244
2060	0.00184561
2061	-0.00048815
2062	0.00199447
2063	-0.00253234
2064	-0.00433954
2065	0.00218278
2066	-0.00825308
2067	0.00255554
2068	0.00377509
2069	-0.00146504
2070	0.00384015
2071	-0.00254545
2072	-0.00671587
2073	0.00048498
2074	-0.00131222
2075	-0.00380123
2076	0.00329617
2077	0.00036620
2078	0.00273980
2079	0.00186750
2080	-0.00536321
2081	-0.00143133
2082	0.00240064
2083	-0.01009055
2084	0.00416446
2085	0.00327073
2086	0.00081088
2087	0.00338956
2088	-0.00330653
2089	-0.00343956
2090	0.00086859
2091	-0.00828156
2092	0.00269868
2093	0.00355128
2094	-0.00288980
2095	0.00265817
2096	-0.00005280
2097	-0.00564905
2098	0.00097919
2099	-0.00128368
2100	-0.00399276
2101	0.00367728
2102	0.00069339
2103	0.00232503
2104	0.00279663
2105	-0.00667253
2106	-0.00167608
2107	0.00183050
2108	-0.01091573
2109	0.00577068
2110	0.00223420
2111	-0.00022827
2112	0.00217760
2113	-0.00380967
2114	-0.00392507
2115	0.00185712
2116	-0.00843935
2117	0.00172393
2118	0.00342633
2119	-0.00353973
2120	0.00270835
2121	-0.00120645
2122	-0.00657565
2123	-0.00057085
2124	-0.00154822
2125	-0.00576137
2126	0.00310693
2127	-0.00392574
2128	0.00264818
2129	0.00119938
2130	-0.00634742
2131	-0.00149505
2132	0.00266420
2133	-0.00971802
2134	0.00406668
2135	0.00256316
2136	0.00131308
2137	0.00363331
2138	-0.00478903
2139	-0.00300965
2140	0.00127765
2141	-0.00803662
2142	0.00248617
2143	0.00327044
2144	-0.00338645
2145	0.00277434
2146	-0.00002848
2147	-0.00639618
2148	0.00149991
2149	-0.00141051
2150	-0.00308786
2151	0.00427249
2152	-0.00083139
2153	0.00403178
2154	0.00249608
2155	-0.00572618
2156	-0.00221022
2157	-0.00117926
2158	-0.01091189
2159	0.00375711
2160	0.00226106
2161	0.00010206
2162	0.00181963
2163	-0.00389122
2164	-0.00423922
2165	0.00234657
2166	-0.00922869
2167	0.00146030
2168	0.00312523
2169	-0.00396871
2170	0.00267793
2171	-0.00093473
2172	-0.00685447
2173	-0.00016606
2174	-0.00296064
2175	-0.00206878
2176	0.00302897
2177	-0.00046305
2178	0.00278357
2179	0.00144519
2180	-0.00666455
2181	-0.00151458
2182	0.00223913
2183	-0.00932511
2184	0.00397395
2185	0.00318514
2186	0.00445944
2187	0.00367156
2188	-0.00382499
2189	-0.00416267
2190	0.00139685
2191	-0.00916388
2192	0.00310822
2193	0.00336838
2194	-0.00266441
2195	0.00288837
2196	-0.00119319
2197	-0.00602264
2198	0.00193173
2199	-0.00222300
2200	-0.00166054
2201	0.00405803
2202	-0.00044480
2203	0.00339226
2204	0.00275744
2205	-0.00665003
2206	-0.00224083
2207	0.00196286
2208	-0.01064144
2209	0.00363887
2210	0.00228908
2211	0.00089385
2212	0.00171433
2213	-0.00360642
2214	-0.00353778
2215	0.00291214
2216	-0.00902795
2217	0.00245202
2218	0.00346887
2219	-0.00376459
2220	0.00329067
2221	-0.00090318
2222	-0.00636960
2223	-0.00029302
2224	-0.00253562
2225	-0.00244173
2226	0.00275505
2227	-0.00202658
2228	0.00241473
2229	0.00031356
2230	-0.00740180
2231	-0.00128562
2232	0.00173360
2233	-0.01000526
2234	0.00086091
2235	0.00225889
2236	-0.00011952
2237	0.00366937
2238	-0.00394628
2239	-0.00353863
2240	0.00124661
2241	-0.00879395
2242	0.00280486
2243	0.00347490
2244	-0.00159407
2245	0.00204538
2246	-0.00079024
2247	-0.00616478
2248	0.00110686
2249	-0.00258811
2250	-0.00224845
2251	0.00394148
2252	-0.00032624
2253	0.00322133
2254	0.00181789
2255	-0.00591098
2256	-0.00093193
2257	0.00131391
2258	-0.00912574
2259	0.00414012
2260	0.00269919
2261	0.00140478
2262	0.00250912
2263	-0.00490479
2264	-0.00354601
2265	0.00312308
2266	-0.00927378
2267	0.00293784
2268	0.00297881
2269	-0.00418015
2270	0.00332025
2271	-0.00131760
2272	-0.00594853
2273	0.00138892
2274	-0.00247011
2275	-0.00282184
2276	0.00254191
2277	-0.00211071
2278	0.00227554
2279	0.00047424
2280	-0.00699635
2281	-0.00015905
2282	0.00757333
2283	-0.00993157
2284	0.00280253
2285	0.00141341
2286	0.00027829
2287	0.00361753
2288	-0.00479520
2289	-0.00419600
2290	0.00106857
2291	-0.00958925
2292	-0.00023556
2293	0.00292724
2294	-0.00292051
2295	0.00273046
2296	-0.00050836
2297	-0.00564578
2298	0.00133895
2299	-0.00191612
2300	-0.00536602
2301	0.00386151
2302	-0.00139931
2303	0.00373477
2304	0.00328822
2305	-0.00651169
2306	-0.00106051
2307	0.00133169
2308	-0.00952391
2309	0.00361949
2310	0.00313412
2311	0.00321530
2312	0.00263370
2313	-0.00367753
2314	-0.00338193
2315	0.00300558
2316	-0.00924754
2317	0.00258649
2318	0.00366956
2319	-0.00447552
2320	0.00356368
2321	-0.00083242
2322	-0.00618599
2323	-0.00014454
2324	-0.00325546
2325	-0.00207967
2326	0.00267094
2327	-0.00217309
2328	0.00230480
2329	0.00085566
2330	-0.00737711
2331	-0.00087590
2332	0.00165774
2333	-0.00883378
2334	0.00380840
2335	0.00266388
2336	0.00183678
2337	0.00354556
2338	-0.00448825
2339	-0.00413821
2340	0.00482284
2341	-0.00914588
2342	0.00309376
2343	0.00252712
2344	-0.00313700
2345	0.00253853
2346	-0.00099376
2347	-0.00644617
2348	0.00140663
2349	-0.00267831
2350	-0.00316566
2351	0.00341582
2352	-0.00095030
2353	0.00303900
2354	0.00212030
2355	-0.00649732
2356	-0.00120888
2357	0.00098754
2358	-0.00910216
2359	0.00871060
2360	0.00299824
2361	0.00088681
2362	0.00241669
2363	-0.00298779
2364	-0.00333985
2365	0.00275180
2366	-0.00894385
2367	0.00325958
2368	0.00403405
2369	-0.00026197
2370	0.00378246
2371	-0.00160197
2372	-0.00542121
2373	0.00142465
2374	-0.00309432
2375	-0.00079396
2376	0.00273031
2377	-0.00184617
2378	0.00251214
2379	0.00147777
2380	-0.00693349
2381	-0.00132104
2382	0.00112906
2383	-0.00963745
2384	0.00343305
2385	0.00259565
2386	0.00020445
2387	0.00296172
2388	-0.00905266
2389	-0.00388978
2390	0.00103924
2391	-0.01023458
2392	0.00258051
2393	0.00225977
2394	-0.00067396
2395	0.00238214
2396	-0.00037828
2397	-0.00612413
2398	-0.00049926
2399	-0.00364236
2400	-0.00165661
2401	0.00353971
2402	-0.00131828
2403	0.00335512
2404	0.00256883
2405	-0.00626606
2406	-0.00049897
2407	0.00217842
2408	-0.00752061
2409	0.00390674
2410	0.00333911
2411	0.00186612
2412	0.00218050
2413	-0.00414150
2414	-0.00269574
2415	0.00273979
2416	-0.00919792
2417	0.00558559
2418	0.00337719
2419	-0.00385666
2420	0.00333917
2421	-0.00194665
2422	-0.00612366
2423	0.00008185
2424	-0.00378051
2425	-0.00080114
2426	0.00249251
2427	-0.00237249
2428	0.00286506
2429	0.00036976
2430	-0.00680098
2431	-0.00087032
2432	0.00141754
2433	-0.00980006
2434	0.00361330
2435	0.00258190
2436	-0.00064692
2437	0.00298755
2438	-0.00492671
2439	-0.00390897
2440	0.00084487
2441	-0.01057330
2442	0.00293716
2443	0.00262113
2444	-0.00357203
2445	0.00273687
2446	-0.00194021
2447	-0.00604702
2448	0.00139548
2449	-0.00335920
2450	-0.00094328
2451	0.00402626
2452	-0.00199876
2453	0.00402671
2454	0.00388923
2455	-0.00688400
2456	-0.00046994
2457	0.00135846
2458	-0.00684240
2459	0.00459782
2460	0.00191733
2461	0.00138513
2462	0.00256140
2463	-0.00368655
2464	-0.00216766
2465	0.00456384
2466	-0.00936342
2467	0.00299546
2468	0.00298011
2469	-0.00231902
2470	0.00324579
2471	-0.00227869
2472	-0.00583035
2473	-0.00047805
2474	-0.00376062
2475	-0.00016972
2476	0.00219862
2477	-0.00199521
2478	0.00247816
2479	0.00016811
2480	-0.00774228
2481	-0.00091345
2482	0.00158133
2483	-0.00901704
2484	-0.00083778
2485	0.00199452
2486	0.00171622
2487	0.00316979
2488	-0.00561682
2489	-0.00347609
2490	0.00084281
2491	-0.01031289
2492	0.00310609
2493	0.00243972
2494	-0.00380736
2495	0.00357559
2496	-0.00131502
2497	-0.00533110
2498	0.00186023
2499	-0.00353512
2500	-0.00169057
2501	0.00341357
2502	-0.00164551
2503	0.00391973
2504	0.00175530
2505	-0.00680455
2506	-0.00128154
2507	0.00065278
2508	-0.00771236
2509	0.00365725
2510	0.00177844
2511	0.00190617
2512	0.00216052
2513	0.00000084
2514	-0.00222438
2515	0.00276811
2516	-0.01010673
2517	0.00324181
2518	0.00312635
2519	-0.00251349
2520	0.00432411
2521	-0.00143854
2522	-0.00467081
2523	0.00000325
2524	-0.00430307
2525	-0.00057058
2526	0.00283450
2527	-0.00241939
2528	0.00263796
2529	0.00097820
2530	-0.00761858
2531	0.00062044
2532	0.00100433
2533	-0.00800325
2534	0.00291100
2535	0.00107646
2536	0.00077564
2537	0.00290388
2538	-0.00569049
2539	-0.00396239
2540	0.00056731
2541	-0.01009206
2542	0.00178866
2543	0.00271793
2544	-0.00261472
2545	0.00247675
2546	-0.00175769
2547	-0.00560467
2548	0.00120137
2549	-0.00389456
2550	-0.00134962
2551	0.00328571
2552	-0.00191014
2553	0.00399453
2554	0.00169567
2555	-0.00614842
2556	-0.00005328
2557	0.00093063
2558	-0.00658414
2559	0.00354610
2560	0.00362522
2561	0.00589155
2562	0.00187653
2563	-0.00459278
2564	-0.00283118
2565	0.00273210
2566	-0.00983794
2567	0.00281886
2568	0.00285093
2569	-0.00351029
2570	0.00278792
2571	-0.00102919
2572	-0.00679977
2573	0.00017732
2574	-0.00481354
2575	-0.00140100
2576	0.00249841
2577	-0.00251390
2578	0.00245485
2579	-0.00068759
2580	-0.00783784
2581	-0.00176153
2582	0.00035924
2583	-0.00884802
2584	0.00354746
2585	0.00143795
2586	0.00045638
2587	0.00277138
2588	-0.00618845
2589	-0.00463542
2590	0.00172859
2591	-0.01013325
2592	0.00205138
2593	0.00245065
2594	-0.00401813
2595	0.00219693
2596	-0.00231760
2597	-0.00692442
2598	0.00092598
2599	-0.00470055
2600	0.00041037
2601	0.00368639
2602	-0.00341531
2603	0.00321794
2604	0.00110951
2605	-0.00651263
2606	-0.00041980
2607	0.00115776
2608	-0.00558174
2609	0.00596761
2610	0.00330356
2611	0.00246766
2612	0.00260546
2613	-0.00439561
2614	-0.00187939
2615	0.00348555
2616	-0.00932963
2617	0.00373417
2618	0.00446343
2619	-0.00225811
2620	0.00334355
2621	-0.00220949
2622	-0.00505404
2623	0.00067541
2624	-0.00482117
2625	0.00039935
2626	0.00264829
2627	-0.00018553
2628	0.00128013
2629	0.00032644
2630	-0.00749045
2631	-0.00033072
2632	0.00097192
2633	-0.00882496
2634	0.00336417
2635	0.00156582
2636	0.00136138
2637	0.00309594
2638	-0.00561085
2639	-0.00330696
2640	0.00159654
2641	-0.01004047
2642	0.00364563
2643	0.00282228
2644	-0.00110002
2645	0.00274163
2646	-0.00099828
2647	-0.00389328
2648	0.00124812
2649	-0.00409522
2650	0.00129631
2651	0.00430761
2652	-0.00122980
2653	0.00381817
2654	0.00149846
2655	-0.00701005
2656	-0.00091610
2657	0.00131736
2658	-0.00593248
2659	0.00297640
2660	0.00079853
2661	0.00199046
2662	0.00154229
2663	-0.00470127
2664	-0.00225575
2665	0.00237049
2666	-0.01069492
2667	0.00051536
2668	0.00354279
2669	-0.00128940
2670	0.00399462
2671	-0.00163732
2672	-0.00527129
2673	0.00080349
2674	-0.00431036
2675	0.00108305
2676	0.00329047
2677	-0.00267812
2678	0.00337174
2679	0.00079080
2680	-0.00656742
2681	0.00013184
2682	0.00055998
2683	-0.00789972
2684	0.00380245
2685	0.00251132
2686	-0.00723868
2687	0.00294561
2688	-0.00582438
2689	-0.00353613
2690	0.00106733
2691	-0.01097598
2692	0.00298193
2693	0.00224390
2694	-0.00326867
2695	0.00240946
2696	-0.00075678
2697	-0.00522270
2698	0.00144772
2699	-0.00636254
2700	0.00029797
2701	0.00360604
2702	-0.00236947
2703	0.00360906
2704	0.00221747
2705	-0.00611364
2706	0.00011918
2707	0.00065768
2708	-0.00667970
2709	0.00305445
2710	0.00218549
2711	0.00209632
2712	0.00248838
2713	-0.00494780
2714	-0.00168093
2715	0.00188163
2716	-0.00967123
2717	0.00362043
2718	0.00385299
2719	-0.00066543
2720	0.00432950
2721	-0.00153998
2722	-0.00455534
2723	0.00087550
2724	-0.00558076
2725	-0.00062904
2726	0.00312547
2727	-0.00256270
2728	0.00213720
2729	0.00015933
2730	-0.00692295
2731	-0.00043159
2732	-0.00004256
2733	-0.00878212
2734	0.00338911
2735	0.00088044
2736	0.00209871
2737	0.00352379
2738	-0.00606175
2739	-0.00301115
2740	0.00124503
2741	-0.01052393
2742	0.00323325
2743	0.00219581
2744	-0.00020538
2745	0.00175156
2746	-0.00276246
2747	-0.00555055
2748	0.00140645
2749	-0.00568983
2750	0.00103334
2751	0.00291145
2752	-0.00223759
2753	0.00322023
2754	0.00146610
2755	-0.00704061
2756	-0.00072757
2757	-0.00045162
2758	-0.00552311
2759	0.00288567
2760	0.00065494
2761	0.00206506
2762	0.00208150
2763	-0.00700321
2764	-0.00267240
2765	0.00274356
2766	-0.01037319
2767	0.00357770
2768	0.00403692
2769	-0.00113797
2770	0.00424748
2771	-0.00166684
2772	-0.00374433
2773	0.00050550
2774	-0.00549084
2775	0.00121978
2776	0.00388585
2777	-0.00240730
2778	0.00323407
2779	-0.00012765
2780	-0.00628996
2781	0.00112174
2782	-0.00030420
2783	-0.00682146
2784	0.00313285
2785	0.00027879
2786	0.00165495
2787	0.00294534
2788	-0.00647185
2789	-0.00298551
2790	0.00145376
2791	-0.00999500
2792	0.00747641
2793	0.00188041
2794	-0.00143572
2795	0.00200748
2796	-0.00231969
2797	-0.00473113
2798	0.00145501
2799	-0.00648902
2800	0.00088403
2801	0.00271127
2802	-0.00299813
2803	0.00306953
2804	0.00075410
2805	-0.00702965
2806	-0.00044037
2807	0.00007146
2808	-0.00540199
2809	0.00293826
2810	0.00147785
2811	0.00352059
2812	0.00177551
2813	-0.00531657
2814	-0.00176463
2815	0.00328415
2816	-0.01002387
2817	0.00322093
2818	0.00349120
2819	0.00047721
2820	0.00308125
2821	-0.00191155
2822	-0.00407589
2823	0.00132157
2824	-0.00578284
2825	0.00041448
2826	0.00316860
2827	-0.00280643
2828	0.00264015
2829	-0.00046052
2830	-0.00728962
2831	-0.00095751
2832	-0.00046082
2833	-0.00744253
2834	0.00277275
2835	0.00037171
2836	0.00175541
2837	0.00197250
2838	-0.00563235
2839	-0.00438866
2840	-0.00287110
2841	-0.01065851
2842	0.00247088
2843	0.00179782
2844	-0.00145328
2845	0.00138217
2846	-0.00330366
2847	-0.00575700
2848	0.00086809
2849	-0.00623576
2850	0.00118590
2851	0.00338656
2852	-0.00349387
2853	0.00336658
2854	0.00038758
2855	-0.00620211
2856	-0.00029682
2857	-0.00025421
2858	-0.00281427
2859	0.00386313
2860	0.00167674
2861	0.00278430
2862	0.00188680
2863	-0.00528967
2864	-0.00154829
2865	0.00270634
2866	-0.01061047
2867	0.00304492
2868	0.00277215
2869	-0.00350933
2870	0.00357928
2871	-0.00333085
2872	-0.00466167
2873	0.00102242
2874	-0.00657713
2875	0.00066630
2876	0.00234074
2877	-0.00440633
2878	0.00159287
2879	-0.00075294
2880	-0.00765099
2881	-0.00071706
2882	-0.00122702
2883	-0.00571844
2884	0.00274599
2885	0.00038816
2886	0.00187012
2887	0.00295387
2888	-0.00282678
2889	-0.00181336
2890	0.00194682
2891	-0.00987373
2892	0.00340066
2893	0.00274683
2894	0.00096607
2895	0.00222284
2896	-0.00248787
2897	-0.00383261
2898	0.00050491
2899	-0.00735995
2900	0.00105413
2901	0.00308852
2902	-0.00414629
2903	0.00305129
2904	0.00011608
2905	-0.00780198
2906	-0.00208804
2907	-0.00135464
2908	-0.00569221
2909	0.00218838
2910	-0.00047634
2911	0.00145267
2912	0.00008519
2913	-0.00663471
2914	-0.00256400
2915	0.00212758
2916	-0.01105031
2917	-0.00354304
2918	0.00289802
2919	-0.00035277
2920	0.00362887
2921	-0.00239689
2922	-0.00399629
2923	0.00187286
2924	-0.00635678
2925	0.00220845
2926	0.00401213
2927	-0.00299831
2928	0.00331943
2929	0.00080453
2930	-0.00617150
2931	0.00020085
2932	-0.00030206
2933	-0.00557147
2934	0.00340290
2935	-0.00036380
2936	-0.00020428
2937	0.00190713
2938	-0.00718643
2939	-0.00359407
2940	0.00027738
2941	-0.01053064
2942	0.00174952
2943	0.00192650
2944	-0.00124877
2945	0.00126586
2946	-0.00253914
2947	-0.00475460
2948	0.00096235
2949	-0.00769605
2950	0.00050729
2951	0.00370651
2952	-0.00344780
2953	0.00295953
2954	0.00122259
2955	-0.00600501
2956	0.00071263
2957	-0.00060419
2958	-0.00390454
2959	0.00357489
2960	-0.00008172
2961	0.00337377
2962	0.00228638
2963	-0.00520942
2964	-0.00219924
2965	0.00130224
2966	-0.01019495
2967	0.00374206
2968	0.00352128
2969	-0.00232302
2970	0.00336502
2971	-0.00311170
2972	-0.00449284
2973	0.00079388
2974	-0.00720724
2975	0.00084688
2976	0.00236860
2977	-0.00314610
2978	0.00313750
2979	0.00011108
2980	-0.00691411
2981	0.00014660
2982	-0.00125445
2983	-0.00472054
2984	0.00361227
2985	-0.00012027
2986	0.00158172
2987	0.00236143
2988	-0.00642241
2989	-0.00335789
2990	0.00078856
2991	-0.01107116
2992	0.00296416
2993	0.00302187
2994	-0.00110449
2995	0.00215974
2996	-0.00283011
2997	-0.00421120
2998	0.00195661
2999	-0.00734807
3000	0.00112583