	C:\Users\jkuzm\OneDrive - University of Massachusetts\HRSL x UMILL-PUMA Fatigue - Fatigue\Data\F01\FR3_static3.c3d _ImpedanceExport
	FP1
	FREEMOMENT
	ORIGINAL
ITEM	Y
1	-0.01556528
2	0.03366773
3	0.01480068
4	-0.00585622
5	0.05790991
6	-0.02589227
7	-0.01537155
8	0.00298050
9	-0.01278908
10	0.01525932
11	0.03314169
12	-0.00949071
13	0.03595341
14	-0.00566715
15	-0.01559480
16	-0.00566241
17	-0.01259357
18	0.00198916
19	0.04454537
20	0.00543612
21	0.00564879
22	0.04675603
23	-0.01994822
24	-0.01022632
25	-0.00183688
26	-0.00889734
27	0.03403386
28	0.01511300
29	-0.01227298
30	0.05923042
31	-0.01464114
32	-0.01593963
33	-0.00498561
34	-0.01788342
35	0.01446603
36	0.03836710
37	0.00035854
38	0.03214037
39	0.00631095
40	-0.01301386
41	0.00452447
42	-0.01090997
43	-0.00176495
44	0.05902524
45	0.00384425
46	0.00081146
47	0.04533482
48	-0.01836143
49	-0.00790740
50	-0.01153128
51	-0.01369633
52	0.03598704
53	0.01997524
54	-0.00061190
55	0.06197193
56	-0.01080882
57	-0.01364899
58	0.00471671
59	-0.00924440
60	0.01335397
61	0.03530895
62	-0.00909479
63	0.03191641
64	0.00421906
65	-0.01764736
66	-0.00487684
67	-0.01641295
68	-0.00197044
69	0.04104430
70	0.00464924
71	0.00572742
72	0.04114299
73	-0.03334881
74	-0.00735960
75	-0.00589925
76	-0.00521259
77	0.03591788
78	0.01886791
79	-0.01105364
80	0.06135706
81	-0.01298231
82	-0.01177077
83	0.00784696
84	-0.01724478
85	0.01841063
86	0.03736518
87	-0.00457824
88	0.03077498
89	0.00593744
90	-0.01714382
91	-0.00100388
92	-0.01273078
93	-0.00123159
94	0.04337024
95	0.00475524
96	0.00078791
97	0.05260882
98	-0.01460950
99	-0.01038616
100	-0.00184729
101	-0.01250197
102	0.04246451
103	0.02259054
104	-0.00316291
105	0.06075128
106	-0.01274489
107	-0.01331536
108	-0.00081848
109	-0.01278017
110	0.01480597
111	0.03453282
112	-0.00666822
113	0.02978460
114	0.00800627
115	-0.01851032
116	0.00055041
117	-0.01487729
118	-0.00200754
119	0.04012254
120	0.00762921
121	0.00015484
122	0.04485563
123	-0.01441798
124	-0.01125529
125	-0.00881224
126	-0.00755083
127	0.03158033
128	0.01328768
129	-0.01331826
130	0.05601038
131	-0.01314157
132	-0.01871353
133	-0.00876974
134	-0.02114623
135	0.01534519
136	0.03292700
137	-0.00404143
138	0.02941960
139	-0.00008937
140	-0.03121809
141	-0.00061893
142	-0.01224023
143	-0.00014640
144	0.04264449
145	0.00253125
146	0.00106726
147	0.04944324
148	-0.02084712
149	-0.01258884
150	-0.01519959
151	-0.01442472
152	0.03068096
153	0.01735873
154	-0.00626634
155	0.06104140
156	-0.01104832
157	-0.01475441
158	0.00041657
159	-0.01440745
160	0.01254698
161	0.03853430
162	-0.00604235
163	0.03059838
164	0.00922182
165	-0.01742529
166	-0.00764151
167	-0.01759646
168	-0.01029677
169	0.04575488
170	0.00752136
171	-0.00267765
172	0.04446316
173	-0.01498599
174	-0.00859884
175	-0.00421407
176	-0.00706412
177	0.02663801
178	0.01979626
179	-0.00685835
180	0.05905252
181	-0.00937009
182	-0.01323492
183	-0.00127706
184	-0.01648659
185	0.01809957
186	0.03433542
187	0.00088501
188	0.02776541
189	0.00961870
190	-0.01536136
191	0.00365857
192	-0.01499573
193	-0.00500335
194	0.04198395
195	0.00377741
196	-0.00267347
197	0.05294466
198	-0.01166317
199	-0.01212829
200	-0.00475013
201	-0.01176185
202	0.03563629
203	0.01982262
204	-0.00451537
205	0.05690963
206	-0.02704185
207	-0.01162399
208	0.00825304
209	-0.01175675
210	0.00919927
211	0.03160531
212	-0.00837247
213	0.02718476
214	0.00633307
215	-0.01986707
216	0.00236659
217	-0.03056226
218	-0.00622236
219	0.04092741
220	0.00572926
221	-0.00081741
222	0.04288255
223	-0.01859189
224	-0.01499402
225	-0.00464857
226	-0.01016252
227	0.02226773
228	0.01473556
229	-0.01568827
230	0.06110542
231	-0.01491250
232	-0.01885821
233	-0.00065790
234	-0.01927379
235	0.01414619
236	0.02792072
237	0.00079235
238	0.03028114
239	0.01842664
240	-0.01699231
241	0.00592091
242	-0.01337543
243	-0.00021603
244	0.04273852
245	0.00015734
246	-0.00001468
247	0.05591369
248	-0.01724105
249	-0.01200579
250	-0.00586699
251	-0.01715818
252	0.03023574
253	0.02057920
254	-0.00145556
255	0.06036263
256	-0.00882432
257	-0.01752140
258	0.00742307
259	-0.01081272
260	0.01257053
261	0.03636465
262	-0.00638175
263	0.02747222
264	0.00928403
265	-0.03026622
266	-0.00015123
267	-0.01572821
268	-0.00445247
269	0.04462850
270	0.00847596
271	-0.00280994
272	0.05190770
273	-0.02088231
274	-0.01063119
275	-0.00638388
276	-0.00968907
277	0.03096947
278	0.01791996
279	-0.01182180
280	0.05651917
281	-0.01240561
282	-0.01949029
283	-0.00072452
284	0.06713055
285	0.01160439
286	0.04128008
287	-0.00195422
288	0.03197837
289	0.01989421
290	-0.01731879
291	0.00440468
292	-0.01393937
293	-0.00551636
294	0.03603683
295	0.00566059
296	-0.00403954
297	0.05812516
298	-0.01577273
299	-0.00920018
300	-0.00640152
301	-0.01957828
302	0.03750157
303	0.02368237
304	-0.00634976
305	0.06130069
306	-0.00996015
307	-0.01673448
308	0.00754612
309	-0.01107265
310	0.00450562
311	0.04033514
312	-0.00736728
313	0.00689841
314	0.01323385
315	-0.01835954
316	-0.00794750
317	-0.01449797
318	-0.00729034
319	0.04005782
320	0.00874714
321	0.00048773
322	0.05644063
323	-0.02040521
324	-0.00674709
325	-0.00014567
326	-0.00929281
327	0.02525554
328	0.01962343
329	-0.01118641
330	0.05794033
331	-0.01337554
332	0.01537163
333	0.00250354
334	-0.01844595
335	0.01420471
336	0.03559404
337	-0.00251837
338	0.02007044
339	0.01393375
340	-0.01263298
341	0.00149697
342	-0.00459847
343	-0.00114093
344	0.04077682
345	0.00411046
346	-0.00360251
347	0.05675381
348	-0.02087567
349	-0.01261050
350	-0.00566013
351	-0.01199744
352	0.03516574
353	0.02237084
354	-0.00399928
355	0.05649272
356	-0.00918974
357	-0.01295008
358	-0.00239209
359	-0.01390351
360	0.00957129
361	0.07068527
362	-0.00117575
363	0.02469605
364	0.01964503
365	-0.01720742
366	-0.00533574
367	-0.01304510
368	-0.00983135
369	0.04291232
370	0.00845538
371	-0.00669898
372	0.05572261
373	-0.01702695
374	-0.01435695
375	-0.00778595
376	-0.00637059
377	0.02758098
378	0.02295828
379	-0.00556161
380	0.04525689
381	-0.00932433
382	-0.01436272
383	-0.00512147
384	-0.01565939
385	0.01034487
386	0.03837050
387	-0.00094692
388	0.02180175
389	0.01217598
390	-0.02213719
391	-0.00668779
392	-0.01045556
393	-0.00583149
394	0.04387081
395	0.00350623
396	-0.00774593
397	0.05466773
398	-0.02205499
399	-0.01226013
400	-0.01153519
401	-0.01421709
402	0.03101947
403	0.02294035
404	-0.00414202
405	0.05461072
406	-0.01089971
407	-0.01321955
408	0.00181039
409	0.02109369
410	0.01358916
411	0.04109050
412	-0.00336912
413	0.02222085
414	0.01584945
415	-0.01839241
416	-0.01025295
417	-0.01489284
418	-0.00863603
419	0.04881150
420	0.01093860
421	0.00097609
422	0.05802362
423	-0.01566143
424	-0.01381339
425	-0.00604709
426	-0.00657491
427	0.02432968
428	0.01329399
429	-0.00897495
430	0.05277489
431	-0.00814098
432	-0.01515573
433	0.00036890
434	-0.01736734
435	0.00863435
436	0.04075841
437	0.00455671
438	0.01231680
439	0.02029496
440	-0.01278685
441	-0.00659000
442	-0.01136724
443	-0.00534867
444	0.04016750
445	0.00155418
446	-0.01561137
447	0.05521999
448	-0.02089447
449	-0.01362124
450	-0.00797018
451	-0.01724791
452	0.02899742
453	0.02441814
454	-0.00545549
455	0.05715054
456	-0.00825591
457	-0.00447407
458	0.00008112
459	-0.00541181
460	0.01048371
461	0.04069560
462	-0.00325360
463	0.02006671
464	0.01997976
465	-0.01572564
466	-0.00832469
467	-0.01573181
468	-0.00990221
469	0.04012690
470	0.00898601
471	-0.00560487
472	0.05204277
473	-0.01788263
474	-0.01471277
475	-0.00606560
476	-0.01902945
477	0.02801022
478	0.02382055
479	-0.01172381
480	0.05266125
481	-0.00787674
482	-0.01444300
483	-0.00331025
484	-0.01499324
485	0.01383470
486	0.05869614
487	0.00305813
488	0.02014943
489	0.02348709
490	-0.01623925
491	-0.00602149
492	-0.01346741
493	-0.00436172
494	0.04622906
495	0.00435191
496	-0.00386916
497	0.06080458
498	-0.01916822
499	-0.01727002
500	-0.00489376
501	-0.01497333
502	0.02742827
503	0.02613507
504	-0.00612831
505	0.04856949
506	-0.00915285
507	-0.01494434
508	-0.00025947
509	-0.01260489
510	0.00603850
511	0.03882188
512	-0.00156480
513	0.01945335
514	0.02172917
515	-0.00947984
516	-0.00794058
517	-0.01377079
518	-0.00870108
519	0.03721443
520	0.01295067
521	-0.00457692
522	0.05755733
523	-0.02113622
524	-0.00994608
525	-0.00920358
526	-0.00729116
527	0.02656278
528	0.02218814
529	-0.01326590
530	0.05159712
531	-0.00855215
532	-0.01655071
533	-0.00172234
534	-0.02147815
535	0.00444168
536	0.03983418
537	0.00184427
538	0.01764375
539	0.02174705
540	-0.01497498
541	-0.00473095
542	0.00118658
543	-0.00486234
544	0.04400674
545	0.00802127
546	-0.00712947
547	0.06179194
548	-0.01841888
549	-0.01415566
550	-0.00928777
551	-0.01411449
552	0.02909655
553	-0.02074338
554	-0.00796119
555	0.05224716
556	-0.01282723
557	-0.01648091
558	0.00135234
559	-0.01023666
560	0.01131758
561	0.04214738
562	0.00153763
563	0.03149635
564	0.03106856
565	-0.01607319
566	-0.00846593
567	-0.00978239
568	-0.00665247
569	0.04095474
570	0.01357382
571	-0.00936742
572	0.06925168
573	-0.01614965
574	-0.01183204
575	-0.00968564
576	-0.01142012
577	0.01980338
578	0.02338885
579	-0.01240505
580	0.04912698
581	-0.00767858
582	-0.01702291
583	-0.00709483
584	-0.01901559
585	0.00402387
586	0.04306645
587	-0.00215411
588	0.01925514
589	0.03337132
590	-0.01544567
591	-0.00076927
592	0.00105510
593	-0.00269751
594	0.04116241
595	0.00870950
596	-0.00420557
597	0.05682699
598	-0.01533640
599	-0.01246143
600	-0.00364974
601	-0.03848126
602	0.02302476
603	0.02606261
604	-0.00436259
605	0.04757161
606	-0.00705396
607	-0.01463130
608	0.00503418
609	-0.01146552
610	0.00150120
611	0.04007626
612	-0.00212671
613	0.01645032
614	0.02861708
615	-0.01953910
616	-0.01219899
617	-0.01151455
618	-0.00752027
619	0.04550612
620	0.01532426
621	-0.00539140
622	0.06003023
623	-0.01494607
624	-0.01404622
625	-0.00691926
626	-0.00830278
627	0.02661714
628	0.02782813
629	-0.00737763
630	0.03437999
631	-0.00706281
632	-0.01564949
633	-0.01056093
634	-0.01576164
635	0.00553231
636	0.03949126
637	0.00345362
638	0.01426999
639	0.03157816
640	-0.01140800
641	-0.00875959
642	-0.00766048
643	-0.00650200
644	0.03797722
645	0.00896602
646	-0.00768946
647	0.05827622
648	-0.01153234
649	0.00407969
650	-0.00438810
651	-0.01891975
652	0.02565933
653	0.02798032
654	-0.00147351
655	0.04837180
656	-0.00142057
657	-0.01378880
658	-0.00100705
659	-0.01320837
660	0.00637833
661	0.04043990
662	-0.00177975
663	0.01422572
664	0.03252914
665	-0.01931158
666	-0.00819006
667	-0.01784644
668	-0.01037554
669	0.03622154
670	0.00702844
671	-0.00703489
672	0.06220644
673	-0.01559068
674	-0.01196103
675	-0.00383527
676	-0.01097173
677	0.02291782
678	0.01253950
679	-0.00906427
680	0.04890881
681	-0.00349608
682	-0.01336424
683	-0.00148715
684	-0.01273407
685	0.00395023
686	0.03795687
687	0.00449313
688	0.01543217
689	0.02617416
690	-0.02052079
691	-0.01220768
692	-0.01167899
693	-0.00666026
694	0.03757295
695	0.00778470
696	-0.00714608
697	0.05518319
698	-0.01885704
699	-0.01643769
700	-0.01235699
701	-0.01784012
702	0.01990420
703	0.02948337
704	-0.00317387
705	0.04719125
706	-0.00561906
707	-0.01502184
708	-0.00690844
709	-0.00784050
710	0.00260797
711	0.04307838
712	-0.00108047
713	0.01267030
714	0.03876911
715	-0.01649715
716	-0.00852564
717	-0.00492470
718	-0.00860277
719	0.04087623
720	0.01361534
721	-0.00473573
722	0.05936841
723	-0.01785396
724	-0.01056622
725	-0.00554316
726	-0.00996767
727	0.01716084
728	0.02189182
729	-0.01245305
730	0.04225514
731	-0.00619584
732	-0.01985531
733	-0.00456333
734	-0.01416428
735	0.00277843
736	0.03899887
737	-0.00548975
738	0.00731629
739	0.02954605
740	-0.01951149
741	-0.01000535
742	-0.01356097
743	-0.00464146
744	0.03731766
745	0.01961222
746	-0.00884574
747	0.05877047
748	-0.02068110
749	-0.01499325
750	-0.00795986
751	-0.01429850
752	0.02355419
753	0.02924162
754	-0.00524798
755	0.04116720
756	0.00009940
757	-0.01213024
758	0.00596318
759	-0.00761134
760	0.00596601
761	0.04180729
762	-0.00160206
763	-0.00032577
764	0.03789954
765	-0.01309657
766	-0.01202333
767	-0.00869765
768	-0.01315964
769	0.03629231
770	0.01643466
771	-0.00574537
772	0.05875069
773	-0.01781961
774	0.00036107
775	-0.00693025
776	-0.00806509
777	0.01802156
778	0.03072830
779	-0.01026387
780	0.04746595
781	-0.00337622
782	-0.01526909
783	-0.00831079
784	-0.02139537
785	0.00402644
786	0.04589769
787	0.00606645
788	0.01260690
789	0.03786057
790	-0.01476763
791	-0.00540627
792	-0.01188701
793	0.02033317
794	0.03733615
795	0.00869339
796	-0.01339477
797	0.05801427
798	-0.01968197
799	-0.01770297
800	-0.01092664
801	-0.01769512
802	0.02301743
803	0.03828874
804	-0.00612660
805	0.04018461
806	-0.00182201
807	-0.01888938
808	0.00075192
809	-0.01216785
810	0.00511307
811	0.03960334
812	0.00276969
813	0.00545655
814	0.03995335
815	-0.01378359
816	-0.00993264
817	-0.00708753
818	-0.00479060
819	0.04232151
820	0.01933260
821	-0.00797002
822	0.04910130
823	-0.01567778
824	-0.01337254
825	-0.00837771
826	-0.01318584
827	0.01768048
828	0.02687088
829	-0.01418650
830	0.03983956
831	-0.00870525
832	-0.02794210
833	-0.01398796
834	-0.01875607
835	-0.00103511
836	0.04149017
837	0.00125224
838	0.00544541
839	0.03886010
840	-0.01412265
841	-0.00856499
842	-0.01062202
843	-0.00784195
844	0.03534261
845	0.01414447
846	-0.00795631
847	0.06216100
848	-0.01760561
849	-0.01564380
850	-0.00656688
851	-0.01338636
852	0.02106569
853	0.03187082
854	-0.00534962
855	0.04039750
856	0.00036004
857	-0.01437364
858	-0.00143400
859	-0.00746948
860	0.00213307
861	0.03980830
862	0.00015973
863	0.00545425
864	0.03604282
865	-0.01833835
866	-0.01167927
867	-0.01032732
868	-0.01539099
869	0.04037979
870	0.03665504
871	-0.00529792
872	0.05730920
873	-0.01392168
874	-0.01652666
875	-0.00993774
876	-0.00985096
877	0.01995242
878	0.02422972
879	-0.00816298
880	0.03543294
881	-0.00034725
882	-0.01628666
883	-0.00961105
884	-0.01196629
885	-0.00033037
886	0.04158408
887	0.00394635
888	0.00830309
889	0.02635342
890	-0.01617330
891	-0.01014724
892	-0.00986954
893	-0.00313033
894	0.03773995
895	0.01246016
896	-0.01016607
897	0.05629969
898	-0.01511179
899	-0.02554535
900	-0.00925287
901	-0.01626167
902	0.02244518
903	0.03249269
904	-0.00236608
905	0.03570430
906	-0.00156679
907	-0.01973010
908	-0.00725932
909	-0.02117340
910	-0.00191517
911	0.03664343
912	-0.00087222
913	0.00110272
914	0.04027200
915	-0.01918133
916	-0.01543448
917	-0.01600770
918	-0.01331715
919	0.03571840
920	0.01842962
921	-0.00497400
922	0.06210719
923	-0.00996087
924	-0.00750265
925	-0.00406993
926	-0.01024112
927	0.02063649
928	0.03915397
929	-0.00726353
930	0.03660891
931	0.00589636
932	-0.01994255
933	-0.00295063
934	-0.01750068
935	-0.00557999
936	0.04179396
937	-0.04399880
938	0.00759551
939	0.03514647
940	-0.01501424
941	-0.01077252
942	-0.00684435
943	-0.00542726
944	0.03529324
945	0.01420619
946	-0.00687359
947	0.06496064
948	-0.01058500
949	-0.01285996
950	-0.00476063
951	-0.01354475
952	0.01996406
953	0.03732418
954	-0.00116576
955	0.03548463
956	0.00440414
957	-0.01433685
958	-0.00202195
959	-0.01169972
960	0.00033423
961	0.04229441
962	0.00221414
963	0.00299822
964	0.04289690
965	-0.02042100
966	-0.02749113
967	-0.01448351
968	-0.01549655
969	0.02998625
970	0.01522439
971	-0.00731940
972	0.05819904
973	-0.01348557
974	-0.01491078
975	-0.00588702
976	-0.01148291
977	0.02072766
978	0.03671905
979	-0.00354802
980	0.03856657
981	0.00739782
982	-0.01618788
983	-0.00984232
984	-0.01400156
985	-0.01939144
986	0.04246470
987	0.00795526
988	0.00588454
989	0.04063514
990	-0.01601397
991	-0.00685328
992	-0.00987469
993	-0.00990042
994	0.03299425
995	0.00415742
996	-0.01451929
997	0.06083445
998	-0.01522959
999	-0.01463348
1000	-0.00852420
1001	-0.01680287
1002	0.01641483
1003	0.03533879
1004	-0.00295148
1005	0.03668196
1006	0.00845049
1007	-0.01479391
1008	-0.00600324
1009	-0.01096200
1010	-0.00085365
1011	0.04032142
1012	0.00075464
1013	0.00093080
1014	0.05015862
1015	-0.01721960
1016	-0.01346898
1017	-0.01032300
1018	-0.01168089
1019	0.03450274
1020	0.02104151
1021	-0.00564296
1022	0.05300622
1023	-0.01158376
1024	-0.01641070
1025	-0.00467685
1026	-0.01442177
1027	0.01355743
1028	0.03427999
1029	-0.00821086
1030	0.03732703
1031	0.00532887
1032	-0.02441209
1033	0.03091678
1034	-0.01450759
1035	0.00236076
1036	0.04563128
1037	0.00550316
1038	0.00732501
1039	0.04628615
1040	-0.01614703
1041	-0.01148474
1042	-0.00909217
1043	-0.01716243
1044	0.03563294
1045	0.01813090
1046	-0.00788650
1047	0.05806058
1048	-0.01306899
1049	-0.01599158
1050	-0.00675755
1051	-0.00119919
1052	0.01686241
1053	0.03718060
1054	-0.00198306
1055	0.03234842
1056	0.01351917
1057	-0.01680271
1058	-0.00450157
1059	-0.01257544
1060	0.00052161
1061	0.03826129
1062	-0.04406067
1063	0.00127438
1064	0.04374127
1065	-0.01933503
1066	-0.01191052
1067	-0.01177208
1068	-0.01750989
1069	0.02957563
1070	0.02183757
1071	-0.00517088
1072	0.05114650
1073	-0.01178021
1074	-0.01373385
1075	-0.00707217
1076	-0.01175470
1077	0.01474943
1078	0.03300449
1079	-0.00744113
1080	0.03424231
1081	0.04178504
1082	-0.01246415
1083	-0.00608639
1084	-0.01302911
1085	0.00426062
1086	0.04793860
1087	0.01026180
1088	0.00616154
1089	0.05524609
1090	-0.01364868
1091	0.01324498
1092	-0.00501747
1093	-0.00199643
1094	0.03651453
1095	0.02220278
1096	-0.00658031
1097	0.06169008
1098	-0.01000717
1099	-0.00741023
1100	-0.00699457
1101	-0.01279285
1102	0.01850491
1103	0.03692807
1104	-0.00311058
1105	0.03121892
1106	0.01204967
1107	-0.01596729
1108	-0.00482174
1109	-0.00946137
1110	0.02646133
1111	0.04362477
1112	0.00461818
1113	0.00089977
1114	0.05106836
1115	-0.02321479
1116	-0.01077087
1117	-0.00957620
1118	-0.01163456
1119	0.03512669
1120	0.01068981
1121	-0.00504409
1122	0.05944587
1123	-0.01154574
1124	-0.01151337
1125	-0.00617868
1126	-0.00863891
1127	0.01383006
1128	0.03656738
1129	-0.00286986
1130	0.03094040
1131	0.01085420
1132	-0.02234170
1133	-0.00291748
1134	-0.01505885
1135	-0.00391182
1136	0.03915504
1137	0.00609409
1138	0.00142028
1139	0.03507972
1140	-0.01527143
1141	-0.00719553
1142	-0.00830840
1143	-0.00548664
1144	0.03639000
1145	0.01937274
1146	-0.00939340
1147	0.05671772
1148	-0.00858925
1149	-0.01934712
1150	-0.00229766
1151	-0.01472060
1152	0.01692161
1153	0.03973246
1154	-0.00072283
1155	0.03166887
1156	0.01205205
1157	-0.01074731
1158	0.01815458
1159	-0.00943951
1160	-0.00127525
1161	0.03985440
1162	0.00300048
1163	-0.00113499
1164	0.04731682
1165	-0.01864849
1166	-0.01610908
1167	-0.01447314
1168	-0.00553381
1169	0.03201776
1170	0.01803276
1171	-0.00940145
1172	0.05915621
1173	-0.01410284
1174	-0.01204161
1175	-0.00264874
1176	-0.01338020
1177	0.01200657
1178	0.04371800
1179	-0.00525492
1180	0.03268981
1181	0.01603598
1182	-0.01452399
1183	-0.00544232
1184	-0.01466835
1185	-0.00694676
1186	0.04575873
1187	0.02294615
1188	0.00308441
1189	0.05332607
1190	-0.01596320
1191	-0.00928174
1192	-0.00803556
1193	-0.00663302
1194	0.03283315
1195	0.00460201
1196	-0.01167395
1197	0.05684315
1198	-0.00758711
1199	-0.01590714
1200	-0.00273400
1201	-0.01388947
1202	0.01498045
1203	0.03870147
1204	-0.00039481
1205	0.03181081
1206	0.03645158
1207	-0.01237696
1208	-0.00276417
1209	-0.01182664
1210	-0.00367955
1211	0.04072677
1212	0.00211673
1213	-0.00222135
1214	0.04496347
1215	-0.02122644
1216	-0.01379030
1217	-0.00935490
1218	-0.01292860
1219	0.02808301
1220	0.01958882
1221	-0.00624156
1222	0.05467787
1223	-0.00867023
1224	-0.01247121
1225	-0.02508603
1226	-0.01310302
1227	0.01615698
1228	0.03750797
1229	-0.00514431
1230	0.03016474
1231	0.01823912
1232	-0.01700039
1233	0.00174388
1234	-0.00965114
1235	0.01035502
1236	0.04567496
1237	0.01121278
1238	0.00443443
1239	0.05386497
1240	-0.01665518
1241	-0.01208194
1242	-0.00594696
1243	-0.00403190
1244	0.02968526
1245	0.02544336
1246	-0.01092042
1247	0.05724894
1248	-0.01036493
1249	-0.01435800
1250	-0.00456453
1251	-0.01748539
1252	0.01171695
1253	0.03700354
1254	0.01489359
1255	0.03042272
1256	0.01683779
1257	-0.01389667
1258	-0.01052502
1259	-0.01122671
1260	-0.00277321
1261	0.04198174
1262	0.00576940
1263	-0.00517659
1264	0.06440116
1265	-0.01864757
1266	-0.01560248
1267	-0.00947123
1268	-0.01337489
1269	0.03106551
1270	0.02057062
1271	-0.01004510
1272	0.04687103
1273	-0.00982372
1274	-0.01714335
1275	-0.01018772
1276	-0.00932424
1277	0.01131587
1278	0.03652183
1279	-0.00609644
1280	0.02385648
1281	0.01470850
1282	-0.01724990
1283	-0.00542331
1284	-0.01430084
1285	0.00041557
1286	0.04394924
1287	0.01211747
1288	0.00049815
1289	0.05353540
1290	-0.01529206
1291	-0.00460488
1292	-0.00497816
1293	-0.00277228
1294	0.03210696
1295	0.02238614
1296	-0.01129901
1297	0.05592688
1298	-0.00802647
1299	-0.01709141
1300	-0.00871266
1301	-0.01772872
1302	-0.01707482
1303	0.03990477
1304	-0.00087061
1305	0.02187497
1306	0.01465718
1307	-0.01384222
1308	-0.00379173
1309	-0.00783138
1310	0.00418635
1311	0.04555250
1312	0.01902788
1313	0.00093106
1314	0.06088015
1315	-0.01143581
1316	-0.01267168
1317	-0.00886621
1318	-0.01627498
1319	0.02693433
1320	0.03323607
1321	0.00761580
1322	0.05030054
1323	-0.00940780
1324	-0.01630450
1325	-0.00814719
1326	-0.01136713
1327	0.00636284
1328	0.03208742
1329	-0.00822645
1330	0.02127949
1331	0.02511418
1332	-0.02133687
1333	-0.00875614
1334	-0.01053385
1335	-0.00693796
1336	0.04314169
1337	0.00777284
1338	0.00265411
1339	0.06139880
1340	-0.01300052
1341	-0.00808331
1342	-0.00495245
1343	-0.00656197
1344	0.03205133
1345	0.02243371
1346	-0.00786911
1347	0.05849772
1348	-0.00882447
1349	-0.01486162
1350	-0.01674968
1351	-0.01584595
1352	0.01347885
1353	0.04064726
1354	-0.00015277
1355	0.02481537
1356	0.02278659
1357	-0.01745085
1358	-0.00035165
1359	-0.01079039
1360	-0.00802194
1361	0.04192718
1362	0.00800373
1363	-0.00677232
1364	0.05485339
1365	-0.02036735
1366	-0.01757991
1367	-0.01215160
1368	-0.01222752
1369	0.02479137
1370	0.02149620
1371	-0.00854967
1372	0.05056883
1373	-0.01084130
1374	-0.01878863
1375	-0.00142496
1376	-0.01291305
1377	0.01038606
1378	0.03444833
1379	-0.01678874
1380	0.02256316
1381	0.02345170
1382	-0.01814719
1383	-0.01054610
1384	-0.01135734
1385	-0.01298737
1386	0.04310002
1387	0.01243590
1388	-0.00247964
1389	0.06217135
1390	-0.01648188
1391	-0.01423906
1392	-0.00680351
1393	-0.00798162
1394	0.02875788
1395	0.02334078
1396	-0.01151302
1397	0.05366541
1398	0.00116558
1399	-0.01621587
1400	-0.00400060
1401	-0.01717176
1402	0.01173457
1403	0.03954349
1404	-0.00174892
1405	0.02069761
1406	0.01641013
1407	-0.01726654
1408	-0.00528369
1409	-0.00971381
1410	-0.00354273
1411	0.03704766
1412	0.00833141
1413	-0.00534377
1414	0.05742287
1415	-0.01786259
1416	-0.01022781
1417	-0.00619649
1418	-0.00836987
1419	0.03144293
1420	0.02394887
1421	-0.00575895
1422	0.05056138
1423	-0.00812500
1424	-0.01429336
1425	-0.00093678
1426	-0.01364208
1427	0.00468006
1428	0.03895876
1429	-0.00485087
1430	0.01709358
1431	0.02260244
1432	-0.01955301
1433	-0.01003557
1434	-0.01676679
1435	-0.01474220
1436	0.03852525
1437	0.00458637
1438	-0.00559746
1439	0.05343678
1440	-0.01805410
1441	-0.01325489
1442	-0.00887174
1443	-0.00907772
1444	0.02958047
1445	0.03319586
1446	-0.00864582
1447	0.05708263
1448	0.00117402
1449	-0.01016491
1450	0.00361361
1451	-0.00951198
1452	0.01088818
1453	0.04780073
1454	0.00428636
1455	0.02072385
1456	0.02750090
1457	-0.01195118
1458	-0.00277930
1459	-0.00653087
1460	-0.00228988
1461	0.03815331
1462	0.00812167
1463	-0.00523892
1464	0.05350208
1465	-0.01703653
1466	-0.01679689
1467	-0.01137971
1468	-0.02120759
1469	0.02086728
1470	0.02254415
1471	-0.00589748
1472	0.04846675
1473	-0.00765997
1474	-0.01459308
1475	-0.00373061
1476	-0.00908232
1477	0.00439847
1478	0.04204870
1479	-0.00348612
1480	0.01775650
1481	0.02861869
1482	-0.01474150
1483	-0.00793503
1484	-0.01003765
1485	-0.00653638
1486	0.04420041
1487	0.01324514
1488	-0.00493421
1489	0.05298287
1490	-0.01287671
1491	-0.01091270
1492	-0.00549560
1493	-0.00563481
1494	0.01624493
1495	0.02929980
1496	-0.01244670
1497	0.04819674
1498	-0.00647148
1499	-0.01483385
1500	-0.00559377
1501	-0.01688552
1502	0.00563505
1503	0.03718149
1504	-0.00948646
1505	0.01863849
1506	0.02554399
1507	-0.01406482
1508	-0.01079114
1509	-0.00788882
1510	-0.00321026
1511	0.04134339
1512	0.00166522
1513	-0.00277980
1514	0.05872112
1515	-0.01487368
1516	-0.01367037
1517	-0.00640750
1518	-0.01325463
1519	0.02157475
1520	0.02663898
1521	-0.00684183
1522	0.04509985
1523	0.00052343
1524	-0.02015428
1525	-0.00492628
1526	-0.01642235
1527	0.00160970
1528	0.03716765
1529	-0.00872774
1530	0.01485018
1531	0.02764630
1532	-0.02394611
1533	-0.00789873
1534	-0.01243895
1535	-0.01057148
1536	0.04050079
1537	0.01305701
1538	-0.00316011
1539	0.05691307
1540	-0.01518388
1541	-0.00895807
1542	0.02187973
1543	-0.00837543
1544	0.02117261
1545	0.02489042
1546	-0.01182517
1547	0.04619497
1548	-0.00628460
1549	-0.01766545
1550	-0.00767548
1551	-0.01216375
1552	0.00784474
1553	0.04016238
1554	0.00208724
1555	0.01807866
1556	0.03111432
1557	-0.01360407
1558	-0.00384973
1559	-0.00743403
1560	-0.00406496
1561	0.04177627
1562	0.00799521
1563	-0.00856249
1564	0.05536596
1565	-0.01867978
1566	-0.01551879
1567	-0.01145101
1568	-0.02223710
1569	0.01979171
1570	0.02686391
1571	-0.02492113
1572	0.03781144
1573	-0.00664883
1574	-0.01877847
1575	-0.00509098
1576	-0.01237981
1577	0.00180665
1578	0.03811344
1579	-0.00081865
1580	0.01039528
1581	0.02587430
1582	-0.02080101
1583	-0.01108264
1584	-0.01406643
1585	-0.00951011
1586	0.04060929
1587	0.01636053
1588	-0.00332319
1589	0.05652554
1590	0.01555750
1591	-0.01206739
1592	-0.00512434
1593	-0.01066683
1594	0.02066410
1595	0.02633609
1596	-0.01129135
1597	0.04697256
1598	-0.00046675
1599	-0.01692340
1600	-0.00222426
1601	-0.01471250
1602	0.00600999
1603	0.04502426
1604	0.00211363
1605	0.01649794
1606	0.02745523
1607	-0.01620789
1608	-0.00004222
1609	-0.01007770
1610	-0.00404221
1611	0.03498925
1612	0.00896881
1613	-0.00928380
1614	0.05851635
1615	-0.01868776
1616	-0.01408851
1617	-0.00871738
1618	-0.01038578
1619	0.03149208
1620	0.03067853
1621	-0.00305701
1622	0.04399924
1623	-0.00453311
1624	-0.01633672
1625	-0.00463314
1626	-0.01128172
1627	0.00144016
1628	0.03681931
1629	0.00263980
1630	0.00938163
1631	0.02632111
1632	-0.02211645
1633	-0.01701093
1634	-0.01477403
1635	-0.01308889
1636	0.03635611
1637	0.00572659
1638	-0.01832196
1639	0.05679626
1640	-0.01970039
1641	-0.01373927
1642	0.00066123
1643	-0.01140733
1644	0.02520813
1645	0.03305857
1646	-0.00828888
1647	0.04964860
1648	-0.00468431
1649	-0.01387011
1650	-0.00248318
1651	-0.01262732
1652	0.00688104
1653	0.04314975
1654	0.00595225
1655	0.01824134
1656	0.03530632
1657	-0.01446888
1658	-0.01120279
1659	-0.00863381
1660	-0.00645929
1661	0.03384868
1662	0.00985470
1663	-0.00967710
1664	0.05637322
1665	-0.01860159
1666	-0.01390410
1667	-0.00185397
1668	-0.01379891
1669	0.02124827
1670	0.02882297
1671	-0.00085098
1672	0.04537876
1673	0.00187445
1674	-0.01135165
1675	-0.00180605
1676	-0.01137428
1677	0.00438256
1678	0.03858528
1679	0.00158315
1680	0.01114646
1681	0.03059008
1682	-0.02046151
1683	-0.01296402
1684	-0.01094047
1685	-0.00595591
1686	0.03864596
1687	0.00964628
1688	-0.00640922
1689	0.05712765
1690	-0.01565167
1691	-0.01115780
1692	-0.00262007
1693	-0.00552279
1694	0.02415731
1695	0.03412888
1696	-0.00152526
1697	0.04614283
1698	0.00546574
1699	-0.01376689
1700	-0.00572065
1701	-0.01157798
1702	0.00297929
1703	0.04410406
1704	0.00350839
1705	0.01588136
1706	0.03644212
1707	-0.01700224
1708	-0.00542978
1709	-0.00801228
1710	-0.00385257
1711	0.04012929
1712	0.01399267
1713	-0.00676469
1714	0.06273697
1715	-0.02044217
1716	-0.01062442
1717	-0.00335200
1718	-0.01325370
1719	0.02377589
1720	0.03747011
1721	-0.00367907
1722	0.04188487
1723	0.00345596
1724	-0.01744431
1725	-0.00873417
1726	-0.01363960
1727	0.00033070
1728	0.03708935
1729	-0.00337080
1730	0.00884854
1731	0.03796148
1732	-0.01994552
1733	-0.00901030
1734	-0.02941401
1735	-0.01003533
1736	0.03933375
1737	0.01537719
1738	-0.00471879
1739	0.06002644
1740	-0.01475793
1741	-0.01057124
1742	-0.00620539
1743	-0.00741708
1744	0.01675657
1745	0.02608999
1746	-0.01074725
1747	0.04139789
1748	0.00660174
1749	-0.01292606
1750	-0.00093950
1751	-0.01152426
1752	0.00798876
1753	0.04453265
1754	0.01244634
1755	0.01990442
1756	0.03841436
1757	-0.01032380
1758	-0.00172090
1759	-0.00277711
1760	-0.00001954
1761	0.03998198
1762	0.01304829
1763	-0.01015464
1764	0.06138797
1765	-0.01533514
1766	-0.01691390
1767	-0.00829257
1768	-0.01750152
1769	0.02008707
1770	0.03279471
1771	-0.00514195
1772	0.04188363
1773	0.00344982
1774	-0.01717885
1775	-0.00552261
1776	-0.00785041
1777	0.00548670
1778	0.04610110
1779	0.00180547
1780	0.00960139
1781	0.03779603
1782	0.02104072
1783	-0.00930873
1784	-0.00991824
1785	-0.00895379
1786	0.03892485
1787	0.01629535
1788	-0.00533737
1789	0.05570980
1790	-0.01487319
1791	-0.01460137
1792	-0.01547551
1793	-0.00959123
1794	0.01772986
1795	0.02549892
1796	-0.01266419
1797	0.03942891
1798	0.00672511
1799	-0.01622464
1800	0.00804653
1801	-0.01346198
1802	0.00003659
1803	0.04234232
1804	0.00844035
1805	0.01231124
1806	0.03910236
1807	-0.01105505
1808	-0.00312278
1809	-0.00427827
1810	-0.00323658
1811	0.02461441
1812	0.01549615
1813	-0.00511467
1814	0.06385353
1815	-0.01193132
1816	-0.01262571
1817	-0.00686033
1818	-0.01681719
1819	0.01992614
1820	0.03133852
1821	-0.00767506
1822	0.03890379
1823	0.00539881
1824	-0.01489466
1825	-0.00655758
1826	-0.01229738
1827	0.00057572
1828	0.03994465
1829	0.00261864
1830	0.03646857
1831	0.03652915
1832	-0.02172409
1833	-0.01500520
1834	-0.01169652
1835	-0.01387305
1836	0.03757386
1837	0.02100058
1838	-0.00646682
1839	0.05767297
1840	-0.00537155
1841	-0.01005711
1842	0.00012579
1843	-0.00938865
1844	0.02011561
1845	0.03572438
1846	-0.00803359
1847	0.04305421
1848	0.00906990
1849	-0.01653063
1850	-0.01173783
1851	-0.01315733
1852	0.00123851
1853	0.04409493
1854	0.00566653
1855	0.00865475
1856	0.04020738
1857	-0.01820003
1858	-0.00810983
1859	0.02409106
1860	-0.00780795
1861	0.03101720
1862	0.01563535
1863	-0.00941798
1864	0.06295057
1865	-0.01358533
1866	-0.01620722
1867	-0.00536534
1868	-0.01586840
1869	0.01056343
1870	0.03562995
1871	0.00137580
1872	0.03655942
1873	0.00975611
1874	-0.01005193
1875	0.00020637
1876	-0.00817901
1877	0.00492870
1878	0.01517656
1879	0.00012731
1880	0.00602292
1881	0.04037509
1882	-0.02044653
1883	-0.01119878
1884	-0.01163151
1885	-0.01521367
1886	0.03320676
1887	0.01565949
1888	-0.01210125
1889	0.05341746
1890	-0.01513469
1891	-0.01443306
1892	-0.00470075
1893	-0.00564086
1894	0.01883451
1895	0.03324902
1896	-0.01492431
1897	0.03964775
1898	0.00669778
1899	-0.01738692
1900	-0.00340535
1901	-0.01155967
1902	0.00027599
1903	0.04300040
1904	0.00496341
1905	0.00484072
1906	0.04228280
1907	0.01059769
1908	-0.00887029
1909	-0.00289191
1910	-0.00709712
1911	0.03422695
1912	0.01914438
1913	-0.00739325
1914	0.05854158
1915	-0.01526513
1916	-0.01728268
1917	0.01067507
1918	-0.01498776
1919	0.01701182
1920	0.03362169
1921	-0.00245797
1922	0.03369714
1923	0.00730800
1924	-0.01824806
1925	-0.00976041
1926	-0.02582947
1927	-0.00230775
1928	0.04081396
1929	0.00219472
1930	0.00538499
1931	0.04058193
1932	-0.01759935
1933	-0.01330638
1934	-0.00962968
1935	-0.01077079
1936	0.03359388
1937	0.02048598
1938	-0.00556324
1939	0.05748039
1940	-0.01330083
1941	-0.01383050
1942	0.00036474
1943	-0.00862223
1944	0.01020554
1945	0.02965745
1946	-0.01153074
1947	0.03611665
1948	0.01159707
1949	-0.01536560
1950	-0.00714128
1951	-0.01472417
1952	-0.00281473
1953	0.04121599
1954	0.00046577
1955	0.01008700
1956	0.04697453
1957	-0.01768879
1958	-0.00794824
1959	-0.01033678
1960	-0.00527343
1961	0.03307004
1962	0.01682076
1963	-0.01404569
1964	0.05435838
1965	-0.01463482
1966	-0.01645385
1967	-0.00956089
1968	-0.01863497
1969	0.01472070
1970	0.03427368
1971	-0.00517139
1972	0.03202751
1973	0.00532892
1974	-0.02377368
1975	-0.00055483
1976	-0.01215910
1977	0.00239573
1978	0.04457474
1979	0.00347811
1980	0.00125503
1981	0.04292947
1982	-0.01932890
1983	-0.01180609
1984	0.00986564
1985	-0.01237678
1986	0.03416751
1987	0.01984123
1988	-0.00703782
1989	0.05727895
1990	-0.01417814
1991	-0.01447676
1992	0.00435395
1993	-0.01229523
1994	0.01653352
1995	0.03549545
1996	-0.00966801
1997	0.03428618
1998	0.01733215
1999	-0.01512404
2000	-0.00632073
2001	-0.01069615
2002	-0.00234308
2003	0.04262330
2004	0.01266849
2005	0.00927662
2006	0.04909998
2007	-0.01234541
2008	-0.00793679
2009	-0.00752366
2010	-0.00643454
2011	0.03347463
2012	0.02110505
2013	-0.01001948
2014	0.05602467
2015	-0.00953225
2016	-0.01463458
2017	-0.00235772
2018	-0.01997087
2019	0.01265775
2020	0.03383143
2021	-0.00676762
2022	0.03335611
2023	0.01074339
2024	-0.01561340
2025	-0.00968998
2026	-0.01173451
2027	-0.00272603
2028	0.04369562
2029	0.00365791
2030	0.00109293
2031	0.04958639
2032	-0.01837318
2033	-0.01057300
2034	-0.00807438
2035	-0.01198349
2036	0.03404115
2037	0.02479054
2038	-0.00334102
2039	0.05772376
2040	-0.00341508
2041	-0.00841336
2042	0.00757632
2043	-0.00877931
2044	0.01737242
2045	0.04150513
2046	-0.00561287
2047	0.02955749
2048	0.01687525
2049	-0.01575967
2050	-0.00286446
2051	-0.04476451
2052	-0.00104093
2053	0.04319024
2054	0.00779027
2055	0.00368881
2056	0.04868702
2057	-0.01461425
2058	-0.01095372
2059	-0.00784006
2060	-0.00487409
2061	0.03360583
2062	0.02109251
2063	-0.01148004
2064	0.05739828
2065	-0.00887225
2066	-0.01415337
2067	-0.00476329
2068	-0.01366711
2069	0.02289167
2070	0.03937001
2071	-0.00109669
2072	0.03384998
2073	0.01764616
2074	-0.01422507
2075	-0.00317370
2076	-0.00912341
2077	-0.00026861
2078	0.04259421
2079	0.00072839
2080	-0.01057494
2081	0.05401600
2082	-0.02136358
2083	-0.01231496
2084	-0.00594264
2085	-0.01606787
2086	0.03262013
2087	0.02277128
2088	-0.01292549
2089	0.05265160
2090	-0.01264988
2091	-0.01410887
2092	-0.00103563
2093	-0.00533596
2094	0.01228065
2095	0.04285076
2096	-0.00579541
2097	0.02844281
2098	0.01493652
2099	-0.02654232
2100	-0.00323974
2101	-0.01371947
2102	-0.00153437
2103	0.04174173
2104	0.00808255
2105	0.00066933
2106	0.04659548
2107	-0.01642160
2108	-0.01606094
2109	-0.01273296
2110	-0.00881189
2111	0.03227904
2112	0.02248147
2113	-0.00903287
2114	0.05632354
2115	-0.00711124
2116	-0.01546386
2117	-0.00532626
2118	-0.01285471
2119	0.01796385
2120	0.03946512
2121	-0.00091572
2122	0.02929202
2123	0.01917283
2124	-0.01892519
2125	-0.00785680
2126	-0.01624247
2127	-0.00326593
2128	0.03322953
2129	0.00460129
2130	0.00151296
2131	0.04991253
2132	-0.01696895
2133	-0.01205898
2134	-0.00848303
2135	-0.01083167
2136	0.03213573
2137	0.02957654
2138	0.00483751
2139	0.05887342
2140	-0.00715276
2141	-0.00946378
2142	0.00621670
2143	-0.00675427
2144	0.01389170
2145	0.03768795
2146	-0.00615879
2147	0.04455662
2148	0.02475072
2149	-0.01807145
2150	-0.01184340
2151	-0.01166539
2152	-0.00427328
2153	0.03612427
2154	0.01024121
2155	0.00033306
2156	0.04974216
2157	-0.02266844
2158	-0.01032539
2159	-0.00950036
2160	-0.01147304
2161	0.02894938
2162	0.01873497
2163	-0.01356961
2164	0.05192670
2165	-0.01655286
2166	-0.01629575
2167	-0.00517236
2168	-0.01469118
2169	0.01435408
2170	0.03712821
2171	-0.00254802
2172	0.02473228
2173	0.02027637
2174	-0.01491141
2175	0.00045388
2176	-0.01077259
2177	-0.00366501
2178	0.03947592
2179	0.00667287
2180	-0.00020873
2181	0.05107899
2182	-0.01806698
2183	-0.01772312
2184	-0.00996832
2185	-0.02268889
2186	0.03219571
2187	0.02445482
2188	-0.00536585
2189	0.05135253
2190	-0.01089390
2191	-0.01526702
2192	0.00311843
2193	-0.01001890
2194	0.00967606
2195	0.04611361
2196	0.00009298
2197	0.02791920
2198	0.02619853
2199	-0.01683148
2200	-0.00527189
2201	-0.01351844
2202	-0.00576352
2203	0.04319127
2204	0.01179429
2205	0.00168502
2206	0.05134118
2207	-0.01391421
2208	-0.01189392
2209	-0.01026421
2210	-0.01123068
2211	0.02569219
2212	0.01868191
2213	-0.01553463
2214	0.04860244
2215	-0.01171150
2216	-0.01616522
2217	-0.00646972
2218	-0.02217323
2219	0.00525193
2220	0.03526546
2221	-0.00476778
2222	0.02044585
2223	0.01194503
2224	-0.01234526
2225	-0.00570472
2226	-0.01446934
2227	-0.00418370
2228	0.03823935
2229	0.00409843
2230	-0.00344435
2231	0.05311692
2232	-0.01874805
2233	-0.01760582
2234	-0.01141795
2235	-0.01769667
2236	0.03094991
2237	0.02387812
2238	-0.00359334
2239	0.05351724
2240	-0.00854133
2241	-0.01282326
2242	-0.00831938
2243	0.01437904
2244	0.00891042
2245	0.03757876
2246	-0.00375716
2247	0.01931372
2248	0.02051000
2249	-0.01981215
2250	-0.00424297
2251	-0.01087978
2252	-0.01029525
2253	0.03670530
2254	0.01142414
2255	-0.00232085
2256	0.05084844
2257	-0.01987050
2258	-0.01617403
2259	-0.00898422
2260	-0.01389334
2261	0.02762239
2262	0.01711104
2263	-0.01076036
2264	0.04542718
2265	-0.00690873
2266	-0.01884677
2267	-0.00986287
2268	-0.02201927
2269	0.00474273
2270	0.03152867
2271	0.00019655
2272	0.02502736
2273	0.01722836
2274	-0.01830778
2275	-0.00991498
2276	-0.01525050
2277	-0.00556777
2278	0.03516957
2279	0.00224805
2280	-0.00661260
2281	0.05232166
2282	-0.02696292
2283	-0.01773863
2284	-0.01140274
2285	-0.01939471
2286	0.02344667
2287	0.01950241
2288	-0.00681332
2289	0.04639608
2290	-0.01357975
2291	-0.00202524
2292	-0.00663302
2293	-0.01255169
2294	0.00574049
2295	0.03723275
2296	-0.00579091
2297	0.02212488
2298	0.01859890
2299	-0.02287786
2300	-0.00780040
2301	-0.00795089
2302	-0.00977882
2303	0.03617151
2304	0.00846232
2305	-0.00487268
2306	0.04798061
2307	-0.02103819
2308	-0.01305578
2309	-0.00625239
2310	-0.01245965
2311	0.02130557
2312	0.01810588
2313	-0.01647434
2314	0.04664631
2315	-0.01146170
2316	-0.02338149
2317	-0.01261921
2318	-0.02130844
2319	0.00355511
2320	0.02878159
2321	-0.00329394
2322	0.01602362
2323	0.01965149
2324	-0.01883670
2325	-0.01233318
2326	-0.01000124
2327	-0.00834329
2328	0.03441390
2329	-0.00150980
2330	-0.00869461
2331	0.05004417
2332	-0.02285535
2333	-0.01774396
2334	-0.01378968
2335	-0.01825617
2336	0.02495533
2337	0.02600592
2338	-0.00604707
2339	0.07643589
2340	-0.00399648
2341	-0.01622238
2342	-0.00023668
2343	-0.01629171
2344	0.00610349
2345	0.03633590
2346	-0.00571036
2347	0.01505496
2348	0.02173078
2349	-0.02032759
2350	-0.01335706
2351	-0.01454912
2352	-0.01070831
2353	0.03620878
2354	0.01022347
2355	-0.00107444
2356	0.05232872
2357	-0.01676174
2358	-0.01176602
2359	-0.00347675
2360	-0.01150615
2361	0.02601152
2362	0.02604336
2363	-0.01271763
2364	0.04497691
2365	-0.00829302
2366	-0.01975352
2367	-0.00762348
2368	-0.00463317
2369	0.00308269
2370	0.03799623
2371	-0.00360588
2372	0.01374712
2373	0.02151188
2374	-0.01766501
2375	-0.00535937
2376	-0.01381985
2377	-0.00864886
2378	0.03633079
2379	0.00615902
2380	-0.00624596
2381	0.05018053
2382	-0.02037830
2383	-0.01885393
2384	-0.00917988
2385	-0.01769986
2386	0.02342160
2387	-0.02650045
2388	-0.00699541
2389	0.04511563
2390	-0.00964134
2391	-0.01385796
2392	-0.00532332
2393	-0.00967929
2394	0.00538908
2395	0.04079627
2396	0.00124998
2397	0.01376772
2398	0.02757450
2399	-0.01610064
2400	-0.00199226
2401	-0.01057550
2402	-0.00600822
2403	0.03686984
2404	0.01124776
2405	-0.00310479
2406	0.05748766
2407	-0.01887697
2408	-0.01274170
2409	-0.00447722
2410	-0.01066081
2411	0.02291699
2412	0.02354329
2413	-0.01398072
2414	0.04579737
2415	-0.01010969
2416	-0.00066469
2417	-0.00877784
2418	-0.01582194
2419	0.00614716
2420	0.04109772
2421	0.00218339
2422	0.01836679
2423	0.02836238
2424	-0.01675840
2425	-0.00594420
2426	-0.00287157
2427	-0.00604697
2428	0.03941985
2429	0.00845020
2430	-0.00552081
2431	0.05501333
2432	-0.01703982
2433	-0.01249936
2434	-0.00427465
2435	0.02004835
2436	0.02512315
2437	0.02776597
2438	-0.00393998
2439	0.04850008
2440	-0.00000471
2441	-0.01261675
2442	0.00137922
2443	-0.00780818
2444	0.00900496
2445	0.03842808
2446	0.00067370
2447	0.01865382
2448	0.02916690
2449	-0.01699570
2450	-0.00930736
2451	-0.01055271
2452	-0.00775364
2453	0.03683684
2454	0.01629387
2455	-0.00469442
2456	0.05950020
2457	-0.01129165
2458	-0.01173501
2459	-0.00105850
2460	-0.00872976
2461	0.03031172
2462	0.03438523
2463	-0.00828387
2464	0.02857328
2465	0.00263706
2466	-0.01283870
2467	0.00008586
2468	-0.01377675
2469	0.00657227
2470	0.04257080
2471	0.00547702
2472	0.02329949
2473	0.03304441
2474	-0.01981371
2475	-0.00358820
2476	-0.01047724
2477	-0.00414852
2478	0.03800360
2479	0.00891340
2480	-0.00443372
2481	0.05699490
2482	-0.01563421
2483	0.00588787
2484	-0.00590100
2485	-0.01740722
2486	0.02645752
2487	0.03004849
2488	-0.00544039
2489	0.04761184
2490	0.00239260
2491	-0.01208376
2492	0.00458277
2493	-0.00619230
2494	0.00760874
2495	0.04264889
2496	0.00111067
2497	0.02394870
2498	0.03613092
2499	-0.01502513
2500	-0.00505248
2501	0.00411206
2502	-0.00617841
2503	0.04535750
2504	0.01778679
2505	-0.00135057
2506	0.06177183
2507	-0.01373066
2508	-0.00836229
2509	0.00303112
2510	-0.00868718
2511	0.02934083
2512	0.04443436
2513	-0.00712867
2514	0.04716501
2515	0.00063818
2516	-0.01294145
2517	0.00133226
2518	-0.01200319
2519	0.00761634
2520	0.04625579
2521	0.00721082
2522	0.01494740
2523	0.03243692
2524	-0.01158923
2525	-0.00176180
2526	-0.00305789
2527	0.00132123
2528	0.04680392
2529	0.01465322
2530	0.00200171
2531	0.08478902
2532	-0.01363676
2533	-0.01037537
2534	0.00081815
2535	-0.00833844
2536	0.02987201
2537	0.03541366
2538	-0.00130113
2539	0.05075908
2540	0.00192383
2541	-0.02252227
2542	0.00471865
2543	-0.00589427
2544	0.00675289
2545	0.04636559
2546	0.00194577
2547	0.01803711
2548	0.04140385
2549	-0.01662996
2550	-0.00614826
2551	-0.01077864
2552	-0.00642688
2553	0.04095842
2554	0.02174034
2555	0.00062117
2556	0.06334078
2557	-0.01008323
2558	-0.00411010
2559	0.00549679
2560	0.00968458
2561	0.02933113
2562	0.03329898
2563	-0.00656102
2564	0.04744019
2565	0.00825580
2566	-0.00995283
2567	-0.00002994
2568	-0.01353368
2569	0.00682418
2570	0.05137389
2571	0.01162864
2572	0.01855762
2573	0.03802057
2574	-0.01255100
2575	-0.00417736
2576	-0.00165596
2577	-0.00167956
2578	0.04674063
2579	0.02045473
2580	-0.00313418
2581	0.06341901
2582	-0.01450071
2583	-0.01172811
2584	-0.00274372
2585	-0.00997150
2586	0.02858903
2587	0.03545482
2588	-0.00059217
2589	0.03864737
2590	0.01007103
2591	-0.00723537
2592	0.00463759
2593	-0.00604731
2594	0.00979375
2595	0.04496670
2596	0.00048087
2597	0.00453313
2598	0.04239321
2599	-0.02009726
2600	-0.00289114
2601	-0.00816738
2602	-0.00969637
2603	0.04074562
2604	0.02112152
2605	-0.00098410
2606	0.05974175
2607	-0.01186582
2608	0.01067780
2609	0.00503038
2610	-0.00049426
2611	0.03125229
2612	0.03570442
2613	-0.00269566
2614	0.04945129
2615	0.01571139
2616	-0.00821225
2617	-0.00009643
2618	-0.01612203
2619	0.00920688
2620	0.04976777
2621	0.00611444
2622	0.01853665
2623	0.03611970
2624	-0.01308016
2625	-0.00483646
2626	-0.00836826
2627	-0.03674319
2628	0.03987487
2629	0.02264518
2630	-0.00076230
2631	0.06329081
2632	-0.01295871
2633	-0.00724698
2634	0.00123537
2635	-0.01018980
2636	0.03031875
2637	0.05341576
2638	0.00287716
2639	0.04674610
2640	0.01010156
2641	-0.00880288
2642	0.00903566
2643	-0.00759933
2644	0.00593480
2645	0.04122612
2646	0.00084248
2647	0.01900331
2648	0.04192227
2649	-0.01261255
2650	-0.00483901
2651	-0.00465935
2652	-0.00383573
2653	0.04228068
2654	0.02219907
2655	0.00290099
2656	0.06876856
2657	-0.01023163
2658	-0.00689474
2659	0.00467359
2660	-0.00030180
2661	0.02523046
2662	0.03876036
2663	-0.00352814
2664	0.04781266
2665	0.01053307
2666	-0.00536967
2667	-0.00016052
2668	-0.00863629
2669	0.00811913
2670	0.04906269
2671	0.01180831
2672	0.02099792
2673	0.04494243
2674	-0.01500261
2675	-0.00383318
2676	-0.00618889
2677	-0.00086465
2678	0.04200953
2679	0.01581237
2680	-0.00295041
2681	0.06205327
2682	-0.01329262
2683	-0.01415544
2684	-0.00545181
2685	-0.01221176
2686	0.02045758
2687	0.03898498
2688	0.00213438
2689	0.04367778
2690	0.01173089
2691	-0.00760355
2692	0.00656474
2693	0.00305686
2694	0.00807443
2695	0.04814977
2696	0.00821482
2697	0.01452229
2698	0.04384674
2699	-0.01655469
2700	-0.00929140
2701	-0.00896219
2702	-0.00872976
2703	0.04016655
2704	-0.02931608
2705	-0.00609800
2706	0.06049742
2707	-0.01156717
2708	-0.01204477
2709	-0.00403136
2710	-0.00982822
2711	0.02096025
2712	0.03384943
2713	-0.00209357
2714	0.05358415
2715	0.01233375
2716	-0.01318505
2717	-0.00421435
2718	-0.00891460
2719	0.00820710
2720	0.04757598
2721	0.01209283
2722	0.00988859
2723	0.05987634
2724	-0.00871577
2725	-0.00241615
2726	-0.00664356
2727	-0.00253220
2728	0.03870839
2729	0.01726220
2730	-0.00290444
2731	0.06086042
2732	-0.01278816
2733	-0.01312782
2734	-0.00097877
2735	-0.01615352
2736	0.02120524
2737	0.03548178
2738	-0.00051231
2739	0.03891324
2740	0.00855073
2741	-0.01176309
2742	0.00229574
2743	-0.00592854
2744	0.00212674
2745	0.04288006
2746	0.00106473
2747	0.00742137
2748	0.03986546
2749	-0.01946780
2750	-0.00981043
2751	-0.00949994
2752	-0.02844823
2753	0.03397042
2754	0.02033558
2755	-0.00136164
2756	0.06023291
2757	-0.01003906
2758	-0.01032965
2759	-0.00075257
2760	-0.00805777
2761	0.02077988
2762	0.02505206
2763	-0.00734045
2764	0.03797052
2765	0.01094751
2766	-0.01602762
2767	-0.00781157
2768	-0.01650550
2769	0.00078593
2770	0.04393341
2771	0.00733375
2772	0.01143648
2773	0.04552190
2774	-0.01375364
2775	-0.00342870
2776	-0.00442929
2777	-0.00347652
2778	0.03734457
2779	0.01889561
2780	-0.00511475
2781	0.04453797
2782	-0.01137029
2783	-0.01524999
2784	-0.00625662
2785	-0.01536510
2786	0.01711538
2787	0.03194597
2788	-0.00395693
2789	0.03180620
2790	0.00938206
2791	-0.00893779
2792	-0.00585471
2793	-0.01056955
2794	0.00022581
2795	0.04332957
2796	-0.00078024
2797	0.00627318
2798	0.04329568
2799	-0.01779889
2800	-0.00189752
2801	-0.00894309
2802	-0.00983154
2803	0.03659408
2804	0.01970951
2805	-0.00631612
2806	0.05764695
2807	-0.01749351
2808	-0.01686046
2809	-0.01043361
2810	-0.01258213
2811	0.01553432
2812	0.03112443
2813	-0.00935068
2814	0.03548203
2815	0.01133903
2816	-0.01902046
2817	-0.00268978
2818	-0.02303109
2819	-0.00322187
2820	0.04199243
2821	0.00490589
2822	0.01097819
2823	0.04201987
2824	-0.01446819
2825	-0.00679552
2826	-0.00640142
2827	-0.00626276
2828	0.02959622
2829	0.00681882
2830	-0.01043645
2831	0.05523292
2832	-0.01764066
2833	-0.01586787
2834	-0.00476768
2835	-0.01529534
2836	0.01881258
2837	0.03330154
2838	-0.00059035
2839	0.03783520
2840	0.01265299
2841	-0.01634560
2842	-0.00200838
2843	-0.01133935
2844	0.00050800
2845	0.03806225
2846	-0.00122501
2847	0.00317253
2848	0.04154414
2849	-0.02316568
2850	-0.01584230
2851	-0.01232973
2852	-0.01568766
2853	0.03312562
2854	0.02068179
2855	-0.01021665
2856	0.05551188
2857	-0.01446742
2858	-0.00922757
2859	-0.00408866
2860	-0.00792559
2861	0.01866263
2862	0.03439607
2863	-0.00725547
2864	0.03454556
2865	0.01450011
2866	-0.02257268
2867	-0.00355152
2868	-0.01147695
2869	0.00071825
2870	0.04455774
2871	0.00329125
2872	0.00588037
2873	0.04071615
2874	-0.01586227
2875	-0.01131279
2876	-0.00267881
2877	-0.00426940
2878	0.03238995
2879	0.02181475
2880	-0.00807397
2881	0.05981249
2882	-0.00858569
2883	-0.01434348
2884	-0.00195619
2885	-0.01201343
2886	0.01629962
2887	0.03826834
2888	0.00191891
2889	0.03825700
2890	0.01811063
2891	-0.01214105
2892	-0.00142197
2893	-0.00954044
2894	0.00228256
2895	0.03717715
2896	0.02488333
2897	0.00399426
2898	0.04332665
2899	-0.02057283
2900	-0.01122746
2901	-0.01118703
2902	-0.01540852
2903	0.03193434
2904	0.01765226
2905	-0.00671977
2906	0.04166183
2907	-0.01163598
2908	-0.01439417
2909	-0.00200483
2910	-0.00784025
2911	0.01460257
2912	0.03471430
2913	-0.00862755
2914	0.01985748
2915	0.01003864
2916	-0.01611621
2917	-0.01103857
2918	-0.01345700
2919	-0.00241644
2920	0.04251182
2921	0.00658264
2922	0.00379187
2923	0.04519828
2924	-0.01517136
2925	0.00224950
2926	-0.00632356
2927	-0.00636761
2928	0.03647330
2929	0.02323684
2930	-0.00953366
2931	0.05481941
2932	-0.01483320
2933	-0.01698493
2934	-0.00549048
2935	-0.02084461
2936	0.01551500
2937	0.03422605
2938	-0.00151050
2939	0.02845787
2940	0.01781079
2941	-0.01622896
2942	-0.00475733
2943	-0.01506422
2944	0.01409635
2945	0.04207700
2946	0.00397735
2947	0.00457188
2948	0.04936781
2949	-0.01634198
2950	-0.00876042
2951	-0.00818736
2952	-0.01043165
2953	0.03631783
2954	0.02950085
2955	-0.00370610
2956	0.05248575
2957	-0.01314520
2958	-0.01758052
2959	-0.00536921
2960	-0.01520733
2961	0.00899706
2962	0.03059691
2963	-0.01471678
2964	0.02183218
2965	0.01379192
2966	-0.02001905
2967	-0.01108812
2968	-0.01395761
2969	-0.00276567
2970	0.03902038
2971	0.00782603
2972	0.00330748
2973	0.03498089
2974	-0.01716651
2975	-0.01074697
2976	-0.00600414
2977	-0.00751740
2978	0.02814068
2979	0.01859531
2980	-0.01232437
2981	0.05034755
2982	-0.01458516
2983	-0.02475253
2984	-0.00888612
2985	-0.01682647
2986	0.01464293
2987	0.03841220
2988	0.00034298
2989	0.02716173
2990	0.01522085
2991	-0.01368117
2992	-0.00781441
2993	-0.01266114
2994	-0.00023269
2995	0.04297942
2996	0.00739813
2997	0.00070763
2998	0.04803426
2999	-0.02069274
3000	-0.01562167