	C:\Users\jkuzm\OneDrive - University of Massachusetts\HRSL x UMILL-PUMA Fatigue - Fatigue\Data\F01\FR3_static3.c3d _ImpedanceExport
	FP1
	FREEMOMENT
	ORIGINAL
ITEM	Z
1	3.14773154
2	-6.80854702
3	-2.99310637
4	1.18428969
5	-11.71098709
6	5.23613453
7	3.10855246
8	-0.60273951
9	2.58630514
10	-3.08585739
11	-6.70216751
12	1.91928399
13	-7.27077389
14	1.14605391
15	3.15370035
16	1.14509618
17	2.54676890
18	-0.40226355
19	-9.00830746
20	-1.09933460
21	-1.14234149
22	-9.45536423
23	4.03408337
24	2.06804490
25	0.37146828
26	1.79928839
27	-6.88258886
28	-3.05626702
29	2.48193669
30	-11.97803020
31	2.96084356
32	3.22343469
33	1.00822902
34	3.61652327
35	-2.92543221
36	-7.75888920
37	-0.07250620
38	-6.49967289
39	-1.27624846
40	2.63176298
41	-0.91497296
42	2.20629716
43	0.35692134
44	-11.93653774
45	-0.77741468
46	-0.16410030
47	-9.16795540
48	3.71319008
49	1.59909511
50	2.33194494
51	2.76977754
52	-7.27757645
53	-4.03954649
54	0.12374394
55	-12.53244019
56	2.18584275
57	2.76020336
58	-0.95385033
59	1.86947358
60	-2.70054317
61	-7.14044762
62	1.83921826
63	-6.45438194
64	-0.85320991
65	3.56878424
66	0.98623216
67	3.31915283
68	0.39847696
69	-8.30029297
70	-0.94020474
71	-1.15824223
72	-8.32025051
73	6.74405384
74	1.48831487
75	1.19299138
76	1.05412984
77	-7.26358986
78	-3.81561351
79	2.23535252
80	-12.40809631
81	2.62538195
82	2.38037658
83	-1.58687174
84	3.48737288
85	-3.72314024
86	-7.55627489
87	0.92584741
88	-6.22355270
89	-1.20071530
90	3.46695566
91	0.20301306
92	2.57451653
93	0.24906188
94	-8.77066326
95	-0.96164137
96	-0.15933712
97	-10.63896084
98	2.95444465
99	2.10036922
100	0.37357411
101	2.52824402
102	-8.58749962
103	-4.56843328
104	0.63962895
105	-12.28559113
106	2.57737017
107	2.69273543
108	0.16551970
109	2.58450484
110	-2.99417782
111	-6.98349142
112	1.34849834
113	-6.02327108
114	-1.61908948
115	3.74329829
116	-0.11130740
117	3.00859904
118	0.40598097
119	-8.11388874
120	-1.54283690
121	-0.03131381
122	-9.07105064
123	2.91571426
124	2.27613044
125	1.78207862
126	1.52698684
127	-6.38641644
128	-2.68713784
129	2.69332075
130	-11.32685089
131	2.65758848
132	3.78439426
133	1.77348447
134	4.27635241
135	-3.10322261
136	-6.65875149
137	0.81728822
138	-5.94945812
139	0.01807286
140	6.31316280
141	0.12516546
142	2.47531319
143	0.02960620
144	-8.62389660
145	-0.51188982
146	-0.21582916
147	-9.99879265
148	4.21586609
149	2.54581165
150	3.07377720
151	2.91707873
152	-6.20453978
153	-3.51041603
154	1.26722741
155	-12.34426117
156	2.23427701
157	2.98375010
158	-0.08424237
159	2.91358519
160	-2.53734612
161	-7.79270267
162	1.22193110
163	-6.18783951
164	-1.86490691
165	3.52387595
166	1.54532456
167	3.55849242
168	2.08229113
169	-9.25290394
170	-1.52102780
171	0.54149598
172	-8.99168301
173	3.03058219
174	1.73892331
175	0.85220146
176	1.42856121
177	-5.38694429
178	-4.00335264
179	1.38694823
180	-11.94205475
181	1.89489257
182	2.67646742
183	0.25825763
184	3.33404589
185	-3.66023493
186	-6.94357252
187	-0.17897290
188	-5.61493540
189	-1.94516730
190	3.10649228
191	-0.73986441
192	3.03255177
193	1.01181686
194	-8.49031639
195	-0.76389778
196	0.54065049
197	-10.70687580
198	2.35861564
199	2.45267534
200	0.96060771
201	2.37857151
202	-7.20664454
203	-4.00868273
204	0.91313303
205	-11.50870323
206	5.46861124
207	2.35069370
208	-1.66899228
209	2.37754059
210	-1.86034727
211	-6.39146900
212	1.69314575
213	-5.49751091
214	-1.28072131
215	4.01767111
216	-0.47858998
217	6.18053484
218	1.25833261
219	-8.27665615
220	-1.15861523
221	0.16530272
222	-8.67203999
223	3.75979543
224	3.03220534
225	0.94006902
226	2.05514359
227	-4.50315237
228	-2.97993898
229	3.17260170
230	-12.35720825
231	3.01572037
232	3.81365275
233	0.13304648
234	3.89769316
235	-2.86075091
236	-5.64634275
237	-0.16023563
238	-6.12368584
239	-3.72637653
240	3.43631649
241	-1.19737184
242	2.70488238
243	0.04368713
244	-8.64291096
245	-0.03181921
246	0.00296867
247	-11.30729675
248	3.48661804
249	2.42790365
250	1.18646693
251	3.46985888
252	-6.11450338
253	-4.16168356
254	0.29435545
255	-12.20699501
256	1.78452098
257	3.54331255
258	-1.50115132
259	2.18663216
260	-2.54210925
261	-7.35393953
262	1.29056668
263	-5.55564308
264	-1.87748861
265	6.12066746
266	0.03058372
267	3.18068051
268	0.90041214
269	-9.02511883
270	-1.71407461
271	0.56824756
272	-10.49717426
273	4.22298098
274	2.14992094
275	1.29099655
276	1.95939863
277	-6.26288319
278	-3.62391162
279	2.39069629
280	-11.42974186
281	2.50875878
282	3.94147563
283	0.14651713
284	-13.57565594
285	-2.34672928
286	-8.34797573
287	0.39519840
288	-6.46691179
289	-4.02316046
290	3.50233936
291	-0.89074814
292	2.81892562
293	1.11555994
294	-7.28764534
295	-1.14472854
296	0.81690633
297	-11.75451660
298	3.18968320
299	1.86053085
300	1.29456556
301	3.95927095
302	-7.58385658
303	-4.78923178
304	1.28409755
305	-12.39669800
306	2.01421785
307	3.38417482
308	-1.52603519
309	2.23919702
310	-0.91116202
311	-8.15688229
312	1.48986852
313	-1.39504862
314	-2.67625093
315	3.71280789
316	1.60720551
317	2.93189001
318	1.47430909
319	-8.10079956
320	-1.76891291
321	-0.09863150
322	-11.41385746
323	4.12649918
324	1.36444831
325	0.02945886
326	1.87926269
327	-5.10736990
328	-3.96840072
329	2.26220083
330	-11.71713924
331	2.70490503
332	-3.10857010
333	-0.50628555
334	3.73028231
335	-2.87258577
336	-7.19810057
337	0.50928354
338	-4.05879831
339	-2.81779075
340	2.55473828
341	-0.30272964
342	0.92993701
343	0.23072711
344	-8.24620247
345	-0.83124816
346	0.72852820
347	-11.47719288
348	4.22163868
349	2.55019283
350	1.14463508
351	2.42621517
352	-7.11148596
353	-4.52400255
354	0.80876482
355	-11.42439079
356	1.85841942
357	2.61886549
358	0.48374704
359	2.81167531
360	-1.93558002
361	-14.29451847
362	0.23776881
363	-4.99422407
364	-3.97276831
365	3.47981572
366	1.07903373
367	2.63807940
368	1.98817050
369	-8.67805958
370	-1.70991111
371	1.35471821
372	-11.26865387
373	3.44332027
374	2.90337253
375	1.57453442
376	1.28830934
377	-5.57763863
378	-4.64280033
379	1.12471211
380	-9.15219784
381	1.88563836
382	2.90453982
383	1.03570223
384	3.16676235
385	-2.09201980
386	-7.75957823
387	0.19149330
388	-4.40891695
389	-2.46232033
390	4.47675371
391	1.35245538
392	2.11440301
393	1.17928958
394	-8.87189293
395	-0.70905644
396	1.56644201
397	-11.05532837
398	4.46012974
399	2.47933769
400	2.33273578
401	2.87508988
402	-6.27299643
403	-4.63917494
404	0.83763200
405	-11.04379940
406	2.20422244
407	2.67335987
408	-0.36611050
409	-4.26572800
410	-2.74810433
411	-8.30963707
412	0.68132949
413	-4.49367142
414	-3.20519686
415	3.71945405
416	2.07343006
417	3.01174450
418	1.74644482
419	-9.87103558
420	-2.21208787
421	-0.19739239
422	-11.73398209
423	3.16717482
424	2.79344940
425	1.22288930
426	1.32962835
427	-4.92013407
428	-2.68841267
429	1.81498432
430	-10.67254448
431	1.64633250
432	3.06490850
433	-0.07460267
434	3.51215649
435	-1.74610484
436	-8.24247837
437	-0.92149282
438	-2.49079800
439	-4.10420370
440	2.58585620
441	1.33268094
442	2.29876995
443	1.08164954
444	-8.12298107
445	-0.31429911
446	3.15705204
447	-11.16701031
448	4.22543955
449	2.75459146
450	1.61179149
451	3.48800468
452	-5.86408234
453	-4.93802309
454	1.10325086
455	-11.55742168
456	1.66957402
457	0.90477997
458	-0.01640486
459	1.09441733
460	-2.12009692
461	-8.22977734
462	0.65796864
463	-4.05804443
464	-4.04046106
465	3.18015981
466	1.68348217
467	3.18140793
468	2.00250173
469	-8.11477184
470	-1.81722105
471	1.13345921
472	-10.52448940
473	3.61636281
474	2.97533011
475	1.22663176
476	3.84828115
477	-5.66444159
478	-4.81717539
479	2.37087989
480	-10.64956284
481	1.59289408
482	2.92077470
483	0.66942489
484	3.03204823
485	-2.79775882
486	-11.86998558
487	-0.61843950
488	-4.07477236
489	-4.74973965
490	3.28402615
491	1.21771216
492	2.72348404
493	0.88206106
494	-9.34879589
495	-0.88007641
496	0.78245062
497	-12.29637051
498	3.87634540
499	3.49247575
500	0.98965365
501	3.02802181
502	-5.54675484
503	-5.28523445
504	1.23931324
505	-9.82209587
506	1.85096002
507	3.02215981
508	0.05247268
509	2.54905725
510	-1.22115135
511	-7.85085917
512	0.31644571
513	-3.93400621
514	-4.39423943
515	1.91708672
516	1.60580611
517	2.78483438
518	1.75959837
519	-7.52578783
520	-2.61898327
521	0.92557913
522	-11.63968563
523	4.27432919
524	2.01137280
525	1.86121881
526	1.47447383
527	-5.37172985
528	-4.48705673
529	2.68273187
530	-10.43436718
531	1.72948122
532	3.34701204
533	0.34830576
534	4.34347677
535	-0.89823043
536	-8.05557442
537	-0.37296245
538	-3.56805468
539	-4.39785624
540	3.02835584
541	0.95672953
542	-0.23995985
543	0.98329890
544	-8.89938164
545	-1.62212300
546	1.44177604
547	-12.49604130
548	3.72480822
549	2.86266541
550	1.87824488
551	2.85434103
552	-5.88412905
553	4.19488478
554	1.60997355
555	-10.56582165
556	2.59402013
557	3.33289576
558	-0.27348113
559	2.07013655
560	-2.28872705
561	-8.52336693
562	-0.31095058
563	-6.36943483
564	-6.28292370
565	3.25044417
566	1.71204495
567	1.97827077
568	1.34531415
569	-8.28218174
570	-2.74500251
571	1.89435172
572	-14.00460720
573	3.26590657
574	2.39276624
575	1.95870376
576	2.30946493
577	-4.00479126
578	-4.72987223
579	2.50864410
580	-9.93483639
581	1.55282187
582	3.44250298
583	1.43477070
584	3.84547853
585	-0.81373745
586	-8.70922756
587	0.43562084
588	-3.89392138
589	-6.74860525
590	3.12354159
591	0.15556708
592	-0.21336949
593	0.54551142
594	-8.32417870
595	-1.76130176
596	0.85048276
597	-11.49199104
598	3.10144377
599	2.52004695
600	0.73807842
601	7.78197622
602	-4.65624428
603	-5.27058125
604	0.88223666
605	-9.62029648
606	1.42650509
607	2.95885468
608	-1.01805103
609	2.31864452
610	-0.30358422
611	-8.10452938
612	0.43007880
613	-3.32670999
614	-5.78716564
615	3.95134664
616	2.46697354
617	2.32856059
618	1.52080643
619	-9.20259762
620	-3.09898996
621	1.09028995
622	-12.13977337
623	3.02250957
624	2.84053564
625	1.39926565
626	1.67905235
627	-5.38272285
628	-5.62761927
629	1.49196076
630	-6.95258617
631	1.42829645
632	3.16476011
633	2.13571191
634	3.18743920
635	-1.11878574
636	-7.98622608
637	-0.69841754
638	-2.88578749
639	-6.38597822
640	2.30701327
641	1.77143133
642	1.54916143
643	1.31488514
644	-7.68004560
645	-1.81317770
646	1.55502152
647	-11.78506660
648	2.33215928
649	-0.82502550
650	0.88739520
651	3.82609725
652	-5.18902636
653	-5.65839624
654	0.29798445
655	-9.78211689
656	0.28727883
657	2.78847694
658	0.20365290
659	2.67109776
660	-1.28987432
661	-8.17806625
662	0.35991564
663	-2.87683368
664	-6.57829237
665	3.90533662
666	1.65625787
667	3.60904527
668	2.09822249
669	-7.32499743
670	-1.42134547
671	1.42264915
672	-12.57986450
673	3.15286732
674	2.41885090
675	0.77559710
676	2.21878767
677	-4.63461781
678	-2.53583431
679	1.83304727
680	-9.89071655
681	0.70700330
682	2.70261884
683	0.30074278
684	2.57518077
685	-0.79884672
686	-7.67593002
687	-0.90863514
688	-3.12081122
689	-5.29314041
690	4.14987230
691	2.46873093
692	2.36181569
693	1.34688962
694	-7.59828997
695	-1.57428181
696	1.44513524
697	-11.15956974
698	3.81341505
699	3.32415605
700	2.49892640
701	3.60776591
702	-4.02518082
703	-5.96235466
704	0.64184344
705	-9.54337692
706	1.13633037
707	3.03783250
708	1.39707863
709	1.58556688
710	-0.52740383
711	-8.71164036
712	0.21850021
713	-2.56228542
714	-7.84018803
715	3.33618093
716	1.72412109
717	0.99591118
718	1.73971820
719	-8.26630592
720	-2.75339842
721	0.95769536
722	-12.00593567
723	3.61056590
724	2.13678169
725	1.12098050
726	2.01573825
727	-3.47039700
728	-4.42713165
729	2.51835203
730	-8.54515934
731	1.25297046
732	4.01529264
733	0.92283165
734	2.86440945
735	-0.56187558
736	-7.88665104
737	1.11017942
738	-1.47955692
739	-5.97502947
740	3.94576311
741	2.02335954
742	2.74240279
743	0.93863118
744	-7.54666376
745	-3.96613336
746	1.78885436
747	-11.88501644
748	4.18229103
749	3.03205013
750	1.60970449
751	2.89155340
752	-4.76330853
753	-5.91346598
754	1.06128609
755	-8.32514763
756	-0.02010044
757	2.45307136
758	-1.20591927
759	1.53922272
760	-1.20649195
761	-8.45459270
762	0.32398173
763	0.06587884
764	-7.66433620
765	2.64848948
766	2.43145013
767	1.75890601
768	2.66124392
769	-7.33930969
770	-3.32354307
771	1.16187334
772	-11.88101673
773	3.60361910
774	-0.07301804
775	1.40148830
776	1.63098454
777	-3.64445806
778	-6.21411324
779	2.07563901
780	-9.59892845
781	0.68276501
782	3.08783340
783	1.68067145
784	4.32673693
785	-0.81425792
786	-9.28178406
787	-1.22680509
788	-2.54946351
789	-7.65645552
790	2.98642278
791	1.09329712
792	2.40388250
793	-4.11192894
794	-7.55040359
795	-1.75804377
796	2.70879340
797	-11.73209190
798	3.98023963
799	3.58003163
800	2.20966816
801	3.57844305
802	-4.65476131
803	-7.74304342
804	1.23896861
805	-8.12644100
806	0.36846080
807	3.81995583
808	-0.15205982
809	2.46067548
810	-1.03400481
811	-8.00889206
812	-0.56010789
813	-1.10346484
814	-8.07967281
815	2.78742361
816	2.00865555
817	1.43329442
818	0.96879131
819	-8.55858231
820	-3.90958691
821	1.61175931
822	-9.92964172
823	3.17048049
824	2.70429850
825	1.69420481
826	2.66654205
827	-3.57548261
828	-5.43403578
829	2.86890268
830	-8.05666161
831	1.76044285
832	5.65066624
833	2.82875395
834	3.79299760
835	0.20932826
836	-8.39046097
837	-0.25323778
838	-1.10121322
839	-7.85858822
840	2.85599089
841	1.73207843
842	2.14806557
843	1.58585870
844	-7.14725447
845	-2.86040282
846	1.60898542
847	-12.57067585
848	3.56034231
849	3.16360927
850	1.32800531
851	2.70709324
852	-4.26006651
853	-6.44516134
854	1.08184171
855	-8.16949272
856	-0.07280920
857	2.90674734
858	0.28999370
859	1.51053584
860	-0.43136489
861	-8.05034065
862	-0.03230186
863	-1.10300004
864	-7.28885651
865	3.70852280
866	2.36187100
867	2.08847046
868	3.11248541
869	-8.16591072
870	-7.41266346
871	1.07138526
872	-11.58950615
873	2.81534934
874	3.34214759
875	2.00968599
876	1.99213648
877	-4.03493166
878	-4.89991999
879	1.65078151
880	-7.16552162
881	0.07022304
882	3.29361367
883	1.94361973
884	2.41991425
885	0.06680980
886	-8.40945148
887	-0.79806030
888	-1.67911446
889	-5.32939148
890	3.27068830
891	2.05205178
892	1.99589336
893	0.63303983
894	-7.63206434
895	-2.51978922
896	2.05586028
897	-11.38535595
898	3.05602217
899	5.16597795
900	1.87118578
901	3.28855968
902	-4.53903580
903	-6.57092094
904	0.47848624
905	-7.22039843
906	0.31684831
907	3.98997259
908	1.46803617
909	4.28184843
910	0.38729998
911	-7.41031504
912	0.17638764
913	-0.22300032
914	-8.14411354
915	3.87899518
916	3.12127829
917	3.23720002
918	2.69309616
919	-7.22325039
920	-3.72697926
921	1.00588024
922	-12.55979443
923	2.01436448
924	1.51724327
925	0.82305336
926	2.07103896
927	-4.17326927
928	-7.91801643
929	1.46888721
930	-7.40333605
931	-1.19240677
932	4.03293657
933	0.59669816
934	3.53912139
935	1.12842929
936	-8.45189667
937	8.89777660
938	-1.53602326
939	-7.10758924
940	3.03629541
941	2.17850256
942	1.38411605
943	1.09754312
944	-7.13727093
945	-2.87288451
946	1.39002979
947	-13.13684082
948	2.14057946
949	2.60063958
950	0.96273202
951	2.73912358
952	-4.03728533
953	-7.54798174
954	0.23574910
955	-7.17597437
956	-0.89063829
957	2.89930892
958	0.40889522
959	2.36600757
960	-0.06758992
961	-8.55309963
962	-0.44776106
963	-0.60632318
964	-8.67494011
965	4.12969160
966	5.55946779
967	2.92896628
968	3.13383150
969	-6.06405067
970	-3.07879376
971	1.48018456
972	-11.76945686
973	2.72715616
974	3.01537299
975	1.19051862
976	2.32216144
977	-4.19170666
978	-7.42560911
979	0.71750855
980	-7.79922771
981	-1.49604309
982	3.27363682
983	1.99039042
984	2.83150291
985	3.92148638
986	-8.58753777
987	-1.60877383
988	-1.19001603
989	-8.21755028
990	3.23846889
991	1.38592267
992	1.99693644
993	2.00213909
994	-6.67235184
995	-0.84074569
996	2.93620276
997	-12.30241013
998	3.07984424
999	2.95929456
1000	1.72382927
1001	3.39800477
1002	-3.31953335
1003	-7.14648199
1004	0.59687161
1005	-7.41810894
1006	-1.70892262
1007	2.99173832
1008	1.21402133
1009	2.21682000
1010	0.17263228
1011	-8.15410805
1012	-0.15260972
1013	-0.18823440
1014	-10.14346123
1015	3.48227954
1016	2.72380042
1017	2.08759594
1018	2.36219931
1019	-6.97740984
1020	-4.25517511
1021	1.14116204
1022	-10.71932507
1023	2.34255791
1024	3.31869745
1025	0.94578815
1026	2.91648030
1027	-2.74168849
1028	-6.93236399
1029	1.66046298
1030	-7.54855919
1031	-1.07764494
1032	4.93680096
1033	-6.25222969
1034	2.93383718
1035	-0.47741035
1036	-9.22790813
1037	-1.11289036
1038	-1.48132074
1039	-9.36034203
1040	3.26537609
1041	2.32253242
1042	1.83868766
1043	3.47071791
1044	-7.20596647
1045	-3.66657043
1046	1.59486914
1047	-11.74145699
1048	2.64291120
1049	3.23394084
1050	1.36656427
1051	0.24250971
1052	-3.41004539
1053	-7.51894617
1054	0.40103045
1055	-6.54174662
1056	-2.73395061
1057	3.39797258
1058	0.91034192
1059	2.54310274
1060	-0.10548376
1061	-7.73749256
1062	8.91028690
1063	-0.25771490
1064	-8.84569550
1065	3.91007829
1066	2.40863776
1067	2.38064075
1068	3.54098487
1069	-5.98101044
1070	-4.41616106
1071	1.04569566
1072	-10.34323883
1073	2.38228416
1074	2.77736568
1075	1.43018889
1076	2.37712502
1077	-2.98274302
1078	-6.67442131
1079	1.50480294
1080	-6.92474365
1081	-8.45009327
1082	2.52059698
1083	1.23083591
1084	2.63484597
1085	-0.86161506
1086	-9.69451141
1087	-2.07521939
1088	-1.24603403
1089	-11.17228889
1090	2.76014066
1091	-2.67850208
1092	1.01467144
1093	0.40373343
1094	-7.38424969
1095	-4.49001694
1096	1.33072054
1097	-12.47544193
1098	2.02372670
1099	1.49855399
1100	1.41449642
1101	2.58706856
1102	-3.74220538
1103	-7.46787882
1104	0.62904519
1105	-6.31332922
1106	-2.43677688
1107	3.22902775
1108	0.97508931
1109	1.91335166
1110	-5.35121393
1111	-8.82213688
1112	-0.93392295
1113	-0.18195742
1114	-10.32743645
1115	4.69467402
1116	2.17816758
1117	1.93657207
1118	2.35283089
1119	-7.10358858
1120	-2.16177607
1121	1.02005494
1122	-12.02160072
1123	2.33486748
1124	2.32832193
1125	1.24950051
1126	1.74702752
1127	-2.79682159
1128	-7.39493561
1129	0.58036464
1130	-6.25700617
1131	-2.19502068
1132	4.51811028
1133	0.58999580
1134	3.04531670
1135	0.79107749
1136	-7.91823435
1137	-1.23239326
1138	-0.28722030
1139	-7.09409094
1140	3.08830523
1141	1.45513499
1142	1.68018878
1143	1.10955107
1144	-7.35906553
1145	-3.91770506
1146	1.89960623
1147	-11.46989441
1148	1.73698521
1149	3.91252398
1150	0.46465009
1151	2.97691226
1152	-3.42201781
1153	-8.03500271
1154	0.14617549
1155	-6.40432215
1156	-2.43725848
1157	2.17340446
1158	-3.67135811
1159	1.90892994
1160	0.25789171
1161	-8.05966377
1162	-0.60678023
1163	0.22952665
1164	-9.56877136
1165	3.77124166
1166	3.25770187
1167	2.92686915
1168	1.11908937
1169	-6.47487688
1170	-3.64672351
1171	1.90123403
1172	-11.96302319
1173	2.85198426
1174	2.43514681
1175	0.53564787
1176	2.70584774
1177	-2.42806149
1178	-8.84098911
1179	1.06269026
1180	-6.61078453
1181	-3.24291873
1182	2.93715286
1183	1.10058868
1184	2.96634603
1185	1.40482700
1186	-9.25368214
1187	-4.64034796
1188	-0.62375337
1189	-10.78400803
1190	3.22820139
1191	1.87702405
1192	1.62501168
1193	1.34138012
1194	-6.63977146
1195	-0.93065435
1196	2.36079669
1197	-11.49525928
1198	1.53432441
1199	3.21686411
1200	0.55289018
1201	2.80883574
1202	-3.02946258
1203	-7.82650900
1204	0.07984181
1205	-6.43302679
1206	-7.37151814
1207	2.50296474
1208	0.55899256
1209	2.39167333
1210	0.74410635
1211	-8.23607922
1212	-0.42806122
1213	0.44921935
1214	-9.09285831
1215	4.29257345
1216	2.78877950
1217	1.89182043
1218	2.61452127
1219	-5.67916250
1220	-3.96140122
1221	1.26221550
1222	-11.05737877
1223	1.75336027
1224	2.52202368
1225	5.07308912
1226	2.64979291
1227	-3.26738834
1228	-7.58514977
1229	1.04032278
1230	-6.10014677
1231	-3.68845463
1232	3.43794918
1233	-0.35266000
1234	1.95172799
1235	-2.09407091
1236	-9.23674202
1237	-2.26753569
1238	-0.89676481
1239	-10.89298725
1240	3.36813760
1241	2.44330287
1242	1.20263958
1243	0.81536233
1244	-6.00318098
1245	-5.14535141
1246	2.20841026
1247	-11.57732105
1248	2.09607506
1249	2.90358567
1250	0.92307454
1251	3.53603029
1252	-2.36949134
1253	-7.48314095
1254	-3.01189613
1255	-6.15231752
1256	-3.40506625
1257	2.81029224
1258	2.12845111
1259	2.27035236
1260	0.56082004
1261	-8.48987007
1262	-1.16673219
1263	1.04684949
1264	-13.02369881
1265	3.77105522
1266	3.15525246
1267	1.91534448
1268	2.70477247
1269	-6.28230715
1270	-4.15994835
1271	2.03139663
1272	-9.47862053
1273	1.98662746
1274	3.46685934
1275	2.06023884
1276	1.88561976
1277	-2.28838158
1278	-7.38572502
1279	1.23286915
1280	-4.82444096
1281	-2.97446656
1282	3.48840666
1283	1.09674251
1284	2.89202523
1285	-0.08403986
1286	-8.88775349
1287	-2.45048714
1288	-0.10073946
1289	-10.82634068
1290	3.09247804
1291	0.93123502
1292	1.00672138
1293	0.56063133
1294	-6.49291658
1295	-4.52709770
1296	2.28497267
1297	-11.30996418
1298	1.62317443
1299	3.45635605
1300	1.76194131
1301	3.58523750
1302	3.45300078
1303	-8.06984997
1304	0.17606238
1305	-4.42372513
1306	-2.96408844
1307	2.79927921
1308	0.76679379
1309	1.58372164
1310	-0.84659630
1311	-9.21197701
1312	-3.84796429
1313	-0.18828671
1314	-12.31165314
1315	2.31263781
1316	2.56256390
1317	1.79299247
1318	3.29125237
1319	-5.44686699
1320	-6.72125387
1321	-1.54012656
1322	-10.17216206
1323	1.90251768
1324	3.29722071
1325	1.64758694
1326	2.29874754
1327	-1.28674257
1328	-6.48896503
1329	1.66361618
1330	-4.30330181
1331	-5.07878208
1332	4.31490564
1333	1.77073371
1334	2.13023520
1335	1.40304804
1336	-8.72444439
1337	-1.57188332
1338	-0.53673482
1339	-12.41653824
1340	2.62906432
1341	1.63466930
1342	1.00152230
1343	1.32701278
1344	-6.48166609
1345	-4.53671837
1346	1.59135103
1347	-11.82985783
1348	1.78455210
1349	3.00543022
1350	3.38724923
1351	3.20448923
1352	-2.72579741
1353	-8.22000122
1354	0.03089443
1355	-5.01835394
1356	-4.60807848
1357	3.52904439
1358	0.07111367
1359	2.18211484
1360	1.62225771
1361	-8.47883797
1362	-1.61857593
1363	1.36954963
1364	-11.09287357
1365	4.11884212
1366	3.55514503
1367	2.45739007
1368	2.47274351
1369	-5.01350069
1370	-4.34712791
1371	1.72897995
1372	-10.22641850
1373	2.19241047
1374	3.79958153
1375	0.28816608
1376	2.61137605
1377	-2.10034966
1378	-6.96640587
1379	3.39514828
1380	-4.56289530
1381	-4.74258232
1382	3.66986513
1383	2.13271403
1384	2.29676914
1385	2.62640524
1386	-8.71601772
1387	-2.51488256
1388	0.50145102
1389	-12.57276821
1390	3.33309197
1391	2.87953258
1392	1.37585783
1393	1.61410499
1394	-5.81563950
1395	-4.72015142
1396	2.32825089
1397	-10.85263157
1398	-0.23571242
1399	3.27929759
1400	0.80903238
1401	3.47260642
1402	-2.37305474
1403	-7.99678898
1404	0.35368094
1405	-4.18562937
1406	-3.31858349
1407	3.49177170
1408	1.06850815
1409	1.96440041
1410	0.71643734
1411	-7.49206209
1412	-1.68484211
1413	1.08065856
1414	-11.61249542
1415	3.61230993
1416	2.06834650
1417	1.25310123
1418	1.69261956
1419	-6.35863113
1420	-4.84312487
1421	1.16461885
1422	-10.22491074
1423	1.64309955
1424	2.89051318
1425	0.18944348
1426	2.75880671
1427	-0.94643795
1428	-7.87854004
1429	0.98097932
1430	-3.45679617
1431	-4.57083845
1432	3.95416021
1433	2.02946925
1434	3.39071012
1435	2.98128200
1436	-7.79087257
1437	-0.92749184
1438	1.13196230
1439	-10.80639744
1440	3.65103817
1441	2.68050623
1442	1.79411209
1443	1.83576655
1444	-5.98199034
1445	-6.71312284
1446	1.74842501
1447	-11.54368877
1448	-0.23741961
1449	2.05562544
1450	-0.73077244
1451	1.92358601
1452	-2.20189166
1453	-9.66663074
1454	-0.86682159
1455	-4.19093513
1456	-5.56144333
1457	2.41686010
1458	0.56205189
1459	1.32072246
1460	0.46307680
1461	-7.71565533
1462	-1.64242697
1463	1.05945396
1464	-10.81960297
1465	3.44525743
1466	3.39679718
1467	2.30129266
1468	4.28876257
1469	-4.21994257
1470	-4.55905151
1471	1.19263339
1472	-9.80131912
1473	1.54905868
1474	2.95112491
1475	0.75443184
1476	1.83669722
1477	-0.88949162
1478	-8.50341129
1479	0.70498931
1480	-3.59085608
1481	-5.78749180
1482	2.98113894
1483	1.60468328
1484	2.02989054
1485	1.32183719
1486	-8.93854713
1487	-2.67853308
1488	0.99783415
1489	-10.71460438
1490	2.60402656
1491	2.20685101
1492	1.11136222
1493	1.13951468
1494	-3.28517485
1495	-5.92523146
1496	2.51706696
1497	-9.74671555
1498	1.30871308
1499	2.99981427
1500	1.13121438
1501	3.41471934
1502	-1.13956404
1503	-7.51912689
1504	1.91842580
1505	-3.76921868
1506	-5.16570234
1507	2.84429693
1508	2.18226767
1509	1.59533870
1510	0.64920354
1511	-8.36077976
1512	-0.33675376
1513	0.56215209
1514	-11.87503624
1515	3.00786996
1516	2.76452780
1517	1.29577458
1518	2.68045306
1519	-4.36301184
1520	-5.38713884
1521	1.38360703
1522	-9.12043858
1523	-0.10585173
1524	4.07575274
1525	0.99623114
1526	3.32105374
1527	-0.32552543
1528	-7.51632786
1529	1.76499057
1530	-3.00311732
1531	-5.59084749
1532	4.84256649
1533	1.59734166
1534	2.51550102
1535	2.13784695
1536	-8.19038105
1537	-2.64048886
1538	0.63906199
1539	-11.50939941
1540	3.07060027
1541	1.81157041
1542	-4.42468691
1543	1.69374382
1544	-4.28168917
1545	-5.03353119
1546	2.39137673
1547	-9.34190178
1548	1.27092040
1549	3.57244372
1550	1.55219364
1551	2.45984769
1552	-1.58642340
1553	-8.12194538
1554	-0.42209861
1555	-3.65600467
1556	-6.29217768
1557	2.75112009
1558	0.77852261
1559	1.50336647
1560	0.82204700
1561	-8.44831944
1562	-1.61685264
1563	1.73157203
1564	-11.19652939
1565	3.77756834
1566	3.13832927
1567	2.31571150
1568	4.49695826
1569	-4.00243092
1570	-5.43262577
1571	5.03974295
1572	-7.64651966
1573	1.34457827
1574	3.79752707
1575	1.02953815
1576	2.50353956
1577	-0.36535546
1578	-7.70759344
1579	0.16555284
1580	-2.10221338
1581	-5.23249912
1582	4.20654011
1583	2.24121690
1584	2.84462142
1585	1.92320764
1586	-8.21232319
1587	-3.30855179
1588	0.67204195
1589	-11.43102932
1590	-3.14615703
1591	2.44035983
1592	1.03628302
1593	2.15712833
1594	-4.17885303
1595	-5.32588625
1596	2.28342295
1597	-9.49915314
1598	0.09438912
1599	3.42238045
1600	0.44980666
1601	2.97527456
1602	-1.21538627
1603	-9.10515213
1604	-0.42743388
1605	-3.33634090
1606	-5.55220842
1607	3.27768445
1608	0.00853864
1609	2.03799009
1610	0.81744736
1611	-7.07579374
1612	-1.81374240
1613	1.87744200
1614	-11.83362579
1615	3.77918220
1616	2.84908748
1617	1.76289594
1618	2.10029316
1619	-6.36857128
1620	-6.20404816
1621	0.61821121
1622	-8.89786530
1623	0.91671979
1624	3.30373645
1625	0.93694884
1626	2.28147697
1627	-0.29124087
1628	-7.44588327
1629	-0.53383982
1630	-1.89722466
1631	-5.32285643
1632	4.47255898
1633	3.44008112
1634	2.98771858
1635	2.64693594
1636	-7.35221148
1637	-1.15807450
1638	3.70520735
1639	-11.48577785
1640	3.98396444
1641	2.77845979
1642	-0.13371868
1643	2.30687881
1644	-5.09778261
1645	-6.68535900
1646	1.67624116
1647	-10.04032135
1648	0.94729650
1649	2.80491948
1650	0.50216854
1651	2.55359316
1652	-1.39153695
1653	-8.72607422
1654	-1.20371032
1655	-3.68890357
1656	-7.13991594
1657	2.92600822
1658	2.26551390
1659	1.74599528
1660	1.30624664
1661	-6.84514046
1662	-1.99289334
1663	1.95697796
1664	-11.40022564
1665	3.76175714
1666	2.81179500
1667	0.37492347
1668	2.79052186
1669	-4.29698896
1670	-5.82880259
1671	0.17209171
1672	-9.17684269
1673	-0.37906501
1674	2.29561830
1675	0.36523283
1676	2.30019426
1677	-0.88627404
1678	-7.80301142
1679	-0.32015705
1680	-2.25412202
1681	-6.18616199
1682	4.13788462
1683	2.62168431
1684	2.21246576
1685	1.20445037
1686	-7.81528234
1687	-1.95074546
1688	1.29612088
1689	-11.55279255
1690	3.16520143
1691	2.25641680
1692	0.52984995
1693	1.11686122
1694	-4.88527632
1695	-6.90180445
1696	0.30845022
1697	-9.33135796
1698	-1.10532343
1699	2.78404713
1700	1.15687335
1701	2.34138846
1702	-0.60249412
1703	-8.91906166
1704	-0.70949274
1705	-3.21165061
1706	-7.36960602
1707	3.43832326
1708	1.09805274
1709	1.62030494
1710	0.77909672
1711	-8.11525249
1712	-2.82970572
1713	1.36800838
1714	-12.68715191
1715	4.13397360
1716	2.14855194
1717	0.67786729
1718	2.68026543
1719	-4.80814362
1720	-7.57749367
1721	0.74400979
1722	-8.47028065
1723	-0.69889104
1724	3.52772164
1725	1.76629150
1726	2.75830507
1727	-0.06687691
1728	-7.50049400
1729	0.68166989
1730	-1.78942025
1731	-7.67686319
1732	4.03353548
1733	1.82213295
1734	5.94832706
1735	2.02942228
1736	-7.95437288
1737	-3.10969353
1738	0.95426911
1739	-12.13900852
1740	2.98446274
1741	2.13779759
1742	1.25490129
1743	1.49993944
1744	-3.38864231
1745	-5.27611876
1746	2.17339182
1747	-8.37179852
1748	-1.33505523
1749	2.61400747
1750	0.18999267
1751	2.33052421
1752	-1.61554873
1753	-9.00573444
1754	-2.51699519
1755	-4.02522421
1756	-7.76844788
1757	2.08775902
1758	0.34801286
1759	0.56160808
1760	0.00395052
1761	-8.08546257
1762	-2.63872623
1763	2.05354905
1764	-12.41434765
1765	3.10118890
1766	3.42045903
1767	1.67698634
1768	3.53929114
1769	-4.06216240
1770	-6.63199806
1771	1.03984427
1772	-8.47002983
1773	-0.69764829
1774	3.47403955
1775	1.11682391
1776	1.58757055
1777	-1.10956168
1778	-9.32291889
1779	-0.36511627
1780	-1.94166684
1781	-7.64340448
1782	-4.25501585
1783	1.88248336
1784	2.00574279
1785	1.81070411
1786	-7.87168312
1787	-3.29537010
1788	1.07936418
1789	-11.26606464
1790	3.00777054
1791	2.95280075
1792	3.12957573
1793	1.93961322
1794	-3.58546805
1795	-5.15658760
1796	2.56105018
1797	-7.97361803
1798	-1.36000395
1799	3.28107071
1800	-1.62723053
1801	2.72238564
1802	-0.00740025
1803	-8.56278896
1804	-1.70687258
1805	-2.48967266
1806	-7.90758038
1807	2.23563695
1808	0.63151199
1809	0.86518508
1810	0.65452516
1811	-4.97771454
1812	-3.13375139
1813	1.03432786
1814	-12.91295242
1815	2.41284370
1816	2.55326843
1817	1.38734853
1818	3.40090060
1819	-4.02961779
1820	-6.33751678
1821	1.55210984
1822	-7.86742353
1823	-1.09178782
1824	3.01211357
1825	1.32612514
1826	2.48687053
1827	-0.11642732
1828	-8.07791328
1829	-0.52956188
1830	-7.37495327
1831	-7.38720512
1832	4.39321232
1833	3.03446794
1834	2.36535954
1835	2.80551505
1836	-7.59847403
1837	-4.24689817
1838	1.30776989
1839	-11.66307259
1840	1.08627605
1841	2.03382659
1842	-0.02543752
1843	1.89864540
1844	-4.06793261
1845	-7.22445822
1846	1.62461352
1847	-8.70675278
1848	-1.83418572
1849	3.34295106
1850	2.37371397
1851	2.66077709
1852	-0.25046068
1853	-8.91721535
1854	-1.14592957
1855	-1.75022972
1856	-8.13104534
1857	3.68054938
1858	1.64003181
1859	-4.87187815
1860	1.57898462
1861	-6.27253628
1862	-3.16190171
1863	1.90457618
1864	-12.73034763
1865	2.74732995
1866	3.27754784
1867	1.08502114
1868	3.20902920
1869	-2.13621712
1870	-7.20536327
1871	-0.27822453
1872	-7.39332771
1873	-1.97295535
1874	2.03277779
1875	-0.04173336
1876	1.65402162
1877	-0.99672043
1878	-3.06912041
1879	-0.02574584
1880	-1.21800184
1881	-8.16496181
1882	4.13485479
1883	2.26470399
1884	2.35221314
1885	3.07662487
1886	-6.71532679
1887	-3.16678309
1888	2.44720840
1889	-10.80248833
1890	3.06065321
1891	2.91876483
1892	0.95062107
1893	1.14073789
1894	-3.80885863
1895	-6.72387218
1896	3.01810861
1897	-8.01787281
1898	-1.35447657
1899	3.51611710
1900	0.68865693
1901	2.33768463
1902	-0.05581253
1903	-8.69587135
1904	-1.00373924
1905	-0.97892672
1906	-8.55075359
1907	-2.14314628
1908	1.79381824
1909	0.58482426
1910	1.43523431
1911	-6.92163658
1912	-3.87152410
1913	1.49511981
1914	-11.83872890
1915	3.08703160
1916	3.49503565
1917	-2.15879464
1918	3.03094077
1919	-3.44026113
1920	-6.79923677
1921	0.49707001
1922	-6.81449509
1923	-1.47788000
1924	3.69026399
1925	1.97382534
1926	5.22343493
1927	0.46669167
1928	-8.25371265
1929	-0.44383392
1930	-1.08899462
1931	-8.20678902
1932	3.55907607
1933	2.69091916
1934	1.94738686
1935	2.17815185
1936	-6.79361248
1937	-4.14283180
1938	1.12504160
1939	-11.62412739
1940	2.68979692
1941	2.79690933
1942	-0.07376075
1943	1.74365366
1944	-2.06384277
1945	-5.99755764
1946	2.33183479
1947	-7.30378723
1948	-2.34524822
1949	3.10734916
1950	1.44416440
1951	2.97763538
1952	0.56921607
1953	-8.33501434
1954	-0.09419176
1955	-2.03987169
1956	-9.49954987
1957	3.57716250
1958	1.60735512
1959	2.09038329
1960	1.06643307
1961	-6.68767691
1962	-3.40162301
1963	2.84042645
1964	-10.99277020
1965	2.95956659
1966	3.32742429
1967	1.93347740
1968	3.76850677
1969	-2.97693396
1970	-6.93108654
1971	1.04579782
1972	-6.47684813
1973	-1.07765579
1974	4.80769634
1975	0.11220274
1976	2.45890617
1977	-0.48448354
1978	-9.01424789
1979	-0.70336944
1980	-0.25380138
1981	-8.68152714
1982	3.90883827
1983	2.38751912
1984	-1.99510598
1985	2.50292683
1986	-6.90961599
1987	-4.01244497
1988	1.42324245
1989	-11.58338928
1990	2.86721301
1991	2.92760134
1992	-0.88048965
1993	2.48643661
1994	-3.34353638
1995	-7.17816257
1996	1.95513999
1997	-6.93361568
1998	-3.50504041
1999	3.05849886
2000	1.27822602
2001	2.16305709
2002	0.47383466
2003	-8.61961079
2004	-2.56191969
2005	-1.87598860
2006	-9.92937469
2007	2.49658298
2008	1.60503936
2009	1.52149308
2010	1.30124319
2011	-6.76949692
2012	-4.26802540
2013	2.02621579
2014	-11.32973957
2015	1.92768502
2016	2.95951748
2017	0.47679618
2018	4.03866339
2019	-2.55974698
2020	-6.84165239
2021	1.36860085
2022	-6.74552917
2023	-2.17260981
2024	3.15746260
2025	1.95958173
2026	2.37304211
2027	0.55127943
2028	-8.83646393
2029	-0.73973125
2030	-0.22102094
2031	-10.02774143
2032	3.71556568
2033	2.13815403
2034	1.63286388
2035	2.42339277
2036	-6.88406324
2037	-5.01333284
2038	0.67564595
2039	-11.67334175
2040	0.69062310
2041	1.70141482
2042	-1.53214145
2043	1.77542007
2044	-3.51318431
2045	-8.39348602
2046	1.13507688
2047	-5.97734261
2048	-3.41264296
2049	3.18704247
2050	0.57927388
2051	9.05262375
2052	0.21050502
2053	-8.73426247
2054	-1.57540870
2055	-0.74597883
2056	-9.84586334
2057	2.95540547
2058	2.21514487
2059	1.58547676
2060	0.98567659
2061	-6.79602861
2062	-4.26549053
2063	2.32158303
2064	-11.60752106
2065	1.79421449
2066	2.86220264
2067	0.96326911
2068	2.76386857
2069	-4.62933016
2070	-7.96170568
2071	0.22178082
2072	-6.84540367
2073	-3.56854248
2074	2.87670207
2075	0.64181066
2076	1.84500682
2077	0.05432037
2078	-8.61372852
2079	-0.14729980
2080	2.13854480
2081	-10.92353058
2082	4.32030630
2083	2.49042654
2084	1.20176637
2085	3.24936867
2086	-6.59669399
2087	-4.60498381
2088	2.61389112
2089	-10.64761066
2090	2.55815554
2091	2.85320497
2092	0.20943235
2093	1.07907796
2094	-2.48348808
2095	-8.66561031
2096	1.17199171
2097	-5.75192308
2098	-3.02057695
2099	5.36759281
2100	0.65516478
2101	2.77445698
2102	0.31029233
2103	-8.44133377
2104	-1.63451576
2105	-0.13535672
2106	-9.42289543
2107	3.32090211
2108	3.24796772
2109	2.57495666
2110	1.78200889
2111	-6.52771664
2112	-4.54637527
2113	1.82669616
2114	-11.39017868
2115	1.43809044
2116	3.12722063
2117	1.07711744
2118	2.59957933
2119	-3.63278794
2120	-7.98094034
2121	0.18518491
2122	-5.92365694
2123	-3.87727642
2124	3.82719731
2125	1.58886349
2126	3.28467703
2127	0.66046160
2128	-6.71993065
2129	-0.93050903
2130	-0.30596191
2131	-10.09369564
2132	3.43159127
2133	2.43866014
2134	1.71550274
2135	2.19046426
2136	-6.49873400
2137	-5.98119450
2138	-0.97827768
2139	-11.90583611
2140	1.44648552
2141	1.91383755
2142	-1.25718975
2143	1.36590052
2144	-2.80928707
2145	-7.62154627
2146	1.24547851
2147	-9.01058197
2148	-5.00528193
2149	3.65454793
2150	2.39506269
2151	2.35906506
2152	0.86417562
2153	-7.30532837
2154	-2.07105708
2155	-0.06735304
2156	-10.05924225
2157	4.58418655
2158	2.08808064
2159	1.92123544
2160	2.32016540
2161	-5.85436583
2162	-3.78873014
2163	2.74415016
2164	-10.50101662
2165	3.34744644
2166	3.29545259
2167	1.04599440
2168	2.97096372
2169	-2.90279293
2170	-7.50835133
2171	0.51528078
2172	-5.00155210
2173	-4.10044336
2174	3.01549959
2175	-0.09178615
2176	2.17851591
2177	0.74116647
2178	-7.98312426
2179	-1.34943974
2180	0.04221158
2181	-10.32958603
2182	3.65364337
2183	3.58410501
2184	2.01586962
2185	4.58832169
2186	-6.51086426
2187	-4.94544077
2188	1.08512282
2189	-10.38490391
2190	2.20304751
2191	3.08741379
2192	-0.63063192
2193	2.02609801
2194	-1.95676792
2195	-9.32544994
2196	-0.01880343
2197	-5.64603519
2198	-5.29806805
2199	3.40379167
2200	1.06612122
2201	2.73380327
2202	1.16554344
2203	-8.73447037
2204	-2.38513207
2205	-0.34075746
2206	-10.38260841
2207	2.81383824
2208	2.40527916
2209	2.07570672
2210	2.27115536
2211	-5.19567299
2212	-3.77800012
2213	3.14153194
2214	-9.82875919
2215	2.36838889
2216	3.26905417
2217	1.30835605
2218	4.48404121
2219	-1.06208551
2220	-7.13165379
2221	0.96417814
2222	-4.13471603
2223	-2.41561604
2224	2.49655390
2225	1.15365171
2226	2.92610049
2227	0.84606004
2228	-7.73305607
2229	-0.82881689
2230	0.69654316
2231	-10.74171162
2232	3.79137421
2233	3.56038380
2234	2.30902529
2235	3.57875657
2236	-6.25892925
2237	-4.82881689
2238	0.72667277
2239	-10.82266712
2240	1.72729337
2241	2.59321737
2242	1.68240809
2243	-2.90784097
2244	-1.80193293
2245	-7.59946537
2246	0.75980121
2247	-3.90576911
2248	-4.14769125
2249	4.00656605
2250	0.85804498
2251	2.20019317
2252	2.08198380
2253	-7.42282867
2254	-2.31027794
2255	0.46934047
2256	-10.28296185
2257	4.01836443
2258	3.27083707
2259	1.81685865
2260	2.80961800
2261	-5.58601141
2262	-3.46032524
2263	2.17604208
2264	-9.18663406
2265	1.39713645
2266	3.81133914
2267	1.99454594
2268	4.45290661
2269	-0.95911139
2270	-6.37597084
2271	-0.03974691
2272	-5.06122398
2273	-3.48405170
2274	3.70233989
2275	2.00508332
2276	3.08407354
2277	1.12595809
2278	-7.11226130
2279	-0.45461848
2280	1.33725035
2281	-10.58088875
2282	5.45264864
2283	3.58724213
2284	2.30594993
2285	3.92214632
2286	-4.74156570
2287	-3.94392705
2288	1.37784111
2289	-9.38257313
2290	2.74620128
2291	0.40955922
2292	1.34137976
2293	2.53829837
2294	-1.16088676
2295	-7.52949333
2296	1.17108262
2297	-4.47426271
2298	-3.76121163
2299	4.62653685
2300	1.57745767
2301	1.60789001
2302	1.97754824
2303	-7.31488037
2304	-1.71131647
2305	0.98539120
2306	-9.70300770
2307	4.25450468
2308	2.64023972
2309	1.26440537
2310	2.51968622
2311	-4.30857706
2312	-3.66151047
2313	3.33156824
2314	-9.43317509
2315	2.31787372
2316	4.72838545
2317	2.55195355
2318	4.30915642
2319	-0.71894085
2320	-5.82043505
2321	0.66612518
2322	-3.24041915
2323	-3.97407579
2324	3.80930257
2325	2.49411035
2326	2.02252746
2327	1.68724430
2328	-6.95944452
2329	0.30532283
2330	1.75829172
2331	-10.12031651
2332	4.62198448
2333	3.58831954
2334	2.78865528
2335	3.69190359
2336	-5.04665899
2337	-5.25911808
2338	1.22288406
2339	-15.45745373
2340	0.80819941
2341	3.28061438
2342	0.04786334
2343	3.29463530
2344	-1.23429513
2345	-7.34812403
2346	1.15479290
2347	-3.04452920
2348	-4.39456606
2349	4.11080170
2350	2.70116806
2351	2.94223571
2352	2.16551733
2353	-7.32241726
2354	-2.06746864
2355	0.21728161
2356	-10.58231735
2357	3.38968873
2358	2.37941480
2359	0.70309603
2360	2.32686162
2361	-5.26024961
2362	-5.26668882
2363	2.57185674
2364	-9.09557629
2365	1.67707896
2366	3.99470854
2367	1.54167807
2368	0.93695498
2369	-0.62340552
2370	-7.68388939
2371	0.72920895
2372	-2.78004861
2373	-4.35029840
2374	3.57235336
2375	1.08381271
2376	2.79475617
2377	1.74903810
2378	-7.34709072
2379	-1.24552441
2380	1.26310647
2381	-10.14789295
2382	4.12105560
2383	3.81278634
2384	1.85642648
2385	3.57940102
2386	-4.73649597
2387	5.35912514
2388	1.41466653
2389	-9.12362862
2390	1.94974649
2391	2.80246258
2392	1.07652283
2393	1.95742071
2394	-1.08982122
2395	-8.25013447
2396	-0.25278133
2397	-2.78421450
2398	-5.57632780
2399	3.25599504
2400	0.40289077
2401	2.13865972
2402	1.21502841
2403	-7.45610285
2404	-2.27460933
2405	0.62787491
2406	-11.62559605
2407	3.81744599
2408	2.57672477
2409	0.90541810
2410	2.15591121
2411	-4.63444901
2412	-4.76110601
2413	2.82728863
2414	-9.26149654
2415	2.04445863
2416	0.13441826
2417	1.77512264
2418	3.19963384
2419	-1.24312687
2420	-8.31109619
2421	-0.44154182
2422	-3.71427298
2423	-5.73565960
2424	3.38901138
2425	1.20208168
2426	0.58071154
2427	1.22286522
2428	-7.97178459
2429	-1.70886421
2430	1.11646140
2431	-11.12521744
2432	3.44592285
2433	2.52771592
2434	0.86445189
2435	-4.05433178
2436	-5.08059549
2437	-5.61504841
2438	0.79677224
2439	-9.80805969
2440	0.00095299
2441	2.55145669
2442	-0.27891609
2443	1.57903075
2444	-1.82105231
2445	-7.77122259
2446	-0.13624142
2447	-3.77231836
2448	-5.89835453
2449	3.43700171
2450	1.88220632
2451	2.13404918
2452	1.56800008
2453	-7.44942951
2454	-3.29507208
2455	0.94934148
2456	-12.03258705
2457	2.28348494
2458	2.37314439
2459	0.21405791
2460	1.76539850
2461	-6.12986851
2462	-6.95364666
2463	1.67522800
2464	-5.77830791
2465	-0.53328639
2466	2.59634161
2467	-0.01736416
2468	2.78604031
2469	-1.32909417
2470	-8.60899544
2471	-1.10760438
2472	-4.71180105
2473	-6.68249559
2474	4.00688171
2475	0.72563326
2476	2.11878920
2477	0.83894479
2478	-7.68538094
2479	-1.80253696
2480	0.89662099
2481	-11.52594662
2482	3.16166973
2483	-1.19069088
2484	1.19334614
2485	3.52022219
2486	-5.35044336
2487	-6.07663631
2488	1.10019708
2489	-9.62843323
2490	-0.48385075
2491	2.44367123
2492	-0.92676252
2493	1.25225461
2494	-1.53869832
2495	-8.62478542
2496	-0.22460780
2497	-4.84309101
2498	-7.30667210
2499	3.03849769
2500	1.02175164
2501	-0.83157259
2502	1.24944639
2503	-9.17254162
2504	-3.59698057
2505	0.27312234
2506	-12.49197388
2507	2.77671957
2508	1.69108593
2509	-0.61297560
2510	1.75678837
2511	-5.93352842
2512	-8.98585892
2513	1.44161510
2514	-9.53806973
2515	-0.12905760
2516	2.61712003
2517	-0.26941982
2518	2.42737794
2519	-1.54023588
2520	-9.35420227
2521	-1.45822799
2522	-3.02277803
2523	-6.55964327
2524	2.34366393
2525	0.35628396
2526	0.61839068
2527	-0.26718923
2528	-9.46504879
2529	-2.96328664
2530	-0.40480179
2531	-17.14668655
2532	2.75773096
2533	2.09818697
2534	-0.16545184
2535	1.68626368
2536	-6.04094744
2537	-7.16162348
2538	0.26312387
2539	-10.26489162
2540	-0.38905257
2541	4.55462646
2542	-0.95424265
2543	1.19198394
2544	-1.36562109
2545	-9.37640667
2546	-0.39348856
2547	-3.64760327
2548	-8.37300396
2549	3.36303782
2550	1.24334824
2551	2.17973948
2552	1.29969203
2553	-8.28292656
2554	-4.39649773
2555	-0.12561873
2556	-12.80926037
2557	2.03910851
2558	0.83117521
2559	-1.11160314
2560	-1.95849097
2561	-5.93156576
2562	-6.73397493
2563	1.32681942
2564	-9.59371853
2565	-1.66955042
2566	2.01273727
2567	0.00605462
2568	2.73688507
2569	-1.38003850
2570	-10.38922310
2571	-2.35163307
2572	-3.75286531
2573	-7.68881273
2574	2.53815913
2575	0.84477741
2576	0.33488053
2577	0.33965361
2578	-9.45224953
2579	-4.13651276
2580	0.63381737
2581	-12.82507992
2582	2.93244457
2583	2.37174964
2584	0.55485594
2585	2.01651359
2586	-5.78149319
2587	-7.16994667
2588	0.11975235
2589	-7.81556797
2590	-2.03664136
2591	1.46319282
2592	-0.93784893
2593	1.22293365
2594	-1.98056829
2595	-9.09351254
2596	-0.09724423
2597	-0.91672438
2598	-8.57308102
2599	4.06422234
2600	0.58466804
2601	1.65167034
2602	1.96087432
2603	-8.23989296
2604	-4.27135658
2605	0.19901140
2606	-12.08143616
2607	2.39959764
2608	-2.15934610
2609	-1.01728213
2610	0.09995216
2611	-6.32007933
2612	-7.22042131
2613	0.54513669
2614	-10.00041962
2615	-3.17727852
2616	1.66074479
2617	0.01950095
2618	3.26032066
2619	-1.86188602
2620	-10.06442165
2621	-1.23650980
2622	-3.74862337
2623	-7.30440426
2624	2.64517117
2625	0.97806662
2626	1.69229376
2627	7.43049145
2628	-8.06380177
2629	-4.57948160
2630	0.15415911
2631	-12.79915428
2632	2.62060905
2633	1.46554065
2634	-0.24982646
2635	2.06065965
2636	-6.13128996
2637	-10.80214500
2638	-0.58184224
2639	-9.45335674
2640	-2.04281497
2641	1.78018522
2642	-1.82726038
2643	1.53679442
2644	-1.20018005
2645	-8.33706188
2646	-0.17037331
2647	-3.84299445
2648	-8.47784328
2649	2.55060744
2650	0.97858107
2651	0.94225037
2652	0.77569127
2653	-8.55032349
2654	-4.48926592
2655	-0.58666050
2656	-13.90690613
2657	2.06911826
2658	1.39430714
2659	-0.94512844
2660	0.06103156
2661	-5.10229683
2662	-7.83841848
2663	0.71348745
2664	-9.66904354
2665	-2.13007927
2666	1.08589578
2667	0.03246187
2668	1.74649680
2669	-1.64191234
2670	-9.92183399
2671	-2.38796782
2672	-4.24636173
2673	-9.08860397
2674	3.03394389
2675	0.77517587
2676	1.25156546
2677	0.17485610
2678	-8.49548912
2679	-3.19770002
2680	0.59665447
2681	-12.54888916
2682	2.68813586
2683	2.86262226
2684	1.10250771
2685	2.46955633
2686	-4.13708925
2687	-7.88384342
2688	-0.43163013
2689	-8.83285618
2690	-2.37231016
2691	1.53764832
2692	-1.32757199
2693	-0.61818200
2694	-1.63287413
2695	-9.73721695
2696	-1.66126311
2697	-2.93681026
2698	-8.86702538
2699	3.34781647
2700	1.87897933
2701	1.81240296
2702	1.76539958
2703	-8.12278843
2704	5.92852354
2705	1.23318493
2706	-12.23425388
2707	2.33920145
2708	2.43578529
2709	0.81525248
2710	1.98753917
2711	-4.23874283
2712	-6.84529209
2713	0.42337725
2714	-10.83619976
2715	-2.49422526
2716	2.66638327
2717	0.85225731
2718	1.80277920
2719	-1.65970278
2720	-9.62118053
2721	-2.44550562
2722	-1.99974692
2723	-12.10865402
2724	1.76257038
2725	0.48861334
2726	1.34351254
2727	0.51208174
2728	-7.82790852
2729	-3.49089503
2730	0.58735764
2731	-12.30766201
2732	2.58611989
2733	2.65480804
2734	0.19793342
2735	3.26668906
2736	-4.28828621
2737	-7.17539883
2738	0.10360227
2739	-7.86933327
2740	-1.72919512
2741	2.37882304
2742	-0.46426299
2743	1.19891429
2744	-0.43008670
2745	-8.67153549
2746	-0.21531801
2747	-1.50080621
2748	-8.06190014
2749	3.93692923
2750	1.98394048
2751	1.92115188
2752	5.75301981
2753	-6.86975861
2754	-4.11241817
2755	0.27536166
2756	-12.18076324
2757	2.03017569
2758	2.08894086
2759	0.15219072
2760	1.62950456
2761	-4.20226717
2762	-5.06621981
2763	1.48444152
2764	-7.67869043
2765	-2.21389031
2766	3.24122906
2767	1.57971609
2768	3.33786821
2769	-0.15893650
2770	-8.88455296
2771	-1.48308647
2772	-2.31277347
2773	-9.20578766
2774	2.78136635
2775	0.69337779
2776	0.89572424
2777	0.70304835
2778	-7.55210686
2779	-3.82121468
2780	1.03434336
2781	-9.00681114
2782	2.29938817
2783	3.08397007
2784	1.26526117
2785	3.10724926
2786	-3.46120429
2787	-6.46035957
2788	0.80020082
2789	-6.43209457
2790	-1.89731157
2791	1.80746937
2792	1.18398488
2793	2.13745618
2794	-0.04566537
2795	-8.76243782
2796	0.15778662
2797	-1.26861084
2798	-8.75558472
2799	3.59942770
2800	0.38373074
2801	1.80854034
2802	1.98820972
2803	-7.40033579
2804	-3.98580766
2805	1.27729464
2806	-11.65780830
2807	3.53767157
2808	3.40965152
2809	2.10996437
2810	2.54445529
2811	-3.14146876
2812	-6.29422092
2813	1.89096713
2814	-7.17544842
2815	-2.29306602
2816	3.84646440
2817	0.54394710
2818	4.65752316
2819	0.65155137
2820	-8.49203300
2821	-0.99210602
2822	-2.22009420
2823	-8.49758053
2824	2.92586851
2825	1.37424147
2826	1.29454446
2827	1.26650357
2828	-5.98517561
2829	-1.37895453
2830	2.11053920
2831	-11.16962624
2832	3.56742883
2833	3.20892191
2834	0.96415734
2835	3.09314084
2836	-3.80442429
2837	-6.73449326
2838	0.11938567
2839	-7.65132427
2840	-2.55878425
2841	3.30553365
2842	0.40614998
2843	2.29313040
2844	-0.10273139
2845	-7.69724178
2846	0.24773088
2847	-0.64157289
2848	-8.40137577
2849	4.68474293
2850	3.20375085
2851	2.49341345
2852	3.17247868
2853	-6.69891739
2854	-4.18243170
2855	2.06608868
2856	-11.22603989
2857	2.92571259
2858	1.86606956
2859	0.82683945
2860	1.60277379
2861	-3.77409959
2862	-6.95583916
2863	1.46725655
2864	-6.98606777
2865	-2.93232393
2866	4.56482077
2867	0.71821666
2868	2.32095814
2869	-0.14525102
2870	-9.01080704
2871	-0.66558284
2872	-1.18917465
2873	-8.23393250
2874	3.20778918
2875	2.28776002
2876	0.54172957
2877	0.86339134
2878	-6.55014515
2879	-4.41154575
2880	1.63277924
2881	-12.09574127
2882	1.73626363
2883	2.90064883
2884	0.39559489
2885	2.42944789
2886	-3.29623365
2887	-7.73891735
2888	-0.38805699
2889	-7.73662376
2890	-3.66247034
2891	2.45525599
2892	0.28756148
2893	1.92934024
2894	-0.46159694
2895	-7.51824808
2896	-5.03209877
2897	-0.80775034
2898	-8.76184845
2899	4.16039562
2900	2.27050400
2901	2.26232672
2902	3.11602950
2903	-6.45800781
2904	-3.56977582
2905	1.35892415
2906	-8.42517567
2907	2.35311747
2908	2.91089916
2909	0.40543196
2910	1.58551574
2911	-2.95304298
2912	-7.02019358
2913	1.74472976
2914	-4.01573324
2915	-2.03009176
2916	3.25914383
2917	2.23230362
2918	2.72137833
2919	0.48867139
2920	-8.59706688
2921	-1.33119285
2922	-0.76682037
2923	-9.14034462
2924	3.06806874
2925	-0.45491183
2926	1.27879822
2927	1.28770721
2928	-7.37591171
2929	-4.69913340
2930	1.92797029
2931	-11.08600140
2932	2.99968266
2933	3.43482399
2934	1.11032796
2935	4.21535826
2936	-3.13756251
2937	-6.92145443
2938	0.30546519
2939	-5.75496817
2940	-3.60183406
2941	3.28194547
2942	0.96206427
2943	3.04640174
2944	-2.85067296
2945	-8.50913429
2946	-0.80432975
2947	-0.92456108
2948	-9.98353767
2949	3.30480003
2950	1.77159905
2951	1.65571165
2952	2.10956764
2953	-7.34446955
2954	-5.96588802
2955	0.74947679
2956	-10.61407185
2957	2.65832329
2958	3.55526876
2959	1.08580387
2960	3.07534242
2961	-1.81945491
2962	-6.18754148
2963	2.97613955
2964	-4.41507196
2965	-2.78910756
2966	4.04840612
2967	2.24232411
2968	2.82261610
2969	0.55929494
2970	-7.89100122
2971	-1.58263898
2972	-0.66886497
2973	-7.07410479
2974	3.47154403
2975	2.17333484
2976	1.21420348
2977	1.52022696
2978	-5.69082546
2979	-3.76048732
2980	2.49232817
2981	-10.18166924
2982	2.94952369
2983	5.00564623
2984	1.79701900
2985	3.40277886
2986	-2.96120644
2987	-7.76801109
2988	-0.06935996
2989	-5.49285364
2990	-3.07807708
2991	2.76671124
2992	1.58028960
2993	2.56043267
2994	0.04705675
2995	-8.69162846
2996	-1.49610770
2997	-0.14310212
2998	-9.71385765
2999	4.18464518
3000	3.15913463