	C:\Users\jkuzm\OneDrive - University of Massachusetts\HRSL x UMILL-PUMA Fatigue - Fatigue\Data\F01\FR3_static3.c3d _ImpedanceExport
	FP1
	FREEMOMENT
	ORIGINAL
ITEM	X
1	0.00259217
2	-0.00560686
3	-0.00246483
4	0.00097527
5	-0.00964403
6	0.00431197
7	0.00255990
8	-0.00049636
9	0.00212983
10	-0.00254121
11	-0.00551925
12	0.00158054
13	-0.00598750
14	0.00094378
15	0.00259708
16	0.00094299
17	0.00209727
18	-0.00033127
19	-0.00741837
20	-0.00090530
21	-0.00094072
22	-0.00778652
23	0.00332208
24	0.00170304
25	0.00030591
26	0.00148172
27	-0.00566783
28	-0.00251684
29	0.00204388
30	-0.00986394
31	0.00243826
32	0.00265451
33	0.00083028
34	0.00297822
35	-0.00240910
36	-0.00638947
37	-0.00005971
38	-0.00535250
39	-0.00105099
40	0.00216726
41	-0.00075348
42	0.00181689
43	0.00029393
44	-0.00982977
45	-0.00064020
46	-0.00013514
47	-0.00754984
48	0.00305782
49	0.00131686
50	0.00192036
51	0.00228092
52	-0.00599310
53	-0.00332658
54	0.00010190
55	-0.01032050
56	0.00180005
57	0.00227303
58	-0.00078550
59	0.00153952
60	-0.00222390
61	-0.00588018
62	0.00151460
63	-0.00531520
64	-0.00070262
65	0.00293890
66	0.00081216
67	0.00273333
68	0.00032815
69	-0.00683531
70	-0.00077426
71	-0.00095382
72	-0.00685175
73	0.00555375
74	0.00122563
75	0.00098243
76	0.00086808
77	-0.00598159
78	-0.00314217
79	0.00184082
80	-0.01021810
81	0.00216201
82	0.00196025
83	-0.00130679
84	0.00287186
85	-0.00306602
86	-0.00622261
87	0.00076244
88	-0.00512511
89	-0.00098879
90	0.00285505
91	0.00016718
92	0.00212012
93	0.00020510
94	-0.00722266
95	-0.00079191
96	-0.00013121
97	-0.00876121
98	0.00243299
99	0.00172966
100	0.00030764
101	0.00208202
102	-0.00707183
103	-0.00376212
104	0.00052674
105	-0.01011722
106	0.00212247
107	0.00221747
108	0.00013631
109	0.00212835
110	-0.00246571
111	-0.00575092
112	0.00111049
113	-0.00496018
114	-0.00133332
115	0.00308262
116	-0.00009166
117	0.00247759
118	0.00033433
119	-0.00668181
120	-0.00127053
121	-0.00002579
122	-0.00747003
123	0.00240110
124	0.00187440
125	0.00146755
126	0.00125748
127	-0.00525923
128	-0.00221287
129	0.00221796
130	-0.00932769
131	0.00218853
132	0.00311646
133	0.00146047
134	0.00352159
135	-0.00255551
136	-0.00548350
137	0.00067304
138	-0.00489939
139	0.00001488
140	0.00519891
141	0.00010307
142	0.00203843
143	0.00002438
144	-0.00710180
145	-0.00042154
146	-0.00017774
147	-0.00823403
148	0.00347178
149	0.00209648
150	0.00253126
151	0.00240222
152	-0.00510945
153	-0.00289084
154	0.00104357
155	-0.01016553
156	0.00183993
157	0.00245713
158	-0.00006937
159	0.00239935
160	-0.00208951
161	-0.00641731
162	0.00100626
163	-0.00509570
164	-0.00153576
165	0.00290192
166	0.00127258
167	0.00293043
168	0.00171477
169	-0.00761979
170	-0.00125257
171	0.00044592
172	-0.00740467
173	0.00249569
174	0.00143201
175	0.00070179
176	0.00117642
177	-0.00443616
178	-0.00329677
179	0.00114216
180	-0.00983431
181	0.00156045
182	0.00220408
183	0.00021268
184	0.00274560
185	-0.00301421
186	-0.00571805
187	-0.00014738
188	-0.00462391
189	-0.00160185
190	0.00255820
191	-0.00060928
192	0.00249731
193	0.00083323
194	-0.00699180
195	-0.00062907
196	0.00044523
197	-0.00881714
198	0.00194233
199	0.00201978
200	0.00079106
201	0.00195876
202	-0.00593469
203	-0.00330116
204	0.00075197
205	-0.00947745
206	0.00450342
207	0.00193580
208	-0.00137442
209	0.00195791
210	-0.00153200
211	-0.00526339
212	0.00139431
213	-0.00452721
214	-0.00105468
215	0.00330856
216	-0.00039412
217	0.00508969
218	0.00103624
219	-0.00681585
220	-0.00095412
221	0.00013613
222	-0.00714145
223	0.00309620
224	0.00249703
225	0.00077415
226	0.00169242
227	-0.00370836
228	-0.00245399
229	0.00261265
230	-0.01017619
231	0.00248345
232	0.00314055
233	0.00010956
234	0.00320976
235	-0.00235584
236	-0.00464978
237	-0.00013195
238	-0.00504287
239	-0.00306868
240	0.00282982
241	-0.00098604
242	0.00222748
243	0.00003598
244	-0.00711746
245	-0.00002620
246	0.00000244
247	-0.00931159
248	0.00287124
249	0.00199939
250	0.00097706
251	0.00285744
252	-0.00503531
253	-0.00342716
254	0.00024240
255	-0.01005249
256	0.00146956
257	0.00291793
258	-0.00123620
259	0.00180070
260	-0.00209343
261	-0.00605599
262	0.00106279
263	-0.00457509
264	-0.00154612
265	0.00504039
266	0.00002519
267	0.00261930
268	0.00074149
269	-0.00743221
270	-0.00141154
271	0.00046795
272	-0.00864445
273	0.00347764
274	0.00177047
275	0.00106314
276	0.00161357
277	-0.00515750
278	-0.00298430
279	0.00196874
280	-0.00941242
281	0.00206597
282	0.00324582
283	0.00012066
284	-0.01117959
285	-0.00193254
286	-0.00687458
287	0.00032545
288	-0.00532552
289	-0.00331308
290	0.00288419
291	-0.00073353
292	0.00232139
293	0.00091867
294	-0.00600140
295	-0.00094269
296	0.00067272
297	-0.00967988
298	0.00262671
299	0.00153215
300	0.00106608
301	0.00326047
302	-0.00624533
303	-0.00394395
304	0.00105746
305	-0.01020871
306	0.00165871
307	0.00278688
308	-0.00125669
309	0.00184398
310	-0.00075034
311	-0.00671721
312	0.00122691
313	-0.00114883
314	-0.00220390
315	0.00305751
316	0.00132354
317	0.00241442
318	0.00121410
319	-0.00667103
320	-0.00145670
321	-0.00008122
322	-0.00939934
323	0.00339818
324	0.00112363
325	0.00002426
326	0.00154758
327	-0.00420593
328	-0.00326799
329	0.00186293
330	-0.00964910
331	0.00222750
332	-0.00255992
333	-0.00041693
334	0.00307190
335	-0.00236558
336	-0.00592765
337	0.00041940
338	-0.00334243
339	-0.00232046
340	0.00210383
341	-0.00024930
342	0.00076581
343	0.00019000
344	-0.00679077
345	-0.00068454
346	0.00059994
347	-0.00945150
348	0.00347653
349	0.00210009
350	0.00094261
351	0.00199799
352	-0.00585633
353	-0.00372553
354	0.00066602
355	-0.00940802
356	0.00153041
357	0.00215664
358	0.00039837
359	0.00231542
360	-0.00159396
361	-0.01177157
362	0.00019580
363	-0.00411276
364	-0.00327159
365	0.00286564
366	0.00088859
367	0.00217247
368	0.00163726
369	-0.00714641
370	-0.00140812
371	0.00111561
372	-0.00927977
373	0.00283558
374	0.00239093
375	0.00129663
376	0.00106093
377	-0.00459320
378	-0.00382336
379	0.00092620
380	-0.00753686
381	0.00155283
382	0.00239190
383	0.00085290
384	0.00260784
385	-0.00172278
386	-0.00639003
387	0.00015770
388	-0.00363075
389	-0.00202773
390	0.00368662
391	0.00111375
392	0.00174122
393	0.00097115
394	-0.00730603
395	-0.00058391
396	0.00128997
397	-0.00910409
398	0.00367293
399	0.00204174
400	0.00192101
401	0.00236764
402	-0.00516583
403	-0.00382037
404	0.00068979
405	-0.00909460
406	0.00181518
407	0.00220152
408	-0.00030149
409	-0.00351284
410	-0.00226307
411	-0.00684301
412	0.00056108
413	-0.00370055
414	-0.00263949
415	0.00306298
416	0.00170748
417	0.00248018
418	0.00143820
419	-0.00812882
420	-0.00182166
421	-0.00016255
422	-0.00966297
423	0.00260818
424	0.00230041
425	0.00100705
426	0.00109495
427	-0.00405174
428	-0.00221391
429	0.00149464
430	-0.00878887
431	0.00135576
432	0.00252396
433	-0.00006144
434	0.00289227
435	-0.00143792
436	-0.00678770
437	-0.00075885
438	-0.00205118
439	-0.00337982
440	0.00212946
441	0.00109747
442	0.00189304
443	0.00089074
444	-0.00668930
445	-0.00025883
446	0.00259984
447	-0.00919606
448	0.00347966
449	0.00226841
450	0.00132731
451	0.00287238
452	-0.00482909
453	-0.00406648
454	0.00090853
455	-0.00951757
456	0.00137490
457	0.00074509
458	-0.00001351
459	0.00090126
460	-0.00174591
461	-0.00677724
462	0.00054184
463	-0.00334181
464	-0.00332733
465	0.00261887
466	0.00138635
467	0.00261990
468	0.00164907
469	-0.00668254
470	-0.00149649
471	0.00093341
472	-0.00866694
473	0.00297808
474	0.00245019
475	0.00101013
476	0.00316907
477	-0.00466468
478	-0.00396696
479	0.00195243
480	-0.00876994
481	0.00131175
482	0.00240527
483	0.00055127
484	0.00249690
485	-0.00230396
486	-0.00977496
487	-0.00050929
488	-0.00335559
489	-0.00391142
490	0.00270440
491	0.00100279
492	0.00224280
493	0.00072638
494	-0.00769876
495	-0.00072475
496	0.00064435
497	-0.01012609
498	0.00319218
499	0.00287606
500	0.00081498
501	0.00249358
502	-0.00456777
503	-0.00435240
504	0.00102058
505	-0.00808852
506	0.00152427
507	0.00248876
508	0.00004321
509	0.00209916
510	-0.00100562
511	-0.00646520
512	0.00026059
513	-0.00323966
514	-0.00361867
515	0.00157873
516	0.00132239
517	0.00229332
518	0.00144903
519	-0.00619751
520	-0.00215674
521	0.00076222
522	-0.00958531
523	0.00351992
524	0.00165637
525	0.00153272
526	0.00121423
527	-0.00442363
528	-0.00369510
529	0.00220924
530	-0.00859273
531	0.00142423
532	0.00275627
533	0.00028683
534	0.00357686
535	-0.00073970
536	-0.00663379
537	-0.00030714
538	-0.00293830
539	-0.00362165
540	0.00249386
541	0.00078787
542	-0.00019761
543	0.00080975
544	-0.00732866
545	-0.00133582
546	0.00118731
547	-0.01029052
548	0.00306739
549	0.00235741
550	0.00154674
551	0.00235056
552	-0.00484560
553	0.00345450
554	0.00132582
555	-0.00870098
556	0.00213618
557	0.00274465
558	-0.00022521
559	0.00170476
560	-0.00188477
561	-0.00701902
562	-0.00025607
563	-0.00524525
564	-0.00517400
565	0.00267675
566	0.00140987
567	0.00162911
568	0.00110787
569	-0.00682040
570	-0.00226052
571	0.00156000
572	-0.01153283
573	0.00268948
574	0.00197045
575	0.00161300
576	0.00190185
577	-0.00329796
578	-0.00389506
579	0.00206588
580	-0.00818136
581	0.00127875
582	0.00283491
583	0.00118154
584	0.00316676
585	-0.00067011
586	-0.00717207
587	0.00035873
588	-0.00320665
589	-0.00555749
590	0.00257224
591	0.00012811
592	-0.00017571
593	0.00044923
594	-0.00685498
595	-0.00145044
596	0.00070037
597	-0.00946369
598	0.00255405
599	0.00207527
600	0.00060781
601	0.00640848
602	-0.00383443
603	-0.00434034
604	0.00072652
605	-0.00792234
606	0.00117473
607	0.00243662
608	-0.00083837
609	0.00190941
610	-0.00025000
611	-0.00667410
612	0.00035417
613	-0.00273955
614	-0.00476575
615	0.00325394
616	0.00203156
617	0.00191758
618	0.00125239
619	-0.00757836
620	-0.00255203
621	0.00089786
622	-0.00999714
623	0.00248904
624	0.00233919
625	0.00115230
626	0.00138270
627	-0.00443269
628	-0.00463436
629	0.00122863
630	-0.00572547
631	0.00117621
632	0.00260619
633	0.00175876
634	0.00262486
635	-0.00092132
636	-0.00657668
637	-0.00057515
638	-0.00237645
639	-0.00525887
640	0.00189983
641	0.00145878
642	0.00127574
643	0.00108281
644	-0.00632454
645	-0.00149316
646	0.00128056
647	-0.00970503
648	0.00192054
649	-0.00067941
650	0.00073077
651	0.00315080
652	-0.00427318
653	-0.00465970
654	0.00024539
655	-0.00805560
656	0.00023657
657	0.00229632
658	0.00016771
659	0.00219966
660	-0.00106221
661	-0.00673466
662	0.00029639
663	-0.00236908
664	-0.00541724
665	0.00321605
666	0.00136393
667	0.00297206
668	0.00172789
669	-0.00603215
670	-0.00117048
671	0.00117156
672	-0.01035955
673	0.00259639
674	0.00199193
675	0.00063871
676	0.00182718
677	-0.00381662
678	-0.00208827
679	0.00150952
680	-0.00814503
681	0.00058222
682	0.00222561
683	0.00024766
684	0.00212067
685	-0.00065785
686	-0.00632115
687	-0.00074826
688	-0.00257000
689	-0.00435892
690	0.00341743
691	0.00203301
692	0.00194496
693	0.00110917
694	-0.00625721
695	-0.00129643
696	0.00119007
697	-0.00918994
698	0.00314036
699	0.00273745
700	0.00205787
701	0.00297100
702	-0.00331475
703	-0.00491002
704	0.00052856
705	-0.00785900
706	0.00093577
707	0.00250166
708	0.00115050
709	0.00130572
710	-0.00043432
711	-0.00717406
712	0.00017994
713	-0.00211005
714	-0.00645642
715	0.00274735
716	0.00141982
717	0.00082014
718	0.00143266
719	-0.00680733
720	-0.00226743
721	0.00078866
722	-0.00988692
723	0.00297331
724	0.00175965
725	0.00092313
726	0.00165997
727	-0.00285788
728	-0.00364575
729	0.00207387
730	-0.00703696
731	0.00103182
732	0.00330660
733	0.00075995
734	0.00235885
735	-0.00046271
736	-0.00649468
737	0.00091424
738	-0.00121842
739	-0.00492045
740	0.00324935
741	0.00166624
742	0.00225838
743	0.00077297
744	-0.00621470
745	-0.00326612
746	0.00147313
747	-0.00978734
748	0.00344413
749	0.00249690
750	0.00132560
751	0.00238120
752	-0.00392260
753	-0.00486975
754	0.00087397
755	-0.00685578
756	-0.00001655
757	0.00202011
758	-0.00099308
759	0.00126755
760	-0.00099355
761	-0.00696238
762	0.00026680
763	0.00005425
764	-0.00631160
765	0.00218104
766	0.00200231
767	0.00144846
768	0.00219154
769	-0.00604394
770	-0.00273695
771	0.00095681
772	-0.00978405
773	0.00296759
774	-0.00006013
775	0.00115413
776	0.00134312
777	-0.00300122
778	-0.00511734
779	0.00170929
780	-0.00790474
781	0.00056226
782	0.00254284
783	0.00138404
784	0.00356308
785	-0.00067054
786	-0.00764357
787	-0.00101028
788	-0.00209949
789	-0.00630511
790	0.00245933
791	0.00090033
792	0.00197960
793	-0.00338618
794	-0.00621778
795	-0.00144775
796	0.00223070
797	-0.00966141
798	0.00327774
799	0.00294817
800	0.00181967
801	0.00294686
802	-0.00383321
803	-0.00637642
804	0.00102029
805	-0.00669215
806	0.00030343
807	0.00314574
808	-0.00012522
809	0.00202637
810	-0.00085151
811	-0.00659534
812	-0.00046125
813	-0.00090871
814	-0.00665363
815	0.00229545
816	0.00165413
817	0.00118032
818	0.00079780
819	-0.00704802
820	-0.00321956
821	0.00132729
822	-0.00817709
823	0.00261090
824	0.00222700
825	0.00139518
826	0.00219590
827	-0.00294442
828	-0.00447494
829	0.00236255
830	-0.00663468
831	0.00144973
832	0.00465334
833	0.00232949
834	0.00312354
835	0.00017238
836	-0.00690957
837	-0.00020854
838	-0.00090685
839	-0.00647157
840	0.00235192
841	0.00142637
842	0.00176894
843	0.00130596
844	-0.00588578
845	-0.00235555
846	0.00132500
847	-0.01035198
848	0.00293195
849	0.00260524
850	0.00109362
851	0.00222930
852	-0.00350818
853	-0.00530761
854	0.00089090
855	-0.00672760
856	-0.00005996
857	0.00239371
858	0.00023881
859	0.00124393
860	-0.00035523
861	-0.00662948
862	-0.00002660
863	-0.00090832
864	-0.00600239
865	0.00305398
866	0.00194501
867	0.00171986
868	0.00256314
869	-0.00672465
870	-0.00610435
871	0.00088229
872	-0.00954399
873	0.00231845
874	0.00275227
875	0.00165498
876	0.00164053
877	-0.00332278
878	-0.00403510
879	0.00135942
880	-0.00590083
881	0.00005783
882	0.00271230
883	0.00160058
884	0.00199281
885	0.00005502
886	-0.00692521
887	-0.00065720
888	-0.00138276
889	-0.00438877
890	0.00269342
891	0.00168987
892	0.00164362
893	0.00052131
894	-0.00628503
895	-0.00207505
896	0.00169301
897	-0.00937587
898	0.00251664
899	0.00425420
900	0.00154093
901	0.00270814
902	-0.00373791
903	-0.00541117
904	0.00039403
905	-0.00594602
906	0.00026093
907	0.00328575
908	0.00120893
909	0.00352611
910	0.00031894
911	-0.00610241
912	0.00014526
913	-0.00018364
914	-0.00670670
915	0.00319436
916	0.00257038
917	0.00266584
918	0.00221777
919	-0.00594837
920	-0.00306918
921	0.00082835
922	-0.01034302
923	0.00165883
924	0.00124945
925	0.00067779
926	0.00170551
927	-0.00343670
928	-0.00652051
929	0.00120963
930	-0.00609667
931	-0.00098195
932	0.00332113
933	0.00049138
934	0.00291448
935	0.00092926
936	-0.00696016
937	0.00732734
938	-0.00126492
939	-0.00585312
940	0.00250040
941	0.00179400
942	0.00113982
943	0.00090383
944	-0.00587756
945	-0.00236583
946	0.00114469
947	-0.01081822
948	0.00176277
949	0.00214163
950	0.00079281
951	0.00225568
952	-0.00332472
953	-0.00621578
954	0.00019414
955	-0.00590943
956	-0.00073344
957	0.00238759
958	0.00033673
959	0.00194841
960	-0.00005566
961	-0.00704350
962	-0.00036873
963	-0.00049931
964	-0.00714384
965	0.00340081
966	0.00457824
967	0.00241201
968	0.00258072
969	-0.00499376
970	-0.00253539
971	0.00121894
972	-0.00969218
973	0.00224582
974	0.00248317
975	0.00098040
976	0.00191231
977	-0.00345188
978	-0.00611501
979	0.00059087
980	-0.00642268
981	-0.00123200
982	0.00269585
983	0.00163909
984	0.00233175
985	0.00322935
986	-0.00707186
987	-0.00132483
988	-0.00097998
989	-0.00676717
990	0.00266689
991	0.00114131
992	0.00164448
993	0.00164877
994	-0.00549470
995	-0.00069236
996	0.00241797
997	-0.01013107
998	0.00253626
999	0.00243699
1000	0.00141958
1001	0.00279827
1002	-0.00273364
1003	-0.00588515
1004	0.00049153
1005	-0.00610883
1006	-0.00140730
1007	0.00246370
1008	0.00099975
1009	0.00182556
1010	0.00014216
1011	-0.00671493
1012	-0.00012567
1013	-0.00015501
1014	-0.00835317
1015	0.00286767
1016	0.00224306
1017	0.00171914
1018	0.00194528
1019	-0.00574592
1020	-0.00350415
1021	0.00093975
1022	-0.00882739
1023	0.00192910
1024	0.00273296
1025	0.00077886
1026	0.00240173
1027	-0.00225779
1028	-0.00570882
1029	0.00136740
1030	-0.00621626
1031	-0.00088744
1032	0.00406547
1033	-0.00514873
1034	0.00241602
1035	-0.00039315
1036	-0.00759921
1037	-0.00091647
1038	-0.00121987
1039	-0.00770827
1040	0.00268905
1041	0.00191261
1042	0.00151416
1043	0.00285815
1044	-0.00593413
1045	-0.00301943
1046	0.00131338
1047	-0.00966912
1048	0.00217644
1049	0.00266316
1050	0.00112537
1051	0.00019971
1052	-0.00280818
1053	-0.00619187
1054	0.00033025
1055	-0.00538715
1056	-0.00225142
1057	0.00279824
1058	0.00074967
1059	0.00209425
1060	-0.00008687
1061	-0.00637185
1062	0.00733765
1063	-0.00021223
1064	-0.00728445
1065	0.00321996
1066	0.00198352
1067	0.00196046
1068	0.00291601
1069	-0.00492538
1070	-0.00363672
1071	0.00086113
1072	-0.00851769
1073	0.00196182
1074	0.00228717
1075	0.00117776
1076	0.00195757
1077	-0.00245630
1078	-0.00549640
1079	0.00123921
1080	-0.00570254
1081	-0.00695867
1082	0.00207572
1083	0.00101360
1084	0.00216980
1085	-0.00070954
1086	-0.00798346
1087	-0.00170895
1088	-0.00102611
1089	-0.00920041
1090	0.00227298
1091	-0.00220575
1092	0.00083558
1093	0.00033248
1094	-0.00608095
1095	-0.00369754
1096	0.00109585
1097	-0.01027356
1098	0.00166654
1099	0.00123406
1100	0.00116484
1101	0.00213046
1102	-0.00308172
1103	-0.00614982
1104	0.00051802
1105	-0.00519904
1106	-0.00200669
1107	0.00265911
1108	0.00080299
1109	0.00157565
1110	-0.00440674
1111	-0.00726505
1112	-0.00076909
1113	-0.00014984
1114	-0.00850467
1115	0.00386608
1116	0.00179373
1117	0.00159477
1118	0.00193756
1119	-0.00584982
1120	-0.00178023
1121	0.00084002
1122	-0.00989982
1123	0.00192277
1124	0.00191738
1125	0.00102897
1126	0.00143868
1127	-0.00230319
1128	-0.00608975
1129	0.00047793
1130	-0.00515266
1131	-0.00180761
1132	0.00372068
1133	0.00048586
1134	0.00250783
1135	0.00065145
1136	-0.00652069
1137	-0.00101488
1138	-0.00023653
1139	-0.00584200
1140	0.00254323
1141	0.00119831
1142	0.00138364
1143	0.00091372
1144	-0.00606021
1145	-0.00322624
1146	0.00156433
1147	-0.00944549
1148	0.00143041
1149	0.00322197
1150	0.00038264
1151	0.00245150
1152	-0.00281804
1153	-0.00661685
1154	0.00012038
1155	-0.00527398
1156	-0.00200709
1157	0.00178980
1158	-0.00302337
1159	0.00157201
1160	0.00021237
1161	-0.00663715
1162	-0.00049969
1163	0.00018902
1164	-0.00787991
1165	0.00310563
1166	0.00268273
1167	0.00241028
1168	0.00092157
1169	-0.00533208
1170	-0.00300309
1171	0.00156567
1172	-0.00985158
1173	0.00234862
1174	0.00200535
1175	0.00044111
1176	0.00222827
1177	-0.00199952
1178	-0.00728058
1179	0.00087513
1180	-0.00544400
1181	-0.00267055
1182	0.00241875
1183	0.00090634
1184	0.00244279
1185	0.00115688
1186	-0.00762043
1187	-0.00382134
1188	-0.00051366
1189	-0.00888066
1190	0.00265843
1191	0.00154573
1192	0.00133820
1193	0.00110463
1194	-0.00546787
1195	-0.00076640
1196	0.00194412
1197	-0.00946638
1198	0.00126352
1199	0.00264910
1200	0.00045531
1201	0.00231308
1202	-0.00249477
1203	-0.00644515
1204	0.00006575
1205	-0.00529761
1206	-0.00607046
1207	0.00206120
1208	0.00046033
1209	0.00196955
1210	0.00061277
1211	-0.00678243
1212	-0.00035251
1213	0.00036993
1214	-0.00748799
1215	0.00353495
1216	0.00229657
1217	0.00155792
1218	0.00215307
1219	-0.00467681
1220	-0.00326222
1221	0.00103944
1222	-0.00910578
1223	0.00144390
1224	0.00207689
1225	0.00417770
1226	0.00218211
1227	-0.00269070
1228	-0.00624639
1229	0.00085671
1230	-0.00502349
1231	-0.00303745
1232	0.00283116
1233	-0.00029042
1234	0.00160725
1235	-0.00172447
1236	-0.00760648
1237	-0.00186732
1238	-0.00073849
1239	-0.00897040
1240	0.00277367
1241	0.00201207
1242	0.00099038
1243	0.00067145
1244	-0.00494364
1245	-0.00423721
1246	0.00181863
1247	-0.00953395
1248	0.00172612
1249	0.00239111
1250	0.00076015
1251	0.00291193
1252	-0.00195128
1253	-0.00616239
1254	-0.00248030
1255	-0.00506645
1256	-0.00280408
1257	0.00231428
1258	0.00175279
1259	0.00186964
1260	0.00046184
1261	-0.00699143
1262	-0.00096081
1263	0.00086208
1264	-0.01072505
1265	0.00310547
1266	0.00259836
1267	0.00157729
1268	0.00222739
1269	-0.00517350
1270	-0.00342573
1271	0.00167286
1272	-0.00780567
1273	0.00163599
1274	0.00285497
1275	0.00169661
1276	0.00155281
1277	-0.00188449
1278	-0.00608216
1279	0.00101527
1280	-0.00397294
1281	-0.00244948
1282	0.00287271
1283	0.00090317
1284	0.00238159
1285	-0.00006921
1286	-0.00731909
1287	-0.00201798
1288	-0.00008296
1289	-0.00891552
1290	0.00254666
1291	0.00076687
1292	0.00082904
1293	0.00046168
1294	-0.00534693
1295	-0.00372808
1296	0.00188168
1297	-0.00931379
1298	0.00133669
1299	0.00284632
1300	0.00145096
1301	0.00295245
1302	0.00284356
1303	-0.00664554
1304	0.00014499
1305	-0.00364295
1306	-0.00244093
1307	0.00230521
1308	0.00063146
1309	0.00130420
1310	-0.00069717
1311	-0.00758609
1312	-0.00316881
1313	-0.00015505
1314	-0.01013868
1315	0.00190446
1316	0.00211028
1317	0.00147653
1318	0.00271036
1319	-0.00448551
1320	-0.00553497
1321	-0.00126830
1322	-0.00837680
1323	0.00156673
1324	0.00271527
1325	0.00135679
1326	0.00189302
1327	-0.00105964
1328	-0.00534368
1329	0.00136999
1330	-0.00354378
1331	-0.00418239
1332	0.00355334
1333	0.00145820
1334	0.00175425
1335	0.00115541
1336	-0.00718460
1337	-0.00129445
1338	-0.00044200
1339	-0.01022505
1340	0.00216504
1341	0.00134615
1342	0.00082476
1343	0.00109280
1344	-0.00533767
1345	-0.00373600
1346	0.00131048
1347	-0.00974192
1348	0.00146958
1349	0.00247498
1350	0.00278941
1351	0.00263891
1352	-0.00224470
1353	-0.00676919
1354	0.00002544
1355	-0.00413263
1356	-0.00379476
1357	0.00290618
1358	0.00005856
1359	0.00179698
1360	0.00133593
1361	-0.00698235
1362	-0.00133290
1363	0.00112783
1364	-0.00913501
1365	0.00339188
1366	0.00292767
1367	0.00202367
1368	0.00203631
1369	-0.00412863
1370	-0.00357987
1371	0.00142382
1372	-0.00842148
1373	0.00180546
1374	0.00312897
1375	0.00023731
1376	0.00215048
1377	-0.00172964
1378	-0.00573685
1379	0.00279591
1380	-0.00375756
1381	-0.00390553
1382	0.00302214
1383	0.00175630
1384	0.00189140
1385	0.00216285
1386	-0.00717766
1387	-0.00207101
1388	0.00041295
1389	-0.01035371
1390	0.00274481
1391	0.00237130
1392	0.00113302
1393	0.00132922
1394	-0.00478919
1395	-0.00388706
1396	0.00191732
1397	-0.00893717
1398	-0.00019411
1399	0.00270051
1400	0.00066624
1401	0.00285970
1402	-0.00195422
1403	-0.00658538
1404	0.00029126
1405	-0.00344688
1406	-0.00273286
1407	0.00287548
1408	0.00087992
1409	0.00161769
1410	0.00058999
1411	-0.00616973
1412	-0.00138747
1413	0.00088993
1414	-0.00956292
1415	0.00297475
1416	0.00170329
1417	0.00103193
1418	0.00139388
1419	-0.00523635
1420	-0.00398833
1421	0.00095907
1422	-0.00842024
1423	0.00135310
1424	0.00238035
1425	0.00015601
1426	0.00227188
1427	-0.00077939
1428	-0.00648800
1429	0.00080784
1430	-0.00284668
1431	-0.00376410
1432	0.00325626
1433	0.00167127
1434	0.00279226
1435	0.00245509
1436	-0.00641580
1437	-0.00076379
1438	0.00093217
1439	-0.00889910
1440	0.00300664
1441	0.00220740
1442	0.00147746
1443	0.00151176
1444	-0.00492618
1445	-0.00552827
1446	0.00143983
1447	-0.00950626
1448	-0.00019552
1449	0.00169281
1450	-0.00060179
1451	0.00158408
1452	-0.00181326
1453	-0.00796050
1454	-0.00071383
1455	-0.00345125
1456	-0.00457986
1457	0.00199029
1458	0.00046285
1459	0.00108762
1460	0.00038134
1461	-0.00635386
1462	-0.00135254
1463	0.00087246
1464	-0.00890997
1465	0.00283718
1466	0.00279727
1467	0.00189512
1468	0.00353181
1469	-0.00347513
1470	-0.00375439
1471	0.00098214
1472	-0.00807141
1473	0.00127565
1474	0.00243026
1475	0.00062128
1476	0.00151253
1477	-0.00073250
1478	-0.00700258
1479	0.00058056
1480	-0.00295708
1481	-0.00476601
1482	0.00245498
1483	0.00132146
1484	0.00167162
1485	0.00108854
1486	-0.00736092
1487	-0.00220578
1488	0.00082172
1489	-0.00882350
1490	0.00214442
1491	0.00181735
1492	0.00091521
1493	0.00093839
1494	-0.00270535
1495	-0.00487944
1496	0.00207281
1497	-0.00802645
1498	0.00107773
1499	0.00247036
1500	0.00093156
1501	0.00281203
1502	-0.00093843
1503	-0.00619202
1504	0.00157983
1505	-0.00310396
1506	-0.00425397
1507	0.00234229
1508	0.00179710
1509	0.00131377
1510	0.00053462
1511	-0.00688512
1512	-0.00027732
1513	0.00046293
1514	-0.00977912
1515	0.00247699
1516	0.00227660
1517	0.00106707
1518	0.00220736
1519	-0.00359295
1520	-0.00443632
1521	0.00113940
1522	-0.00751071
1523	-0.00008717
1524	0.00335639
1525	0.00082040
1526	0.00273490
1527	-0.00026807
1528	-0.00618972
1529	0.00145347
1530	-0.00247308
1531	-0.00460408
1532	0.00398787
1533	0.00131542
1534	0.00207152
1535	0.00176052
1536	-0.00674480
1537	-0.00217445
1538	0.00052627
1539	-0.00947802
1540	0.00252865
1541	0.00149183
1542	-0.00364374
1543	0.00139480
1544	-0.00352598
1545	-0.00414513
1546	0.00196931
1547	-0.00769308
1548	0.00104661
1549	0.00294192
1550	0.00127824
1551	0.00202569
1552	-0.00130642
1553	-0.00668844
1554	-0.00034760
1555	-0.00301073
1556	-0.00518163
1557	0.00226555
1558	0.00064112
1559	0.00123803
1560	0.00067696
1561	-0.00695721
1562	-0.00133148
1563	0.00142595
1564	-0.00922037
1565	0.00311084
1566	0.00258442
1567	0.00190699
1568	0.00370326
1569	-0.00329601
1570	-0.00447378
1571	0.00415024
1572	-0.00629693
1573	0.00110726
1574	0.00312727
1575	0.00084783
1576	0.00206167
1577	-0.00030087
1578	-0.00634722
1579	0.00013633
1580	-0.00173118
1581	-0.00430898
1582	0.00346410
1583	0.00184565
1584	0.00234255
1585	0.00158377
1586	-0.00676287
1587	-0.00272460
1588	0.00055343
1589	-0.00941348
1590	-0.00259087
1591	0.00200964
1592	0.00085338
1593	0.00177640
1594	-0.00344130
1595	-0.00438588
1596	0.00188040
1597	-0.00782258
1598	0.00007773
1599	0.00281834
1600	0.00037042
1601	0.00245015
1602	-0.00100087
1603	-0.00749812
1604	-0.00035199
1605	-0.00274749
1606	-0.00457226
1607	0.00269918
1608	0.00000703
1609	0.00167829
1610	0.00067317
1611	-0.00582694
1612	-0.00149362
1613	0.00154608
1614	-0.00974502
1615	0.00311217
1616	0.00234623
1617	0.00145175
1618	0.00172960
1619	-0.00524454
1620	-0.00510905
1621	0.00050910
1622	-0.00732742
1623	0.00075492
1624	0.00272064
1625	0.00077158
1626	0.00187880
1627	-0.00023984
1628	-0.00613170
1629	-0.00043962
1630	-0.00156237
1631	-0.00438339
1632	0.00368316
1633	0.00283292
1634	0.00246039
1635	0.00217976
1636	-0.00605457
1637	-0.00095368
1638	0.00305125
1639	-0.00945857
1640	0.00328081
1641	0.00228807
1642	-0.00011012
1643	0.00189972
1644	-0.00419804
1645	-0.00550541
1646	0.00138039
1647	-0.00826823
1648	0.00078010
1649	0.00230986
1650	0.00041354
1651	0.00210289
1652	-0.00114593
1653	-0.00718595
1654	-0.00099126
1655	-0.00303782
1656	-0.00587974
1657	0.00240958
1658	0.00186566
1659	0.00143783
1660	0.00107570
1661	-0.00563699
1662	-0.00164115
1663	0.00161158
1664	-0.00938812
1665	0.00309782
1666	0.00231552
1667	0.00030875
1668	0.00229800
1669	-0.00353858
1670	-0.00480003
1671	0.00014172
1672	-0.00755715
1673	-0.00031216
1674	0.00189045
1675	0.00030077
1676	0.00189422
1677	-0.00072985
1678	-0.00642580
1679	-0.00026365
1680	-0.00185628
1681	-0.00509432
1682	0.00340756
1683	0.00215896
1684	0.00182197
1685	0.00099187
1686	-0.00643591
1687	-0.00160644
1688	0.00106736
1689	-0.00951376
1690	0.00260655
1691	0.00185817
1692	0.00043633
1693	0.00091974
1694	-0.00402304
1695	-0.00568365
1696	0.00025401
1697	-0.00768440
1698	-0.00091024
1699	0.00229267
1700	0.00095269
1701	0.00192814
1702	-0.00049616
1703	-0.00734487
1704	-0.00058427
1705	-0.00264480
1706	-0.00606889
1707	0.00283147
1708	0.00090425
1709	0.00133433
1710	0.00064159
1711	-0.00668293
1712	-0.00233027
1713	0.00112656
1714	-0.01044790
1715	0.00340434
1716	0.00176934
1717	0.00055823
1718	0.00220721
1719	-0.00395952
1720	-0.00624009
1721	0.00061269
1722	-0.00697530
1723	-0.00057554
1724	0.00290509
1725	0.00145455
1726	0.00227147
1727	-0.00005507
1728	-0.00617668
1729	0.00056136
1730	-0.00147359
1731	-0.00632192
1732	0.00332163
1733	0.00150053
1734	0.00489846
1735	0.00167123
1736	-0.00655045
1737	-0.00256084
1738	0.00078584
1739	-0.00999651
1740	0.00245771
1741	0.00176048
1742	0.00103341
1743	0.00123520
1744	-0.00279056
1745	-0.00434490
1746	0.00178979
1747	-0.00689420
1748	-0.00109942
1749	0.00215264
1750	0.00015646
1751	0.00191919
1752	-0.00133041
1753	-0.00741625
1754	-0.00207275
1755	-0.00331478
1756	-0.00639734
1757	0.00171928
1758	0.00028659
1759	0.00046249
1760	0.00000325
1761	-0.00665840
1762	-0.00217300
1763	0.00169110
1764	-0.01022325
1765	0.00255384
1766	0.00281676
1767	0.00138100
1768	0.00291462
1769	-0.00334520
1770	-0.00546147
1771	0.00085631
1772	-0.00697509
1773	-0.00057452
1774	0.00286088
1775	0.00091971
1776	0.00130737
1777	-0.00091373
1778	-0.00767745
1779	-0.00030067
1780	-0.00159897
1781	-0.00629436
1782	-0.00350402
1783	0.00155023
1784	0.00165173
1785	0.00149112
1786	-0.00648235
1787	-0.00271375
1788	0.00088886
1789	-0.00927763
1790	0.00247691
1791	0.00243164
1792	0.00257721
1793	0.00159728
1794	-0.00295264
1795	-0.00424646
1796	0.00210903
1797	-0.00656630
1798	-0.00111997
1799	0.00270197
1800	-0.00134003
1801	0.00224189
1802	-0.00000609
1803	-0.00705148
1804	-0.00140561
1805	-0.00205025
1806	-0.00651191
1807	0.00184105
1808	0.00052005
1809	0.00071248
1810	0.00053900
1811	-0.00409916
1812	-0.00258065
1813	0.00085177
1814	-0.01063385
1815	0.00198698
1816	0.00210262
1817	0.00114249
1818	0.00280065
1819	-0.00331840
1820	-0.00521896
1821	0.00127817
1822	-0.00647884
1823	-0.00089909
1824	0.00248048
1825	0.00109207
1826	0.00204794
1827	-0.00009588
1828	-0.00665218
1829	-0.00043610
1830	-0.00607329
1831	-0.00608338
1832	0.00361782
1833	0.00249889
1834	0.00194788
1835	0.00231035
1836	-0.00625736
1837	-0.00349733
1838	0.00107695
1839	-0.00960457
1840	0.00089455
1841	0.00167486
1842	-0.00002095
1843	0.00156354
1844	-0.00334995
1845	-0.00594936
1846	0.00133787
1847	-0.00717003
1848	-0.00151046
1849	0.00275293
1850	0.00195476
1851	0.00219116
1852	-0.00020626
1853	-0.00734335
1854	-0.00094368
1855	-0.00144132
1856	-0.00669594
1857	0.00303094
1858	0.00135057
1859	-0.00401200
1860	0.00130030
1861	-0.00516545
1862	-0.00260383
1863	0.00156842
1864	-0.01048348
1865	0.00226243
1866	0.00269907
1867	0.00089352
1868	0.00264264
1869	-0.00175918
1870	-0.00593364
1871	-0.00022912
1872	-0.00608842
1873	-0.00162473
1874	0.00167400
1875	-0.00003437
1876	0.00136209
1877	-0.00082080
1878	-0.00252743
1879	-0.00002120
1880	-0.00100303
1881	-0.00672387
1882	0.00340506
1883	0.00186499
1884	0.00193705
1885	0.00253361
1886	-0.00553009
1887	-0.00260785
1888	0.00201528
1889	-0.00889588
1890	0.00252046
1891	0.00240361
1892	0.00078284
1893	0.00093940
1894	-0.00313661
1895	-0.00553713
1896	0.00248542
1897	-0.00660274
1898	-0.00111542
1899	0.00289553
1900	0.00056711
1901	0.00192509
1902	-0.00004596
1903	-0.00716107
1904	-0.00082658
1905	-0.00080615
1906	-0.00704157
1907	-0.00176489
1908	0.00147721
1909	0.00048160
1910	0.00118192
1911	-0.00569999
1912	-0.00318821
1913	0.00123124
1914	-0.00974923
1915	0.00254218
1916	0.00287817
1917	-0.00177777
1918	0.00249599
1919	-0.00283306
1920	-0.00559919
1921	0.00040934
1922	-0.00561175
1923	-0.00121704
1924	0.00303894
1925	0.00162545
1926	0.00430151
1927	0.00038432
1928	-0.00679695
1929	-0.00036550
1930	-0.00089679
1931	-0.00675831
1932	0.00293091
1933	0.00221598
1934	0.00160368
1935	0.00179371
1936	-0.00559456
1937	-0.00341163
1938	0.00092647
1939	-0.00957250
1940	0.00221505
1941	0.00230326
1942	-0.00006074
1943	0.00143590
1944	-0.00169958
1945	-0.00493900
1946	0.00192027
1947	-0.00601469
1948	-0.00193132
1949	0.00255891
1950	0.00118927
1951	0.00245209
1952	0.00046875
1953	-0.00686391
1954	-0.00007757
1955	-0.00167984
1956	-0.00782290
1957	0.00294580
1958	0.00132366
1959	0.00172144
1960	0.00087821
1961	-0.00550732
1962	-0.00280125
1963	0.00233910
1964	-0.00905258
1965	0.00243721
1966	0.00274014
1967	0.00159222
1968	0.00310338
1969	-0.00245151
1970	-0.00570777
1971	0.00086122
1972	-0.00533370
1973	-0.00088745
1974	0.00395915
1975	0.00009240
1976	0.00202492
1977	-0.00039897
1978	-0.00742326
1979	-0.00057923
1980	-0.00020901
1981	-0.00714926
1982	0.00321894
1983	0.00196613
1984	-0.00164298
1985	0.00206117
1986	-0.00569009
1987	-0.00330426
1988	0.00117204
1989	-0.00953895
1990	0.00236116
1991	0.00241089
1992	-0.00072509
1993	0.00204759
1994	-0.00275341
1995	-0.00591124
1996	0.00161006
1997	-0.00570985
1998	-0.00288641
1999	0.00251868
2000	0.00105262
2001	0.00178128
2002	0.00039020
2003	-0.00709827
2004	-0.00210975
2005	-0.00154488
2006	-0.00817687
2007	0.00205594
2008	0.00132175
2009	0.00125295
2010	0.00107158
2011	-0.00557470
2012	-0.00351473
2013	0.00166859
2014	-0.00933007
2015	0.00158745
2016	0.00243717
2017	0.00039264
2018	0.00332585
2019	-0.00210796
2020	-0.00563412
2021	0.00112705
2022	-0.00555496
2023	-0.00178915
2024	0.00260018
2025	0.00161372
2026	0.00195421
2027	0.00045398
2028	-0.00727685
2029	-0.00060917
2030	-0.00018201
2031	-0.00825787
2032	0.00305978
2033	0.00176078
2034	0.00134467
2035	0.00199567
2036	-0.00566904
2037	-0.00412849
2038	0.00055640
2039	-0.00961303
2040	0.00056873
2041	0.00140112
2042	-0.00126172
2043	0.00146206
2044	-0.00289312
2045	-0.00691206
2046	0.00093474
2047	-0.00492236
2048	-0.00281032
2049	0.00262454
2050	0.00047703
2051	0.00745486
2052	0.00017335
2053	-0.00719269
2054	-0.00129735
2055	-0.00061432
2056	-0.00810809
2057	0.00243378
2058	0.00182418
2059	0.00130564
2060	0.00081171
2061	-0.00559655
2062	-0.00351264
2063	0.00191183
2064	-0.00955882
2065	0.00147754
2066	0.00235703
2067	0.00079325
2068	0.00227605
2069	-0.00381227
2070	-0.00655649
2071	0.00018264
2072	-0.00563721
2073	-0.00293870
2074	0.00236897
2075	0.00052853
2076	0.00151937
2077	0.00004473
2078	-0.00709343
2079	-0.00012130
2080	0.00176110
2081	-0.00899556
2082	0.00355778
2083	0.00205087
2084	0.00098966
2085	0.00267586
2086	-0.00543239
2087	-0.00379222
2088	0.00215255
2089	-0.00876834
2090	0.00210665
2091	0.00234962
2092	0.00017247
2093	0.00088862
2094	-0.00204516
2095	-0.00713615
2096	0.00096514
2097	-0.00473672
2098	-0.00248745
2099	0.00442023
2100	0.00053953
2101	0.00228477
2102	0.00025553
2103	-0.00695146
2104	-0.00134603
2105	-0.00011147
2106	-0.00775978
2107	0.00273477
2108	0.00267471
2109	0.00212048
2110	0.00146749
2111	-0.00537559
2112	-0.00374395
2113	0.00150429
2114	-0.00937984
2115	0.00118427
2116	0.00257527
2117	0.00088701
2118	0.00214076
2119	-0.00299161
2120	-0.00657233
2121	0.00015250
2122	-0.00487815
2123	-0.00319295
2124	0.00315171
2125	0.00130843
2126	0.00270494
2127	0.00054389
2128	-0.00553388
2129	-0.00076628
2130	-0.00025196
2131	-0.00831219
2132	0.00282592
2133	0.00200824
2134	0.00141272
2135	0.00180385
2136	-0.00535172
2137	-0.00492553
2138	-0.00080561
2139	-0.00980449
2140	0.00119118
2141	0.00157605
2142	-0.00103530
2143	0.00112482
2144	-0.00231346
2145	-0.00627636
2146	0.00102565
2147	-0.00742024
2148	-0.00412186
2149	0.00300953
2150	0.00197234
2151	0.00194270
2152	0.00071165
2153	-0.00601596
2154	-0.00170552
2155	-0.00005547
2156	-0.00828381
2157	0.00377509
2158	0.00171954
2159	0.00158214
2160	0.00191066
2161	-0.00482109
2162	-0.00312003
2163	0.00225981
2164	-0.00864762
2165	0.00275663
2166	0.00271381
2167	0.00086138
2168	0.00244660
2169	-0.00239046
2170	-0.00618315
2171	0.00042434
2172	-0.00411879
2173	-0.00337673
2174	0.00248327
2175	-0.00007559
2176	0.00179401
2177	0.00061035
2178	-0.00657412
2179	-0.00111127
2180	0.00003476
2181	-0.00850644
2182	0.00300878
2183	0.00295152
2184	0.00166007
2185	0.00377849
2186	-0.00536171
2187	-0.00407258
2188	0.00089360
2189	-0.00855200
2190	0.00181422
2191	0.00254249
2192	-0.00051933
2193	0.00166850
2194	-0.00161140
2195	-0.00767953
2196	-0.00001548
2197	-0.00464953
2198	-0.00436297
2199	0.00280303
2200	0.00087795
2201	0.00225129
2202	0.00095983
2203	-0.00719286
2204	-0.00196416
2205	-0.00028061
2206	-0.00855011
2207	0.00231720
2208	0.00198075
2209	0.00170935
2210	0.00187030
2211	-0.00427865
2212	-0.00311119
2213	0.00258706
2214	-0.00809401
2215	0.00195037
2216	0.00269207
2217	0.00107743
2218	0.00369262
2219	-0.00087463
2220	-0.00587294
2221	0.00079400
2222	-0.00340495
2223	-0.00198927
2224	0.00205592
2225	0.00095004
2226	0.00240965
2227	0.00069673
2228	-0.00636819
2229	-0.00068253
2230	0.00057361
2231	-0.00884583
2232	0.00312221
2233	0.00293199
2234	0.00190149
2235	0.00294712
2236	-0.00515425
2237	-0.00397654
2238	0.00059842
2239	-0.00891250
2240	0.00142243
2241	0.00213552
2242	0.00138547
2243	-0.00239461
2244	-0.00148390
2245	-0.00625818
2246	0.00062570
2247	-0.00321641
2248	-0.00341563
2249	0.00329942
2250	0.00070660
2251	0.00181186
2252	0.00171452
2253	-0.00611272
2254	-0.00190252
2255	0.00038650
2256	-0.00846805
2257	0.00330913
2258	0.00269354
2259	0.00149619
2260	0.00231373
2261	-0.00460010
2262	-0.00284959
2263	0.00179198
2264	-0.00756522
2265	0.00115055
2266	0.00313865
2267	0.00164251
2268	0.00366698
2269	-0.00078983
2270	-0.00525063
2271	-0.00003273
2272	-0.00416793
2273	-0.00286913
2274	0.00304889
2275	0.00165119
2276	0.00253974
2277	0.00092723
2278	-0.00585697
2279	-0.00037438
2280	0.00110123
2281	-0.00871339
2282	0.00449027
2283	0.00295410
2284	0.00189896
2285	0.00322990
2286	-0.00390469
2287	-0.00324783
2288	0.00113466
2289	-0.00772657
2290	0.00226150
2291	0.00033727
2292	0.00110463
2293	0.00209030
2294	-0.00095599
2295	-0.00620056
2296	0.00096439
2297	-0.00368457
2298	-0.00309737
2299	0.00380997
2300	0.00129904
2301	0.00132410
2302	0.00162852
2303	-0.00602382
2304	-0.00140927
2305	0.00081147
2306	-0.00799045
2307	0.00350360
2308	0.00217424
2309	0.00104124
2310	0.00207497
2311	-0.00354812
2312	-0.00301526
2313	0.00274356
2314	-0.00776824
2315	0.00190878
2316	0.00389384
2317	0.00210154
2318	0.00354860
2319	-0.00059205
2320	-0.00479314
2321	0.00054856
2322	-0.00266849
2323	-0.00327266
2324	0.00313697
2325	0.00205391
2326	0.00166556
2327	0.00138945
2328	-0.00573112
2329	0.00025143
2330	0.00144796
2331	-0.00833411
2332	0.00380622
2333	0.00295499
2334	0.00229646
2335	0.00304029
2336	-0.00415594
2337	-0.00433090
2338	0.00100705
2339	-0.01272925
2340	0.00066555
2341	0.00270159
2342	0.00003942
2343	0.00271314
2344	-0.00101645
2345	-0.00605120
2346	0.00095097
2347	-0.00250718
2348	-0.00361894
2349	0.00338526
2350	0.00222442
2351	0.00242294
2352	0.00178331
2353	-0.00603003
2354	-0.00170257
2355	0.00017893
2356	-0.00871457
2357	0.00279142
2358	0.00195945
2359	0.00057900
2360	0.00191618
2361	-0.00433183
2362	-0.00433713
2363	0.00211793
2364	-0.00749023
2365	0.00138108
2366	0.00328965
2367	0.00126958
2368	0.00077158
2369	-0.00051338
2370	-0.00632770
2371	0.00060051
2372	-0.00228938
2373	-0.00358248
2374	0.00294184
2375	0.00089252
2376	0.00230149
2377	0.00144034
2378	-0.00605035
2379	-0.00102569
2380	0.00104017
2381	-0.00835682
2382	0.00339370
2383	0.00313984
2384	0.00152877
2385	0.00294765
2386	-0.00390052
2387	0.00441325
2388	0.00116498
2389	-0.00751333
2390	0.00160562
2391	0.00230784
2392	0.00088652
2393	0.00161194
2394	-0.00089747
2395	-0.00679401
2396	-0.00020817
2397	-0.00229281
2398	-0.00459212
2399	0.00268132
2400	0.00033178
2401	0.00176119
2402	0.00100058
2403	-0.00614012
2404	-0.00187315
2405	0.00051706
2406	-0.00957371
2407	0.00314368
2408	0.00212194
2409	0.00074561
2410	0.00177540
2411	-0.00381648
2412	-0.00392078
2413	0.00232828
2414	-0.00762687
2415	0.00168362
2416	0.00011069
2417	0.00146182
2418	0.00263491
2419	-0.00102372
2420	-0.00684421
2421	-0.00036361
2422	-0.00305871
2423	-0.00472333
2424	0.00279086
2425	0.00098992
2426	0.00047822
2427	0.00100703
2428	-0.00656479
2429	-0.00140725
2430	0.00091941
2431	-0.00916165
2432	0.00283773
2433	0.00208158
2434	0.00071188
2435	-0.00333875
2436	-0.00418388
2437	-0.00462401
2438	0.00065614
2439	-0.00807696
2440	0.00000078
2441	0.00210113
2442	-0.00022969
2443	0.00130034
2444	-0.00149964
2445	-0.00639962
2446	-0.00011220
2447	-0.00310651
2448	-0.00485731
2449	0.00283038
2450	0.00155000
2451	0.00175740
2452	0.00129125
2453	-0.00613463
2454	-0.00271350
2455	0.00078179
2456	-0.00990887
2457	0.00188046
2458	0.00195429
2459	0.00017628
2460	0.00145381
2461	-0.00504796
2462	-0.00572635
2463	0.00137955
2464	-0.00475845
2465	-0.00043916
2466	0.00213809
2467	-0.00001430
2468	0.00229431
2469	-0.00109451
2470	-0.00708953
2471	-0.00091212
2472	-0.00388018
2473	-0.00550305
2474	0.00329968
2475	0.00059756
2476	0.00174483
2477	0.00069087
2478	-0.00632893
2479	-0.00148439
2480	0.00073837
2481	-0.00949165
2482	0.00260364
2483	-0.00098054
2484	0.00098272
2485	0.00289891
2486	-0.00440610
2487	-0.00500413
2488	0.00090602
2489	-0.00792904
2490	-0.00039845
2491	0.00201237
2492	-0.00076319
2493	0.00103123
2494	-0.00126712
2495	-0.00710253
2496	-0.00018497
2497	-0.00398830
2498	-0.00601706
2499	0.00250221
2500	0.00084142
2501	-0.00068480
2502	0.00102892
2503	-0.00755361
2504	-0.00296212
2505	0.00022492
2506	-0.01028717
2507	0.00228664
2508	0.00139261
2509	-0.00050479
2510	0.00144672
2511	-0.00488628
2512	-0.00739988
2513	0.00118717
2514	-0.00785463
2515	-0.00010628
2516	0.00215521
2517	-0.00022187
2518	0.00199895
2519	-0.00126839
2520	-0.00770321
2521	-0.00120085
2522	-0.00248927
2523	-0.00540188
2524	0.00193001
2525	0.00029340
2526	0.00050925
2527	-0.00022003
2528	-0.00779449
2529	-0.00244027
2530	-0.00033336
2531	-0.01412034
2532	0.00227100
2533	0.00172786
2534	-0.00013625
2535	0.00138864
2536	-0.00497474
2537	-0.00589762
2538	0.00021668
2539	-0.00845317
2540	-0.00032039
2541	0.00375075
2542	-0.00078582
2543	0.00098160
2544	-0.00112459
2545	-0.00772150
2546	-0.00032404
2547	-0.00300381
2548	-0.00689519
2549	0.00276947
2550	0.00102390
2551	0.00179502
2552	0.00107030
2553	-0.00682101
2554	-0.00362053
2555	-0.00010345
2556	-0.01054846
2557	0.00167921
2558	0.00068448
2559	-0.00091541
2560	-0.00161282
2561	-0.00488466
2562	-0.00554545
2563	0.00109264
2564	-0.00790045
2565	-0.00137488
2566	0.00165749
2567	0.00000499
2568	0.00225383
2569	-0.00113647
2570	-0.00855555
2571	-0.00193658
2572	-0.00309049
2573	-0.00633176
2574	0.00209018
2575	0.00069568
2576	0.00027578
2577	0.00027971
2578	-0.00778395
2579	-0.00340643
2580	0.00052195
2581	-0.01056149
2582	0.00241488
2583	0.00195314
2584	0.00045693
2585	0.00166060
2586	-0.00476107
2587	-0.00590447
2588	0.00009862
2589	-0.00643614
2590	-0.00167718
2591	0.00120494
2592	-0.00077232
2593	0.00100709
2594	-0.00163100
2595	-0.00748853
2596	-0.00008008
2597	-0.00075493
2598	-0.00705996
2599	0.00334690
2600	0.00048148
2601	0.00136015
2602	0.00161479
2603	-0.00678557
2604	-0.00351747
2605	0.00016389
2606	-0.00994909
2607	0.00197608
2608	-0.00177823
2609	-0.00083773
2610	0.00008231
2611	-0.00520460
2612	-0.00594604
2613	0.00044892
2614	-0.00823537
2615	-0.00261650
2616	0.00136763
2617	0.00001606
2618	0.00268488
2619	-0.00153327
2620	-0.00828808
2621	-0.00101827
2622	-0.00308700
2623	-0.00601520
2624	0.00217831
2625	0.00080544
2626	0.00139361
2627	0.00611903
2628	-0.00664056
2629	-0.00377122
2630	0.00012695
2631	-0.01054014
2632	0.00215808
2633	0.00120688
2634	-0.00020573
2635	0.00169696
2636	-0.00504913
2637	-0.00889559
2638	-0.00047915
2639	-0.00778486
2640	-0.00168226
2641	0.00146599
2642	-0.00150475
2643	0.00126555
2644	-0.00098835
2645	-0.00686559
2646	-0.00014030
2647	-0.00316472
2648	-0.00698153
2649	0.00210043
2650	0.00080586
2651	0.00077595
2652	0.00063878
2653	-0.00704121
2654	-0.00369692
2655	-0.00048312
2656	-0.01145237
2657	0.00170392
2658	0.00114822
2659	-0.00077832
2660	0.00005026
2661	-0.00420175
2662	-0.00645496
2663	0.00058756
2664	-0.00796248
2665	-0.00175413
2666	0.00089424
2667	0.00002673
2668	0.00143824
2669	-0.00135212
2670	-0.00817066
2671	-0.00196650
2672	-0.00349689
2673	-0.00748449
2674	0.00249846
2675	0.00063836
2676	0.00103067
2677	0.00014399
2678	-0.00699606
2679	-0.00263331
2680	0.00049135
2681	-0.01033404
2682	0.00221369
2683	0.00235738
2684	0.00090792
2685	0.00203369
2686	-0.00340690
2687	-0.00649237
2688	-0.00035545
2689	-0.00727388
2690	-0.00195360
2691	0.00126626
2692	-0.00109326
2693	-0.00050907
2694	-0.00134468
2695	-0.00801862
2696	-0.00136805
2697	-0.00241847
2698	-0.00730202
2699	0.00275694
2700	0.00154734
2701	0.00149252
2702	0.00145381
2703	-0.00668914
2704	0.00488215
2705	0.00101553
2706	-0.01007494
2707	0.00192634
2708	0.00200588
2709	0.00067136
2710	0.00163674
2711	-0.00349062
2712	-0.00563712
2713	0.00034865
2714	-0.00892364
2715	-0.00205400
2716	0.00219577
2717	0.00070184
2718	0.00148459
2719	-0.00136677
2720	-0.00792307
2721	-0.00201388
2722	-0.00164680
2723	-0.00997151
2724	0.00145148
2725	0.00040237
2726	0.00110639
2727	0.00042170
2728	-0.00644630
2729	-0.00287476
2730	0.00048369
2731	-0.01013539
2732	0.00212968
2733	0.00218624
2734	0.00016300
2735	0.00269013
2736	-0.00353142
2737	-0.00590896
2738	0.00008532
2739	-0.00648042
2740	-0.00142400
2741	0.00195897
2742	-0.00038232
2743	0.00098731
2744	-0.00035418
2745	-0.00714103
2746	-0.00017731
2747	-0.00123592
2748	-0.00663900
2749	0.00324207
2750	0.00163378
2751	0.00158207
2752	0.00473763
2753	-0.00565726
2754	-0.00338659
2755	0.00022676
2756	-0.01003089
2757	0.00167185
2758	0.00172025
2759	0.00012533
2760	0.00134190
2761	-0.00346058
2762	-0.00417205
2763	0.00122244
2764	-0.00632342
2765	-0.00182314
2766	0.00266916
2767	0.00130090
2768	0.00274874
2769	-0.00013088
2770	-0.00731645
2771	-0.00122133
2772	-0.00190458
2773	-0.00758099
2774	0.00229046
2775	0.00057100
2776	0.00073763
2777	0.00057896
2778	-0.00621918
2779	-0.00314678
2780	0.00085178
2781	-0.00741713
2782	0.00189355
2783	0.00253966
2784	0.00104195
2785	0.00255883
2786	-0.00285031
2787	-0.00532012
2788	0.00065897
2789	-0.00529685
2790	-0.00156244
2791	0.00148846
2792	0.00097501
2793	0.00176020
2794	-0.00003761
2795	-0.00721589
2796	0.00012994
2797	-0.00104470
2798	-0.00721025
2799	0.00296414
2800	0.00031600
2801	0.00148934
2802	0.00163730
2803	-0.00609420
2804	-0.00328232
2805	0.00105186
2806	-0.00960024
2807	0.00291328
2808	0.00280786
2809	0.00173756
2810	0.00209537
2811	-0.00258701
2812	-0.00518331
2813	0.00155722
2814	-0.00590900
2815	-0.00188835
2816	0.00316757
2817	0.00044794
2818	0.00383548
2819	0.00053655
2820	-0.00699321
2821	-0.00081700
2822	-0.00182825
2823	-0.00699778
2824	0.00240946
2825	0.00113169
2826	0.00106606
2827	0.00104297
2828	-0.00492881
2829	-0.00113557
2830	0.00173803
2831	-0.00919822
2832	0.00293779
2833	0.00264256
2834	0.00079399
2835	0.00254721
2836	-0.00313295
2837	-0.00554587
2838	0.00009831
2839	-0.00630089
2840	-0.00210717
2841	0.00272212
2842	0.00033447
2843	0.00188840
2844	-0.00008460
2845	-0.00633870
2846	0.00020401
2847	-0.00052834
2848	-0.00691856
2849	0.00385790
2850	0.00263830
2851	0.00205333
2852	0.00261254
2853	-0.00551658
2854	-0.00344424
2855	0.00170143
2856	-0.00924467
2857	0.00240933
2858	0.00153671
2859	0.00068090
2860	0.00131989
2861	-0.00310798
2862	-0.00572815
2863	0.00120829
2864	-0.00575305
2865	-0.00241478
2866	0.00375914
2867	0.00059145
2868	0.00191132
2869	-0.00011961
2870	-0.00742042
2871	-0.00054811
2872	-0.00097929
2873	-0.00678066
2874	0.00264162
2875	0.00188398
2876	0.00044612
2877	0.00071101
2878	-0.00539406
2879	-0.00363292
2880	0.00134460
2881	-0.00996087
2882	0.00142982
2883	0.00238869
2884	0.00032577
2885	0.00200066
2886	-0.00271446
2887	-0.00637302
2888	-0.00031957
2889	-0.00637113
2890	-0.00301605
2891	0.00202191
2892	0.00023681
2893	0.00158882
2894	-0.00038013
2895	-0.00619130
2896	-0.00414395
2897	-0.00066518
2898	-0.00721541
2899	0.00342610
2900	0.00186977
2901	0.00186303
2902	0.00256606
2903	-0.00531819
2904	-0.00293972
2905	0.00111908
2906	-0.00693815
2907	0.00193780
2908	0.00239713
2909	0.00033387
2910	0.00130568
2911	-0.00243184
2912	-0.00578115
2913	0.00143679
2914	-0.00330697
2915	-0.00167179
2916	0.00268391
2917	0.00183831
2918	0.00224106
2919	0.00040242
2920	-0.00707971
2921	-0.00109624
2922	-0.00063148
2923	-0.00752710
2924	0.00252656
2925	-0.00037462
2926	0.00105309
2927	0.00106043
2928	-0.00607408
2929	-0.00386975
2930	0.00158769
2931	-0.00912935
2932	0.00247025
2933	0.00282859
2934	0.00091436
2935	0.00347136
2936	-0.00258379
2937	-0.00569984
2938	0.00025155
2939	-0.00473923
2940	-0.00296612
2941	0.00270269
2942	0.00079226
2943	0.00250872
2944	-0.00234754
2945	-0.00700729
2946	-0.00066237
2947	-0.00076138
2948	-0.00822147
2949	0.00272151
2950	0.00145892
2951	0.00136348
2952	0.00173723
2953	-0.00604819
2954	-0.00491292
2955	0.00061720
2956	-0.00874072
2957	0.00218914
2958	0.00292777
2959	0.00089416
2960	0.00253255
2961	-0.00149833
2962	-0.00509546
2963	0.00245086
2964	-0.00363582
2965	-0.00229684
2966	0.00333387
2967	0.00184656
2968	0.00232443
2969	0.00046058
2970	-0.00649826
2971	-0.00130331
2972	-0.00055081
2973	-0.00582554
2974	0.00285883
2975	0.00178975
2976	0.00099990
2977	0.00125191
2978	-0.00468641
2979	-0.00309677
2980	0.00205244
2981	-0.00838463
2982	0.00242894
2983	0.00412216
2984	0.00147985
2985	0.00280220
2986	-0.00243856
2987	-0.00639698
2988	-0.00005712
2989	-0.00452338
2990	-0.00253480
2991	0.00227839
2992	0.00130137
2993	0.00210852
2994	0.00003875
2995	-0.00715758
2996	-0.00123205
2997	-0.00011784
2998	-0.00799939
2999	0.00344607
3000	0.00260156